example data/fromGithub/from cmunozmas_plot_raw_ctd/dradmed_05.cnv
* Sea-Bird SBE 9 Data File:
* FileName = C:\OCEANO\CTD\DATOS\2019-02_SOCIB CanalesWinter19\RADMED_05.hex
* Software Version Seasave V 7.26.7.121
* Temperature SN = 5391
* Conductivity SN = 3718
* Number of Bytes Per Scan = 40
* Number of Voltage Words = 5
* Number of Scans Averaged by the Deck Unit = 1
* NMEA Latitude = 39 19.40 N
* NMEA Longitude = 002 04.00 E
* NMEA UTC (Time) = Mar 05 2019  11:19:14
* NMEA baud rate = 4800
** Ship:B/O SOCIB
** Cruise: SOCIB-Canales Winter19
** Station: RADMED_ 05
** Date:  2019/02/19
** Time (UTC):  11:20
** Bottom Depth (m):  477
** Operator: PBH NCW
# nquan = 34
# nvalues = 95                          
# units = specified
# name 0 = latitude: Latitude [deg]
# name 1 = longitude: Longitude [deg]
# name 2 = depSM: Depth [salt water, m]
# name 3 = prDM: Pressure, Digiquartz [db]
# name 4 = t090C: Temperature [ITS-90, deg C]
# name 5 = t190C: Temperature, 2 [ITS-90, deg C]
# name 6 = T2-T190C: Temperature Difference, 2 - 1 [ITS-90, deg C]
# name 7 = c0mS/cm: Conductivity [mS/cm]
# name 8 = c1mS/cm: Conductivity, 2 [mS/cm]
# name 9 = C2-C1mS/cm: Conductivity Difference, 2 - 1 [mS/cm]
# name 10 = sal00: Salinity, Practical [PSU]
# name 11 = sal11: Salinity, Practical, 2 [PSU]
# name 12 = secS-priS: Salinity, Practical, Difference, 2 - 1 [PSU]
# name 13 = density00: Density [density, kg/m^3]
# name 14 = density11: Density, 2 [density, kg/m^3]
# name 15 = D2-D1,d: Density Difference, 2 - 1 [density, kg/m^3]
# name 16 = sbeox0Mg/L: Oxygen, SBE 43 [mg/l]
# name 17 = spar: SPAR/Surface Irradiance
# name 18 = par: PAR/Irradiance, Biospherical/Licor
# name 19 = CStarAt0: Beam Attenuation, WET Labs C-Star [1/m]
# name 20 = flSP: Fluorescence, Seapoint
# name 21 = seaTurbMtr: Turbidity, Seapoint [FTU]
# name 22 = depSM: Depth [salt water, m], lat = 39.3233
# name 23 = sal00: Salinity, Practical [PSU]
# name 24 = sal11: Salinity, Practical, 2 [PSU]
# name 25 = secS-priS: Salinity, Practical, Difference, 2 - 1 [PSU]
# name 26 = density00: Density [density, kg/m^3]
# name 27 = sigma-é00: Density [sigma-theta, kg/m^3]
# name 28 = density11: Density, 2 [density, kg/m^3]
# name 29 = sigma-é11: Density, 2 [sigma-theta, kg/m^3]
# name 30 = D2-D1,d: Density Difference, 2 - 1 [density, kg/m^3]
# name 31 = D2-D1: Density Difference, 2 - 1 [sigma-theta, kg/m^3]
# name 32 = nbin: number of scans per bin
# name 33 = flag: flag
# span 0 =   39.32350,   39.32366       
# span 1 =    2.06601,    2.06668       
# span 2 =      4.963,    470.869       
# span 3 =      5.000,    475.000       
# span 4 =    13.3362,    14.9253       
# span 5 =    13.3363,    14.9251       
# span 6 =    -0.0037,     0.0065       
# span 7 =  44.854805,  45.907058       
# span 8 =  44.858948,  45.911069       
# span 9 =  -0.001168,   0.010735       
# span 10 =    37.8151,    38.5633      
# span 11 =    37.8189,    38.5674      
# span 12 =     0.0025,     0.0042      
# span 13 =  1028.1833,  1031.1671      
# span 14 =  1028.1863,  1031.1701      
# span 15 =     0.0014,     0.0034      
# span 16 =     5.2882,     7.7706      
# span 17 = 4.6171e+02, 6.6583e+02      
# span 18 = -3.100e-05, 1.9486e+02      
# span 19 =     0.2099,     0.3231      
# span 20 = 3.7393e-02, 7.3729e-01      
# span 21 =      4.705,     19.011      
# span 22 =      4.962,    470.849      
# span 23 =    37.8144,    38.5632      
# span 24 =    37.8183,    38.5673      
# span 25 =     0.0025,     0.0042      
# span 26 =  1028.1827,  1031.1668      
# span 27 =    28.1608,    29.0822      
# span 28 =  1028.1858,  1031.1698      
# span 29 =    28.1639,    29.0853      
# span 30 =     0.0014,     0.0034      
# span 31 =     0.0014,     0.0034      
# span 32 =         35,        194      
# span 33 = 0.0000e+00, 0.0000e+00      
# interval = decibars: 5                
# start_time = Mar 05 2019 11:19:14 [NMEA time, header]
# bad_flag = -9.990e-29
*END*
   39.32364    2.06668      4.963      5.000    14.9253    14.9251    -0.0002  45.907058  45.911069   0.003984    37.8151    37.8189     0.0039  1028.1833  1028.1863     0.0031     7.7400 6.6583e+02 1.9486e+02     0.3072 1.6998e-01      9.669      4.962    37.8144    37.8183     0.0039  1028.1827    28.1608  1028.1858    28.1639     0.0031     0.0031        117 0.0000e+00
   39.32364    2.06664      9.924     10.000    14.9090    14.9095     0.0004  45.893367  45.898001   0.004618    37.8157    37.8196     0.0038  1028.2095  1028.2124     0.0029     7.7260 6.5804e+02 1.3774e+02     0.3104 1.9432e-01      9.671      9.924    37.8154    37.8192     0.0038  1028.2093    28.1654  1028.2121    28.1683     0.0029     0.0029        194 0.0000e+00
   39.32362    2.06661     14.886     15.000    14.8835    14.8846     0.0007  45.884059  45.889283   0.005207    37.8299    37.8338     0.0038  1028.2483  1028.2510     0.0027     7.7252 6.5273e+02 1.1023e+02     0.3106 2.0517e-01      9.878     14.885    37.8294    37.8332     0.0038  1028.2479    28.1821  1028.2506    28.1848     0.0027     0.0027        174 0.0000e+00
   39.32361    2.06658     19.847     20.000    14.7258    14.7270     0.0012  45.875071  45.879053   0.003983    37.9758    37.9783     0.0025  1028.4184  1028.4200     0.0017     7.7595 6.4728e+02 8.5295e+01     0.3079 2.3835e-01     11.492     19.847    37.9729    37.9754     0.0025  1028.4161    28.3283  1028.4178    28.3300     0.0017     0.0017        172 0.0000e+00
   39.32360    2.06655     24.807     25.000    14.5933    14.5950     0.0016  45.799654  45.805528   0.005864    38.0334    38.0372     0.0038  1028.5144  1028.5170     0.0026     7.7575 6.4177e+02 6.2802e+01     0.3126 3.1407e-01     13.834     24.808    38.0304    38.0342     0.0038  1028.5122    28.4024  1028.5147    28.4050     0.0026     0.0026        159 0.0000e+00
   39.32360    2.06654     29.768     30.000    14.3108    14.3146     0.0037  45.449047  45.457259   0.008168    37.9851    37.9890     0.0039  1028.5615  1028.5637     0.0022     7.7706 6.3766e+02 4.4319e+01     0.3231 4.0189e-01     13.339     29.770    37.9780    37.9820     0.0039  1028.5560    28.4241  1028.5582    28.4263     0.0022     0.0022        138 0.0000e+00
   39.32358    2.06653     34.731     35.000    14.1097    14.1097     0.0003  45.211042  45.214865   0.003883    37.9567    37.9604     0.0037  1028.6057  1028.6086     0.0029     7.7643 6.3437e+02 3.1188e+01     0.2976 4.0801e-01     10.410     34.731    37.9506    37.9543     0.0037  1028.6010    28.4471  1028.6039    28.4499     0.0028     0.0028        125 0.0000e+00
   39.32358    2.06652     39.692     40.000    14.2223    14.2228     0.0006  45.383471  45.388499   0.005038    38.0023    38.0064     0.0041  1028.6390  1028.6420     0.0030     7.7020 6.3022e+02 2.2303e+01     0.3006 4.7690e-01     12.754     39.692    38.0017    38.0058     0.0041  1028.6377    28.4622  1028.6408    28.4652     0.0030     0.0030        124 0.0000e+00
   39.32358    2.06652     44.653     45.000    14.1389    14.1398     0.0009  45.290572  45.295870   0.005300    37.9945    37.9986     0.0041  1028.6729  1028.6759     0.0030     7.6758 6.2678e+02 1.5740e+01     0.3065 6.4440e-01     13.210     44.653    37.9922    37.9964     0.0041  1028.6711    28.4732  1028.6742    28.4762     0.0030     0.0030        116 0.0000e+00
   39.32358    2.06652     49.614     50.000    14.0797    14.0806     0.0009  45.232472  45.237633   0.005162    37.9961    38.0002     0.0040  1028.7092  1028.7121     0.0029     7.5397 6.2375e+02 1.0779e+01     0.3104 7.3126e-01     13.046     49.614    37.9938    37.9978     0.0040  1028.7074    28.4874  1028.7103    28.4903     0.0029     0.0029        108 0.0000e+00
   39.32357    2.06652     54.569     55.000    14.0489    14.0492     0.0004  45.217385  45.222078   0.004703    38.0094    38.0135     0.0041  1028.7483  1028.7514     0.0031     7.4480 6.1715e+02 7.3473e+00     0.2986 7.3729e-01      9.900     54.575    38.0079    38.0120     0.0041  1028.7471    28.5052  1028.7502    28.5082     0.0031     0.0031        102 0.0000e+00
   39.32356    2.06651     59.538     60.000    14.0495    14.0499     0.0004  45.244630  45.249227   0.004602    38.0316    38.0356     0.0040  1028.7876  1028.7906     0.0030     7.3656 6.1626e+02 5.2372e+00     0.2696 5.0788e-01      6.592     59.535    38.0307    38.0347     0.0040  1028.7868    28.5228  1028.7898    28.5259     0.0030     0.0030        122 0.0000e+00
   39.32356    2.06650     64.498     65.000    14.1317    14.1322     0.0005  45.370640  45.375676   0.005033    38.0645    38.0687     0.0042  1028.8171  1028.8203     0.0031     7.3233 6.1041e+02 3.9188e+00     0.2486 2.6341e-01      5.853     64.496    38.0659    38.0701     0.0042  1028.8183    28.5324  1028.8214    28.5356     0.0031     0.0031        118 0.0000e+00
   39.32356    2.06650     69.456     70.000    14.0795    14.0804     0.0009  45.319211  45.324390   0.005174    38.0677    38.0717     0.0040  1028.8532  1028.8561     0.0029     7.3547 6.0817e+02 3.0105e+00     0.2330 1.7354e-01      5.016     69.456    38.0669    38.0709     0.0040  1028.8526    28.5447  1028.8555    28.5476     0.0029     0.0029        109 0.0000e+00
   39.32355    2.06650     74.419     75.000    14.1509    14.1501    -0.0009  45.436737  45.439880   0.003176    38.1032    38.1071     0.0038  1028.8872  1028.8904     0.0032     7.3050 6.0388e+02 2.3440e+00     0.2273 1.7825e-01      5.149     74.416    38.1046    38.1084     0.0038  1028.8882    28.5585  1028.8914    28.5617     0.0032     0.0032        117 0.0000e+00
   39.32354    2.06649     79.375     80.000    14.1875    14.1887     0.0012  45.502478  45.507866   0.005362    38.1268    38.1307     0.0039  1028.9194  1028.9222     0.0028     7.2727 5.9732e+02 1.8255e+00     0.2319 1.6233e-01      5.893     79.377    38.1280    38.1319     0.0039  1028.9204    28.5688  1028.9231    28.5715     0.0028     0.0028        115 0.0000e+00
   39.32354    2.06648     84.336     85.000    14.0764    14.0758    -0.0005  45.369186  45.372454   0.003298    38.1121    38.1157     0.0036  1028.9547  1028.9576     0.0029     7.2209 5.9457e+02 1.4081e+00     0.2306 1.4400e-01      5.340     84.337    38.1104    38.1141     0.0036  1028.9533    28.5795  1028.9562    28.5825     0.0029     0.0029        107 0.0000e+00
   39.32352    2.06647     89.296     90.000    14.2385    14.2349    -0.0037  45.612239  45.611083  -0.001168    38.1739    38.1765     0.0026  1028.9889  1028.9917     0.0028     7.1080 5.8880e+02 1.1005e+00     0.2311 1.2237e-01      6.312     89.296    38.1763    38.1788     0.0026  1028.9908    28.5954  1028.9935    28.5981     0.0028     0.0028        125 0.0000e+00
   39.32352    2.06646     94.256     95.000    14.2244    14.2246     0.0002  45.610618  45.614988   0.004304    38.1858    38.1897     0.0039  1029.0234  1029.0264     0.0029     7.0966 5.8419e+02 8.6713e-01     0.2303 1.0851e-01      5.574     94.256    38.1865    38.1904     0.0038  1029.0239    28.6066  1029.0269    28.6095     0.0029     0.0029        133 0.0000e+00
   39.32350    2.06644     99.219    100.000    14.2327    14.2332     0.0005  45.637276  45.642056   0.004744    38.2006    38.2046     0.0039  1029.0552  1029.0581     0.0029     7.3412 5.7878e+02 6.7884e-01     0.2319 1.5491e-01      7.961     99.216    38.2011    38.2051     0.0039  1029.0555    28.6162  1029.0585    28.6192     0.0029     0.0029        120 0.0000e+00
   39.32350    2.06643    104.173    105.000    14.2141    14.2148     0.0007  45.624432  45.629294   0.004844    38.2054    38.2093     0.0039  1029.0851  1029.0879     0.0028     7.3521 5.7273e+02 5.1736e-01     0.2443 1.7525e-01      8.697    104.175    38.2053    38.2092     0.0039  1029.0850    28.6237  1029.0878    28.6266     0.0028     0.0028        144 0.0000e+00
   39.32350    2.06642    109.134    110.000    14.1368    14.1378     0.0010  45.554511  45.559521   0.004996    38.2156    38.2193     0.0037  1029.1320  1029.1346     0.0027     7.2686 5.6824e+02 3.8787e-01     0.2467 2.1425e-01      8.318    109.135    38.2140    38.2177     0.0037  1029.1307    28.6474  1029.1334    28.6500     0.0026     0.0026        124 0.0000e+00
   39.32350    2.06641    114.093    115.000    14.0821    14.0826     0.0005  45.506855  45.511472   0.004621    38.2228    38.2267     0.0039  1029.1717  1029.1746     0.0029     7.2290 5.6256e+02 2.8729e-01     0.2478 2.2807e-01      8.460    114.094    38.2212    38.2251     0.0039  1029.1704    28.6650  1029.1734    28.6679     0.0029     0.0029        154 0.0000e+00
   39.32350    2.06640    119.051    120.000    14.0546    14.0558     0.0011  45.487877  45.492976   0.005089    38.2295    38.2332     0.0037  1029.2050  1029.2076     0.0026     7.2002 5.5402e+02 2.0565e-01     0.2498 2.3849e-01      9.132    119.053    38.2284    38.2321     0.0037  1029.2041    28.6767  1029.2067    28.6793     0.0026     0.0026         87 0.0000e+00
   39.32350    2.06640    124.015    125.000    13.9598    13.9666     0.0065  45.404392  45.415171   0.010735    38.2442    38.2478     0.0036  1029.2592  1029.2606     0.0014     7.2669 5.5113e+02 1.4936e-01     0.2589 2.7617e-01     11.795    124.012    38.2417    38.2451     0.0036  1029.2573    28.7077  1029.2585    28.7089     0.0014     0.0014        113 0.0000e+00
   39.32350    2.06639    128.972    130.000    13.8868    13.8872     0.0005  45.336352  45.341033   0.004785    38.2504    38.2544     0.0040  1029.3021  1029.3051     0.0030     7.2485 5.4681e+02 1.0262e-01     0.2584 2.6040e-01      9.707    128.971    38.2478    38.2519     0.0040  1029.3000    28.7284  1029.3031    28.7314     0.0030     0.0030        117 0.0000e+00
   39.32350    2.06638    133.930    135.000    13.8320    13.8318     0.0002  45.286243  45.290349   0.004161    38.2550    38.2591     0.0041  1029.3396  1029.3428     0.0032     7.2627 5.4110e+02 6.3390e-02     0.2512 2.1012e-01      8.803    133.930    38.2529    38.2569     0.0041  1029.3380    28.7442  1029.3411    28.7474     0.0032     0.0032        146 0.0000e+00
   39.32350    2.06638    138.890    140.000    13.7647    13.7652     0.0005  45.228527  45.233265   0.004745    38.2652    38.2692     0.0040  1029.3842  1029.3873     0.0030     7.2847 5.3573e+02 3.9086e-02     0.2464 2.0586e-01      8.363    138.889    38.2631    38.2671     0.0040  1029.3826    28.7667  1029.3856    28.7697     0.0030     0.0030        132 0.0000e+00
   39.32350    2.06638    143.846    145.000    13.7507    13.7511     0.0004  45.227693  45.232452   0.004762    38.2752    38.2793     0.0041  1029.4171  1029.4202     0.0031     7.2225 5.3017e+02 2.2072e-02     0.2445 1.6327e-01      7.164    143.847    38.2741    38.2782     0.0041  1029.4162    28.7783  1029.4194    28.7815     0.0031     0.0031        137 0.0000e+00
   39.32350    2.06637    148.807    150.000    13.7421    13.7427     0.0006  45.228299  45.233180   0.004879    38.2817    38.2857     0.0040  1029.4461  1029.4491     0.0030     7.1787 5.2674e+02 1.2175e-02     0.2430 1.5296e-01      7.954    148.806    38.2810    38.2851     0.0040  1029.4456    28.7857  1029.4486    28.7888     0.0030     0.0030        135 0.0000e+00
   39.32350    2.06636    153.763    155.000    13.6965    13.6975     0.0010  45.194169  45.199421   0.005243    38.2932    38.2972     0.0040  1029.4871  1029.4899     0.0028     7.2056 5.2119e+02 3.3307e-03     0.2429 1.5586e-01      8.301    153.764    38.2920    38.2960     0.0040  1029.4861    28.8041  1029.4890    28.8070     0.0028     0.0028        158 0.0000e+00
   39.32350    2.06636    158.721    160.000    13.6378    13.6385     0.0006  45.135916  45.140786   0.004876    38.2945    38.2986     0.0040  1029.5229  1029.5258     0.0030     7.2981 5.1599e+02 -3.100e-05     0.2439 1.9591e-01      7.729    158.722    38.2930    38.2970     0.0040  1029.5217    28.8176  1029.5247    28.8206     0.0030     0.0030        138 0.0000e+00
   39.32350    2.06636    163.681    165.000    13.5879    13.5882     0.0003  45.082015  45.086428   0.004420    38.2911    38.2950     0.0039  1029.5531  1029.5561     0.0030     7.2885 5.1280e+02 -5.556e-09     0.2457 2.1558e-01      7.388    163.680    38.2895    38.2934     0.0039  1029.5519    28.8257  1029.5549    28.8286     0.0030     0.0030        141 0.0000e+00
   39.32350    2.06636    168.639    170.000    13.5763    13.5772     0.0009  45.074812  45.080133   0.005312    38.2930    38.2971     0.0041  1029.5792  1029.5822     0.0030     7.2588 5.0744e+02 1.0000e-12     0.2409 1.7508e-01      7.057    168.638    38.2920    38.2962     0.0041  1029.5785    28.8302  1029.5815    28.8332     0.0030     0.0030        141 0.0000e+00
   39.32350    2.06635    173.596    175.000    13.5494    13.5499     0.0005  45.047014  45.051809   0.004802    38.2912    38.2953     0.0041  1029.6057  1029.6088     0.0031     7.2694 5.0378e+02 1.0000e-12     0.2376 1.8452e-01      5.856    173.596    38.2902    38.2943     0.0041  1029.6050    28.8347  1029.6081    28.8378     0.0031     0.0031        146 0.0000e+00
   39.32351    2.06634    178.555    180.000    13.5576    13.5576     0.0002  45.062869  45.067060   0.004200    38.2950    38.2990     0.0040  1029.6290  1029.6321     0.0031     7.2914 5.0033e+02 1.0000e-12     0.2351 1.6357e-01      6.785    178.554    38.2949    38.2989     0.0040  1029.6289    28.8367  1029.6320    28.8398     0.0031     0.0031        144 0.0000e+00
   39.32352    2.06634    183.512    185.000    13.5390    13.5395     0.0005  45.044040  45.048819   0.004776    38.2938    38.2978     0.0041  1029.6542  1029.6572     0.0031     7.3086 4.9654e+02 1.0000e-12     0.2326 1.7935e-01      5.886    183.512    38.2933    38.2974     0.0041  1029.6538    28.8396  1029.6569    28.8426     0.0031     0.0031        159 0.0000e+00
   39.32352    2.06634    188.471    190.000    13.5249    13.5264     0.0015  45.030038  45.036048   0.005985    38.2924    38.2966     0.0042  1029.6783  1029.6812     0.0029     7.2813 4.9332e+02 1.0000e-12     0.2341 1.6984e-01      6.918    188.469    38.2919    38.2961     0.0042  1029.6779    28.8416  1029.6808    28.8446     0.0029     0.0029         96 0.0000e+00
   39.32352    2.06634    193.427    195.000    13.5075    13.5080     0.0006  45.013796  45.018591   0.004805    38.2921    38.2961     0.0040  1029.7039  1029.7069     0.0030     7.2667 4.8989e+02 1.0000e-12     0.2341 1.2846e-01      5.269    193.426    38.2916    38.2956     0.0040  1029.7035    28.8452  1029.7065    28.8482     0.0030     0.0030        135 0.0000e+00
   39.32353    2.06632    198.383    200.000    13.4481    13.4494     0.0013  44.941062  44.946502   0.005431    38.2808    38.2848     0.0039  1029.7301  1029.7329     0.0028     7.3827 4.8680e+02 1.0000e-12     0.2281 1.4067e-01      5.026    198.384    38.2795    38.2834     0.0039  1029.7290    28.8485  1029.7318    28.8513     0.0028     0.0028        131 0.0000e+00
   39.32354    2.06632    203.342    205.000    13.4066    13.4074     0.0008  44.891299  44.896381   0.005089    38.2727    38.2767     0.0041  1029.7548  1029.7578     0.0030     7.4353 4.8344e+02 1.0000e-12     0.2278 1.6933e-01      4.705    203.341    38.2713    38.2753     0.0041  1029.7537    28.8511  1029.7567    28.8541     0.0030     0.0030        121 0.0000e+00
   39.32354    2.06632    208.298    210.000    13.4062    13.4066     0.0004  44.894903  44.899635   0.004745    38.2735    38.2776     0.0042  1029.7776  1029.7808     0.0031     7.4014 4.8109e+02 1.0000e-12     0.2274 1.7645e-01      4.894    208.298    38.2729    38.2770     0.0041  1029.7772    28.8526  1029.7803    28.8557     0.0031     0.0031        141 0.0000e+00
