example data/fromGithub/from cmunozmas_plot_raw_ctd/dradmed_07.cnv
* Sea-Bird SBE 9 Data File:
* FileName = C:\OCEANO\CTD\DATOS\2019-02_SOCIB CanalesWinter19\RADMED_07.hex
* Software Version Seasave V 7.26.7.121
* Temperature SN = 5391
* Conductivity SN = 3718
* Number of Bytes Per Scan = 40
* Number of Voltage Words = 5
* Number of Scans Averaged by the Deck Unit = 1
* NMEA Latitude = 39 13.82 N
* NMEA Longitude = 001 53.63 E
* NMEA UTC (Time) = Mar 05 2019  13:10:32
* NMEA baud rate = 4800
** Ship:B/O SOCIB
** Cruise: SOCIB-Canales Winter19
** Station: RADMED_ 07
** Date:  2019/02/19
** Time (UTC):  13:10
** Bottom Depth (m):  671
** Operator: PBH NCW
# nquan = 34
# nvalues = 135                         
# units = specified
# name 0 = latitude: Latitude [deg]
# name 1 = longitude: Longitude [deg]
# name 2 = depSM: Depth [salt water, m]
# name 3 = prDM: Pressure, Digiquartz [db]
# name 4 = t090C: Temperature [ITS-90, deg C]
# name 5 = t190C: Temperature, 2 [ITS-90, deg C]
# name 6 = T2-T190C: Temperature Difference, 2 - 1 [ITS-90, deg C]
# name 7 = c0mS/cm: Conductivity [mS/cm]
# name 8 = c1mS/cm: Conductivity, 2 [mS/cm]
# name 9 = C2-C1mS/cm: Conductivity Difference, 2 - 1 [mS/cm]
# name 10 = sal00: Salinity, Practical [PSU]
# name 11 = sal11: Salinity, Practical, 2 [PSU]
# name 12 = secS-priS: Salinity, Practical, Difference, 2 - 1 [PSU]
# name 13 = density00: Density [density, kg/m^3]
# name 14 = density11: Density, 2 [density, kg/m^3]
# name 15 = D2-D1,d: Density Difference, 2 - 1 [density, kg/m^3]
# name 16 = sbeox0Mg/L: Oxygen, SBE 43 [mg/l]
# name 17 = spar: SPAR/Surface Irradiance
# name 18 = par: PAR/Irradiance, Biospherical/Licor
# name 19 = CStarAt0: Beam Attenuation, WET Labs C-Star [1/m]
# name 20 = flSP: Fluorescence, Seapoint
# name 21 = seaTurbMtr: Turbidity, Seapoint [FTU]
# name 22 = depSM: Depth [salt water, m], lat = 39.2303
# name 23 = sal00: Salinity, Practical [PSU]
# name 24 = sal11: Salinity, Practical, 2 [PSU]
# name 25 = secS-priS: Salinity, Practical, Difference, 2 - 1 [PSU]
# name 26 = density00: Density [density, kg/m^3]
# name 27 = sigma-é00: Density [sigma-theta, kg/m^3]
# name 28 = density11: Density, 2 [density, kg/m^3]
# name 29 = sigma-é11: Density, 2 [sigma-theta, kg/m^3]
# name 30 = D2-D1,d: Density Difference, 2 - 1 [density, kg/m^3]
# name 31 = D2-D1: Density Difference, 2 - 1 [sigma-theta, kg/m^3]
# name 32 = nbin: number of scans per bin
# name 33 = flag: flag
# span 0 =   39.23032,   39.23185       
# span 1 =    1.89468,    1.89720       
# span 2 =      4.963,    668.797       
# span 3 =      5.000,    675.000       
# span 4 =    13.1447,    14.8877       
# span 5 =    13.1449,    14.8875       
# span 6 =    -0.0002,     0.0018       
# span 7 =  45.081789,  46.050678       
# span 8 =  45.086289,  46.054779       
# span 9 =   0.003985,   0.005971       
# span 10 =    37.9848,    38.5565      
# span 11 =    37.9888,    38.5606      
# span 12 =     0.0035,     0.0043      
# span 13 =  1028.3228,  1032.0639      
# span 14 =  1028.3259,  1032.0670      
# span 15 =     0.0023,     0.0032      
# span 16 =     5.3585,     7.7310      
# span 17 = 1.0371e+03, 1.6749e+03      
# span 18 = -4.042e-06, 2.3028e+02      
# span 19 =     0.2143,     0.3819      
# span 20 = 3.6529e-02, 9.2472e-01      
# span 21 =      4.188,     23.306      
# span 22 =      4.962,    668.785      
# span 23 =    37.9840,    38.5563      
# span 24 =    37.9880,    38.5604      
# span 25 =     0.0035,     0.0043      
# span 26 =  1028.3222,  1032.0635      
# span 27 =    28.3003,    29.1039      
# span 28 =  1028.3254,  1032.0667      
# span 29 =    28.3034,    29.1071      
# span 30 =     0.0023,     0.0032      
# span 31 =     0.0023,     0.0032      
# span 32 =         83,        232      
# span 33 = 0.0000e+00, 0.0000e+00      
# interval = decibars: 5                
# start_time = Mar 05 2019 13:10:32 [NMEA time, header]
# bad_flag = -9.990e-29
*END*
   39.23034    1.89468      4.963      5.000    14.8877    14.8875    -0.0002  46.050678  46.054779   0.004095    37.9848    37.9888     0.0040  1028.3228  1028.3259     0.0031     7.7160 1.0371e+03 2.3028e+02     0.3350 2.0145e-01     14.876      4.962    37.9840    37.9880     0.0040  1028.3222    28.3003  1028.3254    28.3034     0.0031     0.0031        129 0.0000e+00
   39.23034    1.89471      9.921     10.000    14.8327    14.8331     0.0004  46.002672  46.007223   0.004543    37.9920    37.9958     0.0038  1028.3628  1028.3657     0.0029     7.7310 1.4097e+03 1.4206e+02     0.3480 2.6740e-01     16.239      9.924    37.9911    37.9950     0.0038  1028.3621    28.3183  1028.3650    28.3211     0.0029     0.0029        164 0.0000e+00
   39.23034    1.89473     14.885     15.000    14.8016    14.8017     0.0002  45.985578  45.989883   0.004305    38.0042    38.0081     0.0038  1028.4013  1028.4042     0.0029     7.7174 1.6429e+03 1.3204e+02     0.3520 3.3840e-01     19.992     14.886    38.0035    38.0074     0.0038  1028.4007    28.3349  1028.4037    28.3379     0.0029     0.0029        167 0.0000e+00
   39.23034    1.89475     19.849     20.000    14.7844    14.7846     0.0002  45.993887  45.998464   0.004576    38.0264    38.0305     0.0040  1028.4444  1028.4475     0.0031     7.6843 1.3205e+03 1.1176e+02     0.3696 5.0766e-01     20.590     19.847    38.0259    38.0299     0.0040  1028.4440    28.3562  1028.4471    28.3593     0.0031     0.0031        152 0.0000e+00
   39.23034    1.89476     24.808     25.000    14.7524    14.7525     0.0001  45.984146  45.988676   0.004531    38.0468    38.0509     0.0041  1028.4894  1028.4925     0.0031     7.6753 1.4016e+03 9.0211e+01     0.3773 6.5697e-01     23.306     24.809    38.0460    38.0500     0.0041  1028.4888    28.3791  1028.4919    28.3822     0.0031     0.0031        146 0.0000e+00
   39.23034    1.89478     29.768     30.000    14.7304    14.7306     0.0002  45.977142  45.981688   0.004545    38.0596    38.0636     0.0040  1028.5263  1028.5294     0.0031     7.6465 1.2806e+03 5.9656e+01     0.3819 8.4343e-01     21.769     29.770    38.0588    38.0629     0.0040  1028.5257    28.3941  1028.5288    28.3971     0.0031     0.0031        141 0.0000e+00
   39.23034    1.89479     34.733     35.000    14.7215    14.7218     0.0003  45.977238  45.982023   0.004784    38.0658    38.0699     0.0042  1028.5551  1028.5583     0.0032     7.6554 1.2478e+03 3.8359e+01     0.3802 8.8698e-01     21.417     34.731    38.0654    38.0697     0.0042  1028.5549    28.4013  1028.5581    28.4045     0.0032     0.0032        110 0.0000e+00
   39.23034    1.89481     39.692     40.000    14.6533    14.6551     0.0018  45.918129  45.923947   0.005786    38.0764    38.0800     0.0036  1028.6006  1028.6030     0.0024     7.5465 1.0687e+03 2.2903e+01     0.3602 8.9651e-01     19.964     39.692    38.0752    38.0789     0.0036  1028.5998    28.4242  1028.6022    28.4267     0.0024     0.0024        146 0.0000e+00
   39.23034    1.89483     44.654     45.000    14.4648    14.4664     0.0016  45.765523  45.770884   0.005357    38.1208    38.1243     0.0035  1028.6991  1028.7015     0.0023     7.3129 1.0977e+03 1.5996e+01     0.3353 9.2472e-01     16.292     44.653    38.1162    38.1197     0.0035  1028.6954    28.4978  1028.6978    28.5002     0.0023     0.0023        121 0.0000e+00
   39.23034    1.89484     49.612     50.000    14.4064    14.4070     0.0006  45.734641  45.739403   0.004778    38.1453    38.1492     0.0039  1028.7529  1028.7558     0.0029     7.2568 1.3322e+03 1.2666e+01     0.3113 8.0628e-01     17.362     49.614    38.1428    38.1466     0.0039  1028.7510    28.5314  1028.7538    28.5342     0.0029     0.0029        110 0.0000e+00
   39.23034    1.89486     54.579     55.000    14.3560    14.3571     0.0011  45.714800  45.719770   0.004988    38.1741    38.1777     0.0036  1028.8085  1028.8111     0.0026     7.2164 1.3172e+03 8.6991e+00     0.3082 6.8451e-01     18.392     54.575    38.1718    38.1753     0.0036  1028.8066    28.5650  1028.8092    28.5675     0.0026     0.0026        120 0.0000e+00
   39.23032    1.89488     59.534     60.000    14.3137    14.3143     0.0005  45.685301  45.689858   0.004580    38.1854    38.1891     0.0037  1028.8487  1028.8514     0.0027     7.1356 1.2411e+03 5.6855e+00     0.2906 4.5072e-01     14.134     59.536    38.1838    38.1875     0.0037  1028.8474    28.5838  1028.8501    28.5865     0.0027     0.0027        143 0.0000e+00
   39.23032    1.89490     64.496     65.000    14.2761    14.2771     0.0010  45.656714  45.662014   0.005302    38.1934    38.1974     0.0040  1028.8852  1028.8881     0.0029     7.0636 1.4010e+03 4.5403e+00     0.2715 3.4289e-01     11.325     64.496    38.1920    38.1960     0.0040  1028.8841    28.5985  1028.8870    28.6014     0.0029     0.0029        143 0.0000e+00
   39.23032    1.89492     69.457     70.000    14.2497    14.2500     0.0004  45.637636  45.642376   0.004752    38.1990    38.2032     0.0041  1028.9175  1028.9206     0.0031     7.0593 1.4105e+03 3.4092e+00     0.2592 3.1257e-01     10.979     69.457    38.1980    38.2021     0.0041  1028.9167    28.6091  1028.9198    28.6122     0.0031     0.0031        138 0.0000e+00
   39.23032    1.89494     74.418     75.000    14.2280    14.2285     0.0005  45.622596  45.627428   0.004836    38.2040    38.2081     0.0041  1028.9482  1028.9513     0.0031     7.0864 1.3459e+03 2.4702e+00     0.2617 3.0335e-01     11.356     74.417    38.2031    38.2072     0.0041  1028.9476    28.6180  1028.9506    28.6210     0.0031     0.0031        130 0.0000e+00
   39.23032    1.89496     79.379     80.000    14.1857    14.1865     0.0006  45.586632  45.591573   0.004957    38.2101    38.2142     0.0041  1028.9844  1028.9874     0.0030     7.1429 1.3638e+03 1.8724e+00     0.2627 3.2887e-01     12.116     79.377    38.2091    38.2129     0.0041  1028.9836    28.6320  1028.9863    28.6348     0.0030     0.0030        127 0.0000e+00
   39.23032    1.89498     84.334     85.000    14.1524    14.1528     0.0005  45.557480  45.562311   0.004847    38.2135    38.2176     0.0041  1029.0164  1029.0195     0.0031     7.1873 1.3263e+03 1.3865e+00     0.2645 3.3949e-01     12.743     84.337    38.2125    38.2166     0.0041  1029.0156    28.6421  1029.0187    28.6451     0.0031     0.0031        120 0.0000e+00
   39.23032    1.89499     89.298     90.000    14.0752    14.0762     0.0010  45.494904  45.500166   0.005260    38.2300    38.2339     0.0039  1029.0682  1029.0710     0.0028     7.0771 1.3956e+03 1.0463e+00     0.2650 2.7119e-01     12.767     89.297    38.2280    38.2319     0.0039  1029.0666    28.6710  1029.0695    28.6738     0.0028     0.0028        126 0.0000e+00
   39.23033    1.89501     94.257     95.000    14.0306    14.0312     0.0006  45.457761  45.462802   0.005047    38.2367    38.2409     0.0041  1029.1053  1029.1083     0.0031     7.0579 1.2624e+03 7.1792e-01     0.2635 2.6645e-01     12.897     94.257    38.2351    38.2393     0.0041  1029.1040    28.6863  1029.1071    28.6894     0.0031     0.0031        134 0.0000e+00
   39.23034    1.89503     99.219    100.000    13.9684    13.9693     0.0009  45.393138  45.398359   0.005217    38.2357    38.2397     0.0040  1029.1402  1029.1431     0.0029     7.2035 1.2466e+03 5.3355e-01     0.2654 3.0196e-01     12.789     99.217    38.2337    38.2377     0.0040  1029.1386    28.6989  1029.1415    28.7018     0.0029     0.0029        141 0.0000e+00
   39.23034    1.89505    104.176    105.000    13.8978    13.8982     0.0005  45.323468  45.328307   0.004847    38.2380    38.2421     0.0041  1029.1794  1029.1824     0.0031     7.2829 1.3060e+03 4.0701e-01     0.2704 3.7518e-01     13.508    104.176    38.2360    38.2401     0.0041  1029.1778    28.7160  1029.1809    28.7191     0.0031     0.0031        134 0.0000e+00
   39.23034    1.89507    109.135    110.000    13.8146    13.8151     0.0004  45.244106  45.248747   0.004645    38.2440    38.2480     0.0040  1029.2242  1029.2273     0.0030     7.2956 1.3094e+03 2.9956e-01     0.2704 3.7863e-01     12.557    109.136    38.2415    38.2455     0.0040  1029.2223    28.7383  1029.2253    28.7413     0.0030     0.0030        152 0.0000e+00
   39.23036    1.89509    114.095    115.000    13.7588    13.7593     0.0005  45.180901  45.185328   0.004424    38.2370    38.2407     0.0037  1029.2531  1029.2558     0.0028     7.4606 1.3215e+03 2.1267e-01     0.2735 4.3095e-01     13.828    114.095    38.2350    38.2387     0.0037  1029.2515    28.7454  1029.2542    28.7481     0.0028     0.0028        165 0.0000e+00
   39.23036    1.89512    119.055    120.000    13.6864    13.6866     0.0003  45.106799  45.111452   0.004661    38.2363    38.2404     0.0041  1029.2903  1029.2934     0.0031     7.5437 1.3152e+03 1.4720e-01     0.2842 5.1184e-01     13.217    119.054    38.2347    38.2389     0.0041  1029.2891    28.7608  1029.2922    28.7640     0.0031     0.0031        207 0.0000e+00
   39.23038    1.89515    124.014    125.000    13.7177    13.7181     0.0004  45.169120  45.174007   0.004877    38.2601    38.2643     0.0043  1029.3240  1029.3272     0.0032     7.4022 1.3730e+03 9.6024e-02     0.2820 4.5341e-01     14.309    124.013    38.2604    38.2647     0.0043  1029.3243    28.7742  1029.3276    28.7774     0.0032     0.0032        148 0.0000e+00
   39.23039    1.89518    128.973    130.000    13.7149    13.7153     0.0004  45.179610  45.184422   0.004806    38.2711    38.2753     0.0042  1029.3553  1029.3585     0.0031     7.2636 1.3195e+03 5.6000e-02     0.2816 4.3902e-01     15.021    128.972    38.2710    38.2751     0.0042  1029.3552    28.7831  1029.3584    28.7863     0.0031     0.0031        180 0.0000e+00
   39.23040    1.89521    133.931    135.000    13.6920    13.6925     0.0004  45.164345  45.169244   0.004898    38.2774    38.2816     0.0042  1029.3872  1029.3904     0.0032     7.2772 1.3017e+03 2.9615e-02     0.2721 3.5200e-01     11.367    133.931    38.2771    38.2813     0.0042  1029.3870    28.7929  1029.3902    28.7961     0.0032     0.0032        213 0.0000e+00
   39.23040    1.89525    138.889    140.000    13.6601    13.6603     0.0003  45.139503  45.144074   0.004576    38.2836    38.2877     0.0041  1029.4211  1029.4242     0.0031     7.3170 1.3154e+03 1.7090e-02     0.2528 2.1574e-01      7.788    138.890    38.2832    38.2873     0.0041  1029.4208    28.8046  1029.4239    28.8077     0.0031     0.0031        232 0.0000e+00
   39.23042    1.89528    143.851    145.000    13.6450    13.6453     0.0003  45.133652  45.138349   0.004713    38.2908    38.2950     0.0042  1029.4521  1029.4552     0.0032     7.2573 1.3085e+03 5.6448e-03     0.2461 2.3428e-01      7.466    143.849    38.2905    38.2947     0.0042  1029.4518    28.8136  1029.4550    28.8168     0.0032     0.0032        185 0.0000e+00
   39.23042    1.89531    148.811    150.000    13.6438    13.6442     0.0004  45.141879  45.146630   0.004756    38.2972    38.3013     0.0041  1029.4794  1029.4825     0.0031     7.1960 1.3582e+03 2.7913e-04     0.2431 1.7880e-01      7.166    148.807    38.2972    38.3013     0.0041  1029.4796    28.8193  1029.4827    28.8224     0.0031     0.0031        141 0.0000e+00
   39.23042    1.89535    153.766    155.000    13.6303    13.6306     0.0003  45.145346  45.149831   0.004490    38.3121    38.3161     0.0040  1029.5160  1029.5190     0.0030     7.0569 1.3144e+03 -4.042e-06     0.2398 1.3207e-01      7.645    153.765    38.3119    38.3158     0.0040  1029.5158    28.8337  1029.5188    28.8367     0.0030     0.0030        196 0.0000e+00
   39.23042    1.89539    158.724    160.000    13.6270    13.6268     0.0002  45.168156  45.172671   0.004522    38.3350    38.3391     0.0041  1029.5566  1029.5598     0.0031     6.8216 1.4343e+03 1.0000e-12     0.2354 8.9887e-02      8.168    158.724    38.3355    38.3391     0.0041  1029.5573    28.8528  1029.5598    28.8557     0.0031     0.0031        208 0.0000e+00
   39.23042    1.89542    163.683    165.000    13.6466    13.6464    -0.0001  45.205485  45.209469   0.003985    38.3480    38.3519     0.0039  1029.5845  1029.5876     0.0031     6.6766 1.4153e+03 1.0000e-12     0.2335 7.7785e-02      7.456    163.682    38.3484    38.3523     0.0039  1029.5848    28.8588  1029.5878    28.8619     0.0031     0.0031        174 0.0000e+00
   39.23042    1.89545    168.639    170.000    13.6715    13.6716     0.0000  45.256630  45.260693   0.004058    38.3692    38.3731     0.0038  1029.6176  1029.6206     0.0030     6.4210 1.3917e+03 1.0000e-12     0.2298 5.8724e-02      6.197    168.640    38.3697    38.3735     0.0038  1029.6180    28.8701  1029.6209    28.8731     0.0030     0.0030        183 0.0000e+00
   39.23042    1.89548    173.598    175.000    13.6848    13.6851     0.0004  45.286035  45.290702   0.004655    38.3820    38.3861     0.0041  1029.6468  1029.6498     0.0031     6.3208 1.3549e+03 1.0000e-12     0.2236 4.8246e-02      5.377    173.598    38.3821    38.3862     0.0041  1029.6469    28.8771  1029.6499    28.8802     0.0031     0.0031        199 0.0000e+00
   39.23042    1.89550    178.556    180.000    13.6793    13.6798     0.0005  45.295441  45.300204   0.004757    38.3944    38.3985     0.0040  1029.6797  1029.6827     0.0030     6.2352 1.3393e+03 1.0000e-12     0.2227 4.5191e-02      5.266    178.555    38.3944    38.3984     0.0040  1029.6796    28.8879  1029.6826    28.8910     0.0030     0.0030        189 0.0000e+00
   39.23042    1.89552    183.511    185.000    13.6508    13.6514     0.0006  45.273758  45.278577   0.004816    38.4006    38.4046     0.0039  1029.7127  1029.7157     0.0029     6.1916 1.2552e+03 1.0000e-12     0.2243 4.4816e-02      6.235    183.513    38.4001    38.4041     0.0039  1029.7123    28.8986  1029.7153    28.9015     0.0029     0.0029        134 0.0000e+00
   39.23042    1.89554    188.468    190.000    13.6215    13.6221     0.0005  45.249323  45.254047   0.004725    38.4048    38.4087     0.0040  1029.7444  1029.7473     0.0030     6.1802 1.1832e+03 1.0000e-12     0.2253 4.4323e-02      6.030    188.471    38.4040    38.4079     0.0040  1029.7437    28.9080  1029.7467    28.9110     0.0030     0.0030        125 0.0000e+00
   39.23042    1.89555    193.429    195.000    13.6100    13.6104     0.0004  45.243843  45.248447   0.004607    38.4086    38.4126     0.0040  1029.7719  1029.7749     0.0030     6.1716 1.1922e+03 1.0000e-12     0.2238 4.2568e-02      5.606    193.428    38.4081    38.4121     0.0040  1029.7715    28.9138  1029.7745    28.9168     0.0030     0.0030        112 0.0000e+00
   39.23042    1.89556    198.384    200.000    13.6005    13.6009     0.0004  45.246078  45.250789   0.004711    38.4180    38.4220     0.0041  1029.8034  1029.8064     0.0031     6.1725 1.2537e+03 1.0000e-12     0.2221 4.1919e-02      5.296    198.385    38.4175    38.4216     0.0041  1029.8030    28.9233  1029.8061    28.9263     0.0031     0.0031        141 0.0000e+00
   39.23042    1.89558    203.342    205.000    13.5722    13.5730     0.0008  45.220389  45.225603   0.005208    38.4200    38.4241     0.0041  1029.8331  1029.8362     0.0030     6.1548 1.6749e+03 1.0000e-12     0.2209 4.1408e-02      5.860    203.343    38.4192    38.4234     0.0042  1029.8325    28.9308  1029.8356    28.9338     0.0030     0.0030        120 0.0000e+00
   39.23042    1.89559    208.301    210.000    13.5641    13.5645     0.0004  45.223220  45.227860   0.004643    38.4281    38.4321     0.0040  1029.8633  1029.8663     0.0030     6.1439 1.3591e+03 1.0000e-12     0.2224 4.0446e-02      5.499    208.300    38.4279    38.4319     0.0040  1029.8631    28.9394  1029.8661    28.9424     0.0030     0.0030        133 0.0000e+00
