example data/fromGithub/from cmunozmas_plot_raw_ctd/dradmed_07.cnv
* Sea-Bird SBE 9 Data File:
* FileName = C:\OCEANO\CTD\DATOS\2019-02_SOCIB CanalesWinter19\RADMED_07.hex
* Software Version Seasave V 7.26.7.121
* Temperature SN = 5391
* Conductivity SN = 3718
* Number of Bytes Per Scan = 40
* Number of Voltage Words = 5
* Number of Scans Averaged by the Deck Unit = 1
* NMEA Latitude = 39 13.82 N
* NMEA Longitude = 001 53.63 E
* NMEA UTC (Time) = Mar 05 2019  13:10:32
* NMEA baud rate = 4800
** Ship:B/O SOCIB
** Cruise: SOCIB-Canales Winter19
** Station: RADMED_ 07
** Date:  2019/02/19
** Time (UTC):  13:10
** Bottom Depth (m):  671
** Operator: PBH NCW
# nquan = 34
# nvalues = 135                         
# units = specified
# name 0 = latitude: Latitude [deg]
# name 1 = longitude: Longitude [deg]
# name 2 = depSM: Depth [salt water, m]
# name 3 = prDM: Pressure, Digiquartz [db]
# name 4 = t090C: Temperature [ITS-90, deg C]
# name 5 = t190C: Temperature, 2 [ITS-90, deg C]
# name 6 = T2-T190C: Temperature Difference, 2 - 1 [ITS-90, deg C]
# name 7 = c0mS/cm: Conductivity [mS/cm]
# name 8 = c1mS/cm: Conductivity, 2 [mS/cm]
# name 9 = C2-C1mS/cm: Conductivity Difference, 2 - 1 [mS/cm]
# name 10 = sal00: Salinity, Practical [PSU]
# name 11 = sal11: Salinity, Practical, 2 [PSU]
# name 12 = secS-priS: Salinity, Practical, Difference, 2 - 1 [PSU]
# name 13 = density00: Density [density, kg/m^3]
# name 14 = density11: Density, 2 [density, kg/m^3]
# name 15 = D2-D1,d: Density Difference, 2 - 1 [density, kg/m^3]
# name 16 = sbeox0Mg/L: Oxygen, SBE 43 [mg/l]
# name 17 = spar: SPAR/Surface Irradiance
# name 18 = par: PAR/Irradiance, Biospherical/Licor
# name 19 = CStarAt0: Beam Attenuation, WET Labs C-Star [1/m]
# name 20 = flSP: Fluorescence, Seapoint
# name 21 = seaTurbMtr: Turbidity, Seapoint [FTU]
# name 22 = depSM: Depth [salt water, m], lat = 39.2303
# name 23 = sal00: Salinity, Practical [PSU]
# name 24 = sal11: Salinity, Practical, 2 [PSU]
# name 25 = secS-priS: Salinity, Practical, Difference, 2 - 1 [PSU]
# name 26 = density00: Density [density, kg/m^3]
# name 27 = sigma-é00: Density [sigma-theta, kg/m^3]
# name 28 = density11: Density, 2 [density, kg/m^3]
# name 29 = sigma-é11: Density, 2 [sigma-theta, kg/m^3]
# name 30 = D2-D1,d: Density Difference, 2 - 1 [density, kg/m^3]
# name 31 = D2-D1: Density Difference, 2 - 1 [sigma-theta, kg/m^3]
# name 32 = nbin: number of scans per bin
# name 33 = flag: flag
# span 0 =   39.23032,   39.23185       
# span 1 =    1.89468,    1.89720       
# span 2 =      4.963,    668.797       
# span 3 =      5.000,    675.000       
# span 4 =    13.1447,    14.8877       
# span 5 =    13.1449,    14.8875       
# span 6 =    -0.0002,     0.0018       
# span 7 =  45.081789,  46.050678       
# span 8 =  45.086289,  46.054779       
# span 9 =   0.003985,   0.005971       
# span 10 =    37.9848,    38.5565      
# span 11 =    37.9888,    38.5606      
# span 12 =     0.0035,     0.0043      
# span 13 =  1028.3228,  1032.0639      
# span 14 =  1028.3259,  1032.0670      
# span 15 =     0.0023,     0.0032      
# span 16 =     5.3585,     7.7310      
# span 17 = 1.0371e+03, 1.6749e+03      
# span 18 = -4.042e-06, 2.3028e+02      
# span 19 =     0.2143,     0.3819      
# span 20 = 3.6529e-02, 9.2472e-01      
# span 21 =      4.188,     23.306      
# span 22 =      4.962,    668.785      
# span 23 =    37.9840,    38.5563      
# span 24 =    37.9880,    38.5604      
# span 25 =     0.0035,     0.0043      
# span 26 =  1028.3222,  1032.0635      
# span 27 =    28.3003,    29.1039      
# span 28 =  1028.3254,  1032.0667      
# span 29 =    28.3034,    29.1071      
# span 30 =     0.0023,     0.0032      
# span 31 =     0.0023,     0.0032      
# span 32 =         83,        232      
# span 33 = 0.0000e+00, 0.0000e+00      
# interval = decibars: 5                
# start_time = Mar 05 2019 13:10:32 [NMEA time, header]
# bad_flag = -9.990e-29
*END*
[from data line 43]
   39.23042    1.89562    218.215    220.000    13.5304    13.5309     0.0006  45.203349  45.208177   0.004828    38.4388    38.4429     0.0040  1029.9231  1029.9261     0.0030     6.1107 1.4054e+03 1.0000e-12     0.2215 3.9852e-02      5.777    218.213    38.4383    38.4424     0.0040  1029.9227    28.9550  1029.9257    28.9580     0.0030     0.0030        139 0.0000e+00
   39.23040    1.89564    223.170    225.000    13.5183    13.5191     0.0007  45.199547  45.204635   0.005082    38.4451    38.4491     0.0040  1029.9526  1029.9555     0.0029     6.0972 1.3596e+03 1.0000e-12     0.2223 3.9958e-02      5.868    223.170    38.4446    38.4487     0.0040  1029.9523    28.9625  1029.9552    28.9655     0.0029     0.0029        143 0.0000e+00
   39.23040    1.89565    228.128    230.000    13.5027    13.5034     0.0007  45.188371  45.193363   0.004993    38.4479    38.4520     0.0041  1029.9803  1029.9833     0.0030     6.1102 1.3751e+03 1.0000e-12     0.2209 3.9911e-02      4.839    228.127    38.4474    38.4515     0.0041  1029.9799    28.9681  1029.9829    28.9712     0.0030     0.0030        124 0.0000e+00
   39.23040    1.89566    233.083    235.000    13.4805    13.4810     0.0005  45.169631  45.174358   0.004732    38.4502    38.4543     0.0041  1030.0090  1030.0120     0.0030     6.1361 1.4651e+03 1.0000e-12     0.2143 3.8963e-02      4.188    233.083    38.4496    38.4536     0.0040  1030.0085    28.9747  1030.0115    28.9777     0.0030     0.0030        141 0.0000e+00
   39.23040    1.89568    238.037    240.000    13.4712    13.4716     0.0004  45.166484  45.171228   0.004747    38.4541    38.4583     0.0041  1030.0361  1030.0392     0.0031     6.1207 1.3810e+03 1.0000e-12     0.2143 3.8212e-02      4.239    238.039    38.4537    38.4578     0.0041  1030.0358    28.9800  1030.0389    28.9831     0.0031     0.0031        123 0.0000e+00
   39.23040    1.89570    242.997    245.000    13.4774    13.4777     0.0004  45.182335  45.187132   0.004801    38.4607    38.4649     0.0042  1030.0620  1030.0651     0.0032     6.0500 1.3526e+03 1.0000e-12     0.2147 3.9399e-02      4.851    242.996    38.4606    38.4648     0.0042  1030.0617    28.9842  1030.0648    28.9874     0.0032     0.0032        108 0.0000e+00
   39.23040    1.89572    247.952    250.000    13.4861    13.4865     0.0003  45.201536  45.206377   0.004840    38.4676    38.4718     0.0042  1030.0875  1030.0907     0.0031     6.0114 1.3095e+03 1.0000e-12     0.2219 3.9666e-02      6.737    247.952    38.4677    38.4719     0.0042  1030.0876    28.9880  1030.0907    28.9912     0.0031     0.0031        126 0.0000e+00
   39.23040    1.89573    252.908    255.000    13.4770    13.4773     0.0004  45.196037  45.200777   0.004741    38.4695    38.4737     0.0041  1030.1130  1030.1162     0.0031     6.0204 1.2177e+03 1.0000e-12     0.2222 3.9635e-02      5.632    252.908    38.4694    38.4735     0.0041  1030.1129    28.9914  1030.1161    28.9946     0.0031     0.0031        128 0.0000e+00
   39.23040    1.89574    257.864    260.000    13.5121    13.5123     0.0003  45.254274  45.258820   0.004548    38.4867    38.4908     0.0041  1030.1408  1030.1439     0.0031     5.9822 1.2065e+03 1.0000e-12     0.2206 3.9163e-02      5.794    257.864    38.4874    38.4915     0.0041  1030.1413    28.9981  1030.1444    29.0012     0.0031     0.0031        135 0.0000e+00
   39.23040    1.89576    262.820    265.000    13.5334    13.5338     0.0004  45.290764  45.295506   0.004740    38.4978    38.5019     0.0041  1030.1669  1030.1700     0.0031     5.9416 1.2664e+03 1.0000e-12     0.2227 3.9282e-02      6.138    262.819    38.4985    38.5026     0.0041  1030.1674    29.0024  1030.1705    29.0055     0.0031     0.0031        123 0.0000e+00
   39.23040    1.89578    267.773    270.000    13.5415    13.5419     0.0004  45.310565  45.315334   0.004768    38.5065    38.5106     0.0041  1030.1939  1030.1970     0.0031     5.9258 1.3873e+03 1.0000e-12     0.2255 3.9793e-02      6.641    267.775    38.5069    38.5111     0.0041  1030.1942    29.0073  1030.1973    29.0104     0.0031     0.0031        129 0.0000e+00
   39.23038    1.89579    272.731    275.000    13.5466    13.5468     0.0002  45.324140  45.328587   0.004451    38.5122    38.5162     0.0040  1030.2192  1030.2223     0.0031     5.9092 1.2857e+03 1.0000e-12     0.2262 3.9887e-02      6.387    272.730    38.5125    38.5165     0.0040  1030.2195    29.0107  1030.2225    29.0138     0.0031     0.0031        144 0.0000e+00
   39.23038    1.89580    277.684    280.000    13.5659    13.5663     0.0004  45.358106  45.362798   0.004690    38.5226    38.5267     0.0041  1030.2451  1030.2482     0.0031     5.8920 1.2774e+03 1.0000e-12     0.2252 3.9747e-02      6.350    277.686    38.5232    38.5273     0.0041  1030.2456    29.0150  1030.2487    29.0182     0.0031     0.0031        133 0.0000e+00
   39.23038    1.89582    282.645    285.000    13.5497    13.5504     0.0007  45.345745  45.350706   0.004954    38.5256    38.5297     0.0041  1030.2731  1030.2761     0.0030     5.8880 1.2799e+03 1.0000e-12     0.2247 3.9330e-02      6.356    282.641    38.5255    38.5295     0.0041  1030.2730    29.0204  1030.2760    29.0235     0.0030     0.0030        131 0.0000e+00
   39.23038    1.89584    287.594    290.000    13.5353    13.5357     0.0004  45.333181  45.337862   0.004681    38.5261    38.5301     0.0040  1030.2987  1030.3017     0.0030     5.8731 1.3262e+03 1.0000e-12     0.2250 4.0285e-02      6.076    287.596    38.5258    38.5298     0.0040  1030.2984    29.0239  1030.3014    29.0269     0.0030     0.0030        135 0.0000e+00
   39.23037    1.89585    292.550    295.000    13.5384    13.5389     0.0004  45.342276  45.347115   0.004839    38.5291    38.5333     0.0042  1030.3224  1030.3255     0.0031     5.8812 1.2421e+03 1.0000e-12     0.2252 3.9496e-02      6.421    292.551    38.5290    38.5332     0.0042  1030.3223    29.0259  1030.3255    29.0291     0.0031     0.0031        126 0.0000e+00
   39.23036    1.89587    297.507    300.000    13.5419    13.5424     0.0005  45.354040  45.358806   0.004766    38.5344    38.5385     0.0041  1030.3478  1030.3509     0.0030     5.8767 1.1996e+03 1.0000e-12     0.2243 4.0136e-02      5.873    297.506    38.5345    38.5386     0.0041  1030.3478    29.0295  1030.3509    29.0326     0.0031     0.0031        143 0.0000e+00
   39.23036    1.89588    302.461    305.000    13.5478    13.5483     0.0005  45.369656  45.374447   0.004790    38.5410    38.5451     0.0041  1030.3737  1030.3767     0.0030     5.8659 1.1718e+03 1.0000e-12     0.2228 3.9518e-02      5.757    302.461    38.5412    38.5453     0.0041  1030.3738    29.0337  1030.3768    29.0367     0.0030     0.0030        136 0.0000e+00
   39.23036    1.89591    307.415    310.000    13.5401    13.5408     0.0007  45.364406  45.369426   0.005017    38.5419    38.5460     0.0041  1030.3981  1030.4011     0.0030     5.8354 1.2147e+03 1.0000e-12     0.2236 3.8857e-02      6.768    307.416    38.5418    38.5459     0.0041  1030.3980    29.0359  1030.4010    29.0389     0.0030     0.0030        131 0.0000e+00
   39.23036    1.89593    312.372    315.000    13.5366    13.5371     0.0005  45.366238  45.371099   0.004862    38.5449    38.5490     0.0041  1030.4232  1030.4263     0.0030     5.8265 1.3359e+03 1.0000e-12     0.2225 3.9311e-02      6.032    312.370    38.5448    38.5489     0.0041  1030.4231    29.0391  1030.4262    29.0422     0.0030     0.0030        133 0.0000e+00
   39.23036    1.89595    317.323    320.000    13.5349    13.5355     0.0005  45.368081  45.372891   0.004811    38.5460    38.5501     0.0041  1030.4465  1030.4495     0.0030     5.8128 1.3690e+03 1.0000e-12     0.2223 3.8462e-02      7.528    317.325    38.5460    38.5500     0.0041  1030.4465    29.0406  1030.4495    29.0436     0.0030     0.0030        110 0.0000e+00
   39.23038    1.89597    322.280    325.000    13.5341    13.5345     0.0005  45.370081  45.374886   0.004808    38.5466    38.5507     0.0041  1030.4692  1030.4722     0.0031     5.8098 1.3540e+03 1.0000e-12     0.2223 3.8760e-02      5.726    322.279    38.5465    38.5506     0.0041  1030.4691    29.0413  1030.4722    29.0444     0.0031     0.0031        134 0.0000e+00
   39.23038    1.89599    327.229    330.000    13.5323    13.5329     0.0006  45.372158  45.377081   0.004921    38.5481    38.5521     0.0041  1030.4927  1030.4958     0.0030     5.7978 1.4022e+03 1.0000e-12     0.2216 3.8533e-02      5.483    327.233    38.5481    38.5521     0.0041  1030.4928    29.0431  1030.4957    29.0461     0.0030     0.0030        102 0.0000e+00
   39.23040    1.89601    332.189    335.000    13.5228    13.5235     0.0006  45.364535  45.369469   0.004934    38.5483    38.5523     0.0040  1030.5171  1030.5200     0.0030     5.7709 1.3774e+03 1.0000e-12     0.2224 3.8659e-02      6.558    332.187    38.5481    38.5521     0.0040  1030.5169    29.0452  1030.5198    29.0482     0.0030     0.0030        112 0.0000e+00
   39.23041    1.89603    337.140    340.000    13.5141    13.5146     0.0005  45.358103  45.362997   0.004898    38.5487    38.5529     0.0041  1030.5413  1030.5444     0.0031     5.7414 1.4485e+03 1.0000e-12     0.2235 3.8767e-02      6.442    337.141    38.5485    38.5526     0.0042  1030.5411    29.0475  1030.5442    29.0506     0.0031     0.0031        134 0.0000e+00
   39.23042    1.89605    342.092    345.000    13.5070    13.5074     0.0004  45.354298  45.359069   0.004774    38.5501    38.5542     0.0041  1030.5659  1030.5690     0.0031     5.7143 1.4737e+03 1.0000e-12     0.2242 3.9084e-02      5.790    342.095    38.5498    38.5539     0.0041  1030.5657    29.0502  1030.5689    29.0534     0.0031     0.0031        105 0.0000e+00
   39.23045    1.89608    347.052    350.000    13.5018    13.5024     0.0006  45.352498  45.357431   0.004930    38.5513    38.5554     0.0040  1030.5901  1030.5931     0.0030     5.6879 1.3589e+03 1.0000e-12     0.2224 3.8657e-02      5.415    347.049    38.5511    38.5552     0.0040  1030.5899    29.0525  1030.5929    29.0555     0.0030     0.0030        144 0.0000e+00
   39.23047    1.89609    352.003    355.000    13.4962    13.4967     0.0005  45.349255  45.354066   0.004811    38.5515    38.5556     0.0041  1030.6135  1030.6166     0.0030     5.6705 1.3250e+03 1.0000e-12     0.2215 3.8363e-02      5.638    352.002    38.5513    38.5554     0.0041  1030.6134    29.0540  1030.6164    29.0571     0.0030     0.0030        133 0.0000e+00
   39.23049    1.89611    356.956    360.000    13.4930    13.4935     0.0005  45.348478  45.353318   0.004840    38.5518    38.5559     0.0041  1030.6364  1030.6395     0.0031     5.6481 1.3867e+03 1.0000e-12     0.2219 3.8566e-02      5.794    356.956    38.5516    38.5557     0.0041  1030.6363    29.0551  1030.6394    29.0582     0.0031     0.0031        131 0.0000e+00
   39.23052    1.89613    361.909    365.000    13.4853    13.4858     0.0005  45.343175  45.347958   0.004784    38.5523    38.5564     0.0041  1030.6606  1030.6636     0.0030     5.6215 1.3316e+03 1.0000e-12     0.2228 3.8054e-02      6.020    361.909    38.5521    38.5562     0.0041  1030.6604    29.0572  1030.6634    29.0603     0.0030     0.0030        145 0.0000e+00
   39.23055    1.89614    366.859    370.000    13.4824    13.4828     0.0004  45.342790  45.347574   0.004785    38.5525    38.5567     0.0041  1030.6834  1030.6865     0.0031     5.6060 1.3562e+03 1.0000e-12     0.2240 3.8388e-02      5.932    366.862    38.5524    38.5565     0.0041  1030.6833    29.0583  1030.6864    29.0614     0.0031     0.0031        132 0.0000e+00
   39.23057    1.89617    371.818    375.000    13.4795    13.4801     0.0006  45.343260  45.348138   0.004874    38.5537    38.5577     0.0041  1030.7069  1030.7099     0.0030     5.5998 1.4729e+03 1.0000e-12     0.2231 3.8124e-02      5.884    371.815    38.5535    38.5576     0.0041  1030.7068    29.0599  1030.7098    29.0629     0.0030     0.0030        113 0.0000e+00
   39.23060    1.89618    376.768    380.000    13.4668    13.4674     0.0006  45.331627  45.336572   0.004945    38.5533    38.5574     0.0042  1030.7314  1030.7345     0.0031     5.5892 1.3614e+03 1.0000e-12     0.2293 3.9161e-02      9.325    376.768    38.5530    38.5572     0.0042  1030.7312    29.0623  1030.7343    29.0654     0.0031     0.0031        147 0.0000e+00
   39.23063    1.89620    381.720    385.000    13.4621    13.4626     0.0005  45.328272  45.333073   0.004802    38.5525    38.5566     0.0041  1030.7539  1030.7570     0.0030     5.5721 1.2286e+03 1.0000e-12     0.2387 3.8619e-02     10.844    381.721    38.5523    38.5564     0.0041  1030.7538    29.0630  1030.7568    29.0660     0.0030     0.0030        134 0.0000e+00
   39.23066    1.89621    386.672    390.000    13.4588    13.4593     0.0005  45.327238  45.332092   0.004855    38.5525    38.5567     0.0041  1030.7767  1030.7797     0.0031     5.5620 1.2233e+03 1.0000e-12     0.2441 3.8425e-02     11.980    386.674    38.5524    38.5565     0.0041  1030.7765    29.0638  1030.7796    29.0669     0.0031     0.0031        132 0.0000e+00
   39.23069    1.89623    391.630    395.000    13.4564    13.4569     0.0005  45.327194  45.331998   0.004804    38.5527    38.5568     0.0041  1030.7993  1030.8024     0.0031     5.5480 1.2755e+03 1.0000e-12     0.2465 3.8564e-02     12.799    391.627    38.5526    38.5567     0.0041  1030.7992    29.0647  1030.8023    29.0677     0.0031     0.0031        133 0.0000e+00
   39.23072    1.89624    396.578    400.000    13.4534    13.4539     0.0005  45.326441  45.331324   0.004884    38.5528    38.5569     0.0041  1030.8221  1030.8252     0.0031     5.5197 1.3501e+03 1.0000e-12     0.2479 3.8300e-02     13.376    396.579    38.5527    38.5568     0.0041  1030.8220    29.0655  1030.8251    29.0686     0.0031     0.0031        119 0.0000e+00
   39.23075    1.89626    401.532    405.000    13.4518    13.4522     0.0004  45.327198  45.332082   0.004886    38.5528    38.5571     0.0042  1030.8445  1030.8477     0.0032     5.5102 1.3098e+03 1.0000e-12     0.2506 3.7933e-02     13.869    401.532    38.5528    38.5570     0.0042  1030.8444    29.0661  1030.8476    29.0693     0.0032     0.0032        139 0.0000e+00
   39.23078    1.89627    406.484    410.000    13.4473    13.4479     0.0006  45.325265  45.330169   0.004902    38.5533    38.5574     0.0041  1030.8678  1030.8709     0.0031     5.4767 1.2770e+03 1.0000e-12     0.2496 3.8754e-02     12.805    406.484    38.5532    38.5573     0.0041  1030.8677    29.0675  1030.8708    29.0706     0.0031     0.0031        127 0.0000e+00
   39.23081    1.89628    411.437    415.000    13.4430    13.4435     0.0005  45.323519  45.328362   0.004843    38.5538    38.5579     0.0041  1030.8912  1030.8943     0.0031     5.4664 1.2345e+03 1.0000e-12     0.2475 3.8118e-02     13.564    411.436    38.5537    38.5578     0.0041  1030.8911    29.0690  1030.8942    29.0721     0.0031     0.0031        133 0.0000e+00
   39.23084    1.89630    416.388    420.000    13.4419    13.4424     0.0005  45.325374  45.330257   0.004882    38.5544    38.5585     0.0041  1030.9139  1030.9170     0.0031     5.4454 1.2267e+03 1.0000e-12     0.2422 3.8204e-02      9.941    416.388    38.5543    38.5585     0.0041  1030.9139    29.0699  1030.9170    29.0730     0.0031     0.0031        156 0.0000e+00
   39.23087    1.89631    421.338    425.000    13.4408    13.4413     0.0005  45.327563  45.332423   0.004859    38.5553    38.5594     0.0041  1030.9369  1030.9399     0.0031     5.4478 1.3052e+03 1.0000e-12     0.2371 3.8134e-02      8.433    421.340    38.5553    38.5594     0.0041  1030.9368    29.0710  1030.9399    29.0741     0.0031     0.0031        129 0.0000e+00
