example data/fromGithub/from cmunozmas_plot_raw_ctd/dradmed_08.cnv
* Sea-Bird SBE 9 Data File:
* FileName = C:\OCEANO\CTD\DATOS\2019-02_SOCIB CanalesWinter19\RADMED_08.hex
* Software Version Seasave V 7.26.7.121
* Temperature SN = 5391
* Conductivity SN = 3718
* Number of Bytes Per Scan = 40
* Number of Voltage Words = 5
* Number of Scans Averaged by the Deck Unit = 1
* NMEA Latitude = 39 11.20 N
* NMEA Longitude = 001 48.54 E
* NMEA UTC (Time) = Mar 05 2019  14:20:02
* NMEA baud rate = 4800
** Ship:B/O SOCIB
** Cruise: SOCIB-Canales Winter19
** Station: RADMED_ 08
** Date:  2019/02/19
** Time (UTC):  14:20
** Bottom Depth (m):  533
** Operator: JBM PBH
# nquan = 34
# nvalues = 107                         
# units = specified
# name 0 = latitude: Latitude [deg]
# name 1 = longitude: Longitude [deg]
# name 2 = depSM: Depth [salt water, m]
# name 3 = prDM: Pressure, Digiquartz [db]
# name 4 = t090C: Temperature [ITS-90, deg C]
# name 5 = t190C: Temperature, 2 [ITS-90, deg C]
# name 6 = T2-T190C: Temperature Difference, 2 - 1 [ITS-90, deg C]
# name 7 = c0mS/cm: Conductivity [mS/cm]
# name 8 = c1mS/cm: Conductivity, 2 [mS/cm]
# name 9 = C2-C1mS/cm: Conductivity Difference, 2 - 1 [mS/cm]
# name 10 = sal00: Salinity, Practical [PSU]
# name 11 = sal11: Salinity, Practical, 2 [PSU]
# name 12 = secS-priS: Salinity, Practical, Difference, 2 - 1 [PSU]
# name 13 = density00: Density [density, kg/m^3]
# name 14 = density11: Density, 2 [density, kg/m^3]
# name 15 = D2-D1,d: Density Difference, 2 - 1 [density, kg/m^3]
# name 16 = sbeox0Mg/L: Oxygen, SBE 43 [mg/l]
# name 17 = spar: SPAR/Surface Irradiance
# name 18 = par: PAR/Irradiance, Biospherical/Licor
# name 19 = CStarAt0: Beam Attenuation, WET Labs C-Star [1/m]
# name 20 = flSP: Fluorescence, Seapoint
# name 21 = seaTurbMtr: Turbidity, Seapoint [FTU]
# name 22 = depSM: Depth [salt water, m], lat = 39.1867
# name 23 = sal00: Salinity, Practical [PSU]
# name 24 = sal11: Salinity, Practical, 2 [PSU]
# name 25 = secS-priS: Salinity, Practical, Difference, 2 - 1 [PSU]
# name 26 = density00: Density [density, kg/m^3]
# name 27 = sigma-é00: Density [sigma-theta, kg/m^3]
# name 28 = density11: Density, 2 [density, kg/m^3]
# name 29 = sigma-é11: Density, 2 [sigma-theta, kg/m^3]
# name 30 = D2-D1,d: Density Difference, 2 - 1 [density, kg/m^3]
# name 31 = D2-D1: Density Difference, 2 - 1 [sigma-theta, kg/m^3]
# name 32 = nbin: number of scans per bin
# name 33 = flag: flag
# span 0 =   39.18650,   39.18676       
# span 1 =    1.80902,    1.80920       
# span 2 =      4.962,    525.307       
# span 3 =      5.000,    530.000       
# span 4 =    13.1031,    14.7686       
# span 5 =    13.1036,    14.7714       
# span 6 =    -0.0005,     0.0032       
# span 7 =  44.965435,  46.033429       
# span 8 =  44.970278,  46.040671       
# span 9 =   0.004012,   0.007207       
# span 10 =    38.0614,    38.5591      
# span 11 =    38.0651,    38.5631      
# span 12 =     0.0024,     0.0057      
# span 13 =  1028.4264,  1031.4325      
# span 14 =  1028.4284,  1031.4365      
# span 15 =     0.0013,     0.0044      
# span 16 =     5.3607,     7.9018      
# span 17 = 4.6303e+02, 5.9001e+02      
# span 18 = -5.017e-06, 1.8364e+02      
# span 19 =     0.2169,     0.3745      
# span 20 = 3.5865e-02, 1.0621e+00      
# span 21 =      4.680,     43.442      
# span 22 =      4.962,    525.304      
# span 23 =    38.0573,    38.5590      
# span 24 =    38.0611,    38.5630      
# span 25 =     0.0024,     0.0057      
# span 26 =  1028.4266,  1031.4329      
# span 27 =    28.4047,    29.1055      
# span 28 =  1028.4291,  1031.4364      
# span 29 =    28.4071,    29.1087      
# span 30 =     0.0014,     0.0044      
# span 31 =     0.0014,     0.0044      
# span 32 =          1,        255      
# span 33 = 0.0000e+00, 0.0000e+00      
# interval = decibars: 5                
# start_time = Mar 05 2019 14:20:02 [NMEA time, header]
# bad_flag = -9.990e-29
*END*
[from data line 43]
   39.18670    1.80914    218.215    220.000    13.5895    13.5900     0.0004  45.273517  45.278135   0.004619    38.4460    38.4500     0.0040  1029.9158  1029.9188     0.0030     6.0893 4.9423e+02 1.0000e-12     0.2280 4.6316e-02      7.422    218.214    38.4457    38.4497     0.0040  1029.9156    28.9481  1029.9186    28.9511     0.0030     0.0030        135 0.0000e+00
   39.18670    1.80912    223.169    225.000    13.5849    13.5854     0.0005  45.279052  45.283718   0.004666    38.4536    38.4576     0.0040  1029.9448  1029.9478     0.0030     6.0611 4.9337e+02 1.0000e-12     0.2283 4.3897e-02      6.825    223.171    38.4534    38.4574     0.0040  1029.9446    28.9552  1029.9476    28.9582     0.0030     0.0030        123 0.0000e+00
   39.18670    1.80912    228.127    230.000    13.5806    13.5811     0.0005  45.286454  45.291160   0.004704    38.4627    38.4668     0.0040  1029.9749  1029.9779     0.0030     6.0428 4.9248e+02 1.0000e-12     0.2286 4.3520e-02      7.456    228.128    38.4625    38.4666     0.0040  1029.9747    28.9634  1029.9777    28.9664     0.0030     0.0030        134 0.0000e+00
   39.18670    1.80912    233.084    235.000    13.5682    13.5687     0.0005  45.275402  45.280105   0.004703    38.4626    38.4666     0.0040  1029.9995  1030.0025     0.0030     6.0467 4.9225e+02 1.0000e-12     0.2290 4.2587e-02      7.916    233.084    38.4622    38.4662     0.0040  1029.9993    28.9659  1030.0022    28.9689     0.0030     0.0030        122 0.0000e+00
   39.18670    1.80912    238.041    240.000    13.5590    13.5595     0.0004  45.268960  45.273667   0.004707    38.4634    38.4674     0.0040  1030.0242  1030.0273     0.0030     6.0454 4.8967e+02 1.0000e-12     0.2287 4.1691e-02      7.149    238.040    38.4630    38.4671     0.0041  1030.0240    28.9686  1030.0270    28.9717     0.0030     0.0030        130 0.0000e+00
   39.18670    1.80912    242.998    245.000    13.5491    13.5495     0.0005  45.263688  45.268404   0.004715    38.4662    38.4702     0.0040  1030.0507  1030.0537     0.0030     6.0478 4.8846e+02 1.0000e-12     0.2274 4.1781e-02      8.218    242.997    38.4658    38.4698     0.0040  1030.0504    28.9731  1030.0534    28.9761     0.0030     0.0030        133 0.0000e+00
   39.18670    1.80912    247.953    250.000    13.5518    13.5521     0.0004  45.275729  45.280422   0.004695    38.4725    38.4766     0.0041  1030.0770  1030.0801     0.0031     6.0115 4.8726e+02 1.0000e-12     0.2272 4.1835e-02      8.015    247.953    38.4724    38.4765     0.0041  1030.0770    28.9778  1030.0801    28.9809     0.0031     0.0031        133 0.0000e+00
   39.18670    1.80912    252.909    255.000    13.5587    13.5591     0.0005  45.295286  45.300013   0.004726    38.4817    38.4858     0.0041  1030.1048  1030.1078     0.0030     5.9888 4.8710e+02 1.0000e-12     0.2284 4.1679e-02      8.757    252.909    38.4818    38.4858     0.0040  1030.1048    28.9837  1030.1078    28.9868     0.0030     0.0030        138 0.0000e+00
   39.18668    1.80912    257.867    260.000    13.5557    13.5561     0.0004  45.302168  45.306838   0.004670    38.4891    38.4931     0.0040  1030.1332  1030.1362     0.0030     5.9700 4.8437e+02 1.0000e-12     0.2278 4.0731e-02      7.837    257.865    38.4891    38.4931     0.0040  1030.1332    28.9902  1030.1362    28.9932     0.0030     0.0030        118 0.0000e+00
   39.18668    1.80913    262.818    265.000    13.5518    13.5522     0.0004  45.305763  45.310365   0.004602    38.4943    38.4983     0.0040  1030.1602  1030.1631     0.0030     5.9653 4.8382e+02 1.0000e-12     0.2279 4.1063e-02      7.156    262.820    38.4943    38.4982     0.0040  1030.1601    28.9952  1030.1631    28.9982     0.0030     0.0030        130 0.0000e+00
   39.18668    1.80914    267.776    270.000    13.5530    13.5535     0.0005  45.316602  45.321356   0.004753    38.5011    38.5052     0.0040  1030.1872  1030.1903     0.0030     5.9621 4.8347e+02 1.0000e-12     0.2271 4.0222e-02      6.549    267.776    38.5011    38.5052     0.0041  1030.1872    29.0004  1030.1903    29.0034     0.0030     0.0030        129 0.0000e+00
   39.18668    1.80914    272.731    275.000    13.5521    13.5525     0.0004  45.324882  45.329643   0.004761    38.5077    38.5118     0.0041  1030.2146  1030.2177     0.0031     5.9515 4.8299e+02 1.0000e-12     0.2253 3.9833e-02      6.029    272.732    38.5077    38.5118     0.0041  1030.2146    29.0058  1030.2177    29.0089     0.0031     0.0031        124 0.0000e+00
   39.18668    1.80915    277.689    280.000    13.5479    13.5484     0.0005  45.327057  45.331701   0.004643    38.5118    38.5157     0.0039  1030.2407  1030.2437     0.0029     5.9333 4.8001e+02 1.0000e-12     0.2230 3.8578e-02      5.988    277.687    38.5117    38.5156     0.0039  1030.2407    29.0100  1030.2436    29.0129     0.0029     0.0029        126 0.0000e+00
   39.18668    1.80916    282.641    285.000    13.5346    13.5351     0.0005  45.316888  45.321656   0.004768    38.5135    38.5175     0.0041  1030.2670  1030.2700     0.0030     5.8976 4.8142e+02 1.0000e-12     0.2246 3.8560e-02      8.737    282.642    38.5132    38.5172     0.0041  1030.2668    29.0141  1030.2698    29.0171     0.0030     0.0030        127 0.0000e+00
   39.18668    1.80916    287.596    290.000    13.5316    13.5321     0.0005  45.319782  45.324507   0.004724    38.5169    38.5209     0.0040  1030.2923  1030.2953     0.0030     5.8864 4.7942e+02 1.0000e-12     0.2229 3.8611e-02      6.332    287.597    38.5167    38.5207     0.0040  1030.2922    29.0176  1030.2952    29.0206     0.0030     0.0030        126 0.0000e+00
   39.18666    1.80918    292.554    295.000    13.5234    13.5236     0.0002  45.315656  45.319995   0.004346    38.5190    38.5230     0.0040  1030.3179  1030.3209     0.0030     5.8628 4.7618e+02 1.0000e-12     0.2213 3.7948e-02      5.553    292.552    38.5187    38.5227     0.0040  1030.3176    29.0211  1030.3207    29.0242     0.0030     0.0030        128 0.0000e+00
   39.18666    1.80918    297.507    300.000    13.5217    13.5222     0.0005  45.319199  45.324015   0.004812    38.5218    38.5258     0.0041  1030.3424  1030.3454     0.0030     5.8365 4.7756e+02 1.0000e-12     0.2219 3.9357e-02      6.514    297.507    38.5217    38.5257     0.0041  1030.3423    29.0239  1030.3454    29.0269     0.0030     0.0030        137 0.0000e+00
   39.18666    1.80919    302.463    305.000    13.5223    13.5228     0.0005  45.326806  45.331553   0.004747    38.5261    38.5301     0.0040  1030.3677  1030.3707     0.0030     5.8035 4.7543e+02 1.0000e-12     0.2295 3.9382e-02      9.413    302.462    38.5260    38.5301     0.0040  1030.3676    29.0273  1030.3706    29.0303     0.0030     0.0030        121 0.0000e+00
   39.18666    1.80920    307.417    310.000    13.5180    13.5184     0.0004  45.327776  45.332528   0.004752    38.5292    38.5333     0.0041  1030.3931  1030.3961     0.0031     5.7784 4.7588e+02 1.0000e-12     0.2318 3.8684e-02     10.232    307.417    38.5291    38.5332     0.0041  1030.3930    29.0307  1030.3960    29.0338     0.0031     0.0031        135 0.0000e+00
   39.18666    1.80920    312.371    315.000    13.5168    13.5171     0.0004  45.333185  45.337834   0.004651    38.5333    38.5373     0.0041  1030.4186  1030.4216     0.0030     5.7846 4.7618e+02 1.0000e-12     0.2332 3.8670e-02      8.188    312.371    38.5332    38.5373     0.0041  1030.4185    29.0344  1030.4216    29.0375     0.0031     0.0031        140 0.0000e+00
   39.18666    1.80920    317.324    320.000    13.5231    13.5231    -0.0001  45.347855  45.351857   0.004012    38.5385    38.5424     0.0039  1030.4432  1030.4463     0.0030     5.7819 4.7333e+02 1.0000e-12     0.2226 3.8098e-02      5.103    317.326    38.5386    38.5425     0.0039  1030.4433    29.0373  1030.4463    29.0404     0.0030     0.0030         99 0.0000e+00
   39.18666    1.80920    322.280    325.000    13.5367    13.5368     0.0002  45.372648  45.376940   0.004289    38.5460    38.5500     0.0040  1030.4682  1030.4712     0.0031     5.7850 4.7241e+02 1.0000e-12     0.2196 3.8661e-02      5.374    322.280    38.5463    38.5503     0.0040  1030.4684    29.0406  1030.4714    29.0437     0.0031     0.0031        106 0.0000e+00
   39.18664    1.80920    327.234    330.000    13.5419    13.5423     0.0004  45.384519  45.389246   0.004718    38.5500    38.5540     0.0041  1030.4921  1030.4952     0.0031     5.7857 4.7073e+02 1.0000e-12     0.2190 3.8014e-02      5.473    327.234    38.5502    38.5543     0.0041  1030.4923    29.0427  1030.4954    29.0458     0.0031     0.0031        143 0.0000e+00
   39.18664    1.80920    332.189    335.000    13.5455    13.5460     0.0004  45.394369  45.399005   0.004632    38.5534    38.5574     0.0040  1030.5160  1030.5190     0.0030     5.7906 4.6736e+02 1.0000e-12     0.2197 3.8159e-02      5.187    332.189    38.5536    38.5576     0.0040  1030.5162    29.0447  1030.5192    29.0477     0.0030     0.0030        129 0.0000e+00
   39.18664    1.80920    337.144    340.000    13.5294    13.5299     0.0005  45.378948  45.383679   0.004729    38.5532    38.5572     0.0040  1030.5414  1030.5444     0.0030     5.7486 4.6815e+02 1.0000e-12     0.2191 3.7473e-02      5.123    337.142    38.5529    38.5570     0.0040  1030.5412    29.0477  1030.5442    29.0508     0.0030     0.0030        139 0.0000e+00
   39.18664    1.80920    342.097    345.000    13.5193    13.5197     0.0004  45.372119  45.376781   0.004661    38.5547    38.5587     0.0040  1030.5668  1030.5699     0.0030     5.7395 4.6405e+02 1.0000e-12     0.2184 3.6854e-02      5.470    342.096    38.5544    38.5584     0.0040  1030.5666    29.0512  1030.5696    29.0542     0.0030     0.0030        124 0.0000e+00
   39.18664    1.80920    347.049    350.000    13.5180    13.5184     0.0005  45.376292  45.381017   0.004724    38.5576    38.5616     0.0040  1030.5914  1030.5944     0.0030     5.7474 4.6500e+02 1.0000e-12     0.2182 3.7794e-02      4.852    347.050    38.5575    38.5615     0.0040  1030.5913    29.0540  1030.5943    29.0571     0.0030     0.0030        133 0.0000e+00
   39.18664    1.80919    352.005    355.000    13.5167    13.5171     0.0004  45.377607  45.382351   0.004745    38.5579    38.5620     0.0041  1030.6139  1030.6170     0.0031     5.7466 4.6546e+02 1.0000e-12     0.2174 3.8580e-02      4.762    352.004    38.5578    38.5619     0.0041  1030.6139    29.0547  1030.6169    29.0578     0.0031     0.0031        124 0.0000e+00
   39.18664    1.80918    356.958    360.000    13.5112    13.5116     0.0005  45.375362  45.380040   0.004678    38.5591    38.5631     0.0040  1030.6381  1030.6411     0.0030     5.7371 4.6422e+02 1.0000e-12     0.2170 3.7511e-02      4.680    356.957    38.5590    38.5630     0.0040  1030.6380    29.0569  1030.6410    29.0600     0.0030     0.0030        135 0.0000e+00
   39.18664    1.80918    361.909    365.000    13.5037    13.5041     0.0004  45.369614  45.374074   0.004460    38.5590    38.5629     0.0038  1030.6617  1030.6646     0.0029     5.7136 4.6602e+02 1.0000e-12     0.2169 3.8499e-02      4.920    361.911    38.5588    38.5626     0.0038  1030.6616    29.0585  1030.6644    29.0614     0.0029     0.0029        135 0.0000e+00
   39.18664    1.80917    366.864    370.000    13.4897    13.4903     0.0007  45.354340  45.359267   0.004922    38.5565    38.5606     0.0041  1030.6849  1030.6879     0.0030     5.6270 4.6303e+02 1.0000e-12     0.2170 3.7590e-02      6.284    366.864    38.5561    38.5602     0.0041  1030.6846    29.0596  1030.6876    29.0626     0.0030     0.0030        133 0.0000e+00
   39.18664    1.80916    371.818    375.000    13.4754    13.4759     0.0005  45.339912  45.344667   0.004755    38.5549    38.5589     0.0040  1030.7088  1030.7118     0.0030     5.5783 4.6346e+02 1.0000e-12     0.2172 3.7211e-02      4.782    371.817    38.5545    38.5585     0.0040  1030.7085    29.0615  1030.7115    29.0645     0.0030     0.0030        136 0.0000e+00
   39.18662    1.80916    376.770    380.000    13.4626    13.4630     0.0005  45.328805  45.333574   0.004771    38.5550    38.5591     0.0041  1030.7337  1030.7368     0.0031     5.5091 4.6508e+02 1.0000e-12     0.2172 3.7310e-02      5.239    376.770    38.5546    38.5587     0.0041  1030.7334    29.0645  1030.7364    29.0675     0.0031     0.0031        135 0.0000e+00
   39.18662    1.80916    381.723    385.000    13.4644    13.4649     0.0005  45.334870  45.339591   0.004723    38.5565    38.5605     0.0040  1030.7564  1030.7595     0.0030     5.5446 4.6467e+02 1.0000e-12     0.2169 3.7267e-02      4.829    381.723    38.5563    38.5603     0.0041  1030.7563    29.0655  1030.7594    29.0686     0.0030     0.0030        109 0.0000e+00
   39.18662    1.80914    386.675    390.000    13.4588    13.4593     0.0005  45.330615  45.335429   0.004814    38.5558    38.5599     0.0041  1030.7792  1030.7822     0.0030     5.4933 4.6410e+02 1.0000e-12     0.2170 3.7553e-02      5.178    386.676    38.5557    38.5597     0.0041  1030.7791    29.0664  1030.7821    29.0694     0.0030     0.0030        141 0.0000e+00
   39.18662    1.80914    391.630    395.000    13.4563    13.4567     0.0005  45.331135  45.335859   0.004725    38.5566    38.5607     0.0041  1030.8024  1030.8054     0.0030     5.5024 4.6515e+02 1.0000e-12     0.2175 3.7613e-02      4.973    391.628    38.5565    38.5605     0.0041  1030.8023    29.0677  1030.8053    29.0708     0.0030     0.0030        145 0.0000e+00
   39.18662    1.80914    396.577    400.000    13.4551    13.4552     0.0001  45.332858  45.337190   0.004341    38.5571    38.5611     0.0041  1030.8250  1030.8281     0.0031     5.5003 4.6633e+02 1.0000e-12     0.2173 3.7569e-02      5.110    396.581    38.5570    38.5610     0.0041  1030.8250    29.0685  1030.8281    29.0716     0.0031     0.0031        121 0.0000e+00
   39.18662    1.80914    401.536    405.000    13.4417    13.4426     0.0010  45.319541  45.324829   0.005276    38.5560    38.5601     0.0041  1030.8492  1030.8521     0.0029     5.4188 4.6586e+02 1.0000e-12     0.2186 3.7761e-02      5.445    401.533    38.5556    38.5598     0.0040  1030.8489    29.0705  1030.8519    29.0735     0.0029     0.0029        107 0.0000e+00
   39.18662    1.80914    406.484    410.000    13.4389    13.4393     0.0004  45.319948  45.324716   0.004772    38.5568    38.5609     0.0041  1030.8724  1030.8755     0.0031     5.4570 4.6722e+02 1.0000e-12     0.2209 3.7943e-02      5.561    406.486    38.5566    38.5607     0.0041  1030.8722    29.0719  1030.8753    29.0750     0.0031     0.0031        132 0.0000e+00
   39.18661    1.80914    411.440    415.000    13.4397    13.4402     0.0005  45.324701  45.329422   0.004722    38.5581    38.5622     0.0041  1030.8953  1030.8983     0.0030     5.4995 4.6633e+02 1.0000e-12     0.2202 3.7484e-02      7.442    411.438    38.5581    38.5621     0.0041  1030.8952    29.0731  1030.8982    29.0761     0.0030     0.0030        127 0.0000e+00
   39.18660    1.80914    416.388    420.000    13.4313    13.4317     0.0004  45.317908  45.322591   0.004684    38.5580    38.5621     0.0041  1030.9190  1030.9221     0.0030     5.4677 4.6946e+02 1.0000e-12     0.2187 3.7236e-02      6.941    416.390    38.5578    38.5619     0.0041  1030.9189    29.0748  1030.9219    29.0779     0.0030     0.0030        130 0.0000e+00
   39.18660    1.80915    421.341    425.000    13.4290    13.4295     0.0005  45.317817  45.322666   0.004848    38.5580    38.5621     0.0041  1030.9415  1030.9446     0.0031     5.4753 4.7237e+02 1.0000e-12     0.2185 3.7215e-02      4.886    421.342    38.5579    38.5620     0.0041  1030.9414    29.0755  1030.9445    29.0786     0.0031     0.0031        131 0.0000e+00
