example data/fromGithub/from cmunozmas_plot_raw_ctd/dradmed_08.cnv
* Sea-Bird SBE 9 Data File:
* FileName = C:\OCEANO\CTD\DATOS\2019-02_SOCIB CanalesWinter19\RADMED_08.hex
* Software Version Seasave V 7.26.7.121
* Temperature SN = 5391
* Conductivity SN = 3718
* Number of Bytes Per Scan = 40
* Number of Voltage Words = 5
* Number of Scans Averaged by the Deck Unit = 1
* NMEA Latitude = 39 11.20 N
* NMEA Longitude = 001 48.54 E
* NMEA UTC (Time) = Mar 05 2019  14:20:02
* NMEA baud rate = 4800
** Ship:B/O SOCIB
** Cruise: SOCIB-Canales Winter19
** Station: RADMED_ 08
** Date:  2019/02/19
** Time (UTC):  14:20
** Bottom Depth (m):  533
** Operator: JBM PBH
# nquan = 34
# nvalues = 107                         
# units = specified
# name 0 = latitude: Latitude [deg]
# name 1 = longitude: Longitude [deg]
# name 2 = depSM: Depth [salt water, m]
# name 3 = prDM: Pressure, Digiquartz [db]
# name 4 = t090C: Temperature [ITS-90, deg C]
# name 5 = t190C: Temperature, 2 [ITS-90, deg C]
# name 6 = T2-T190C: Temperature Difference, 2 - 1 [ITS-90, deg C]
# name 7 = c0mS/cm: Conductivity [mS/cm]
# name 8 = c1mS/cm: Conductivity, 2 [mS/cm]
# name 9 = C2-C1mS/cm: Conductivity Difference, 2 - 1 [mS/cm]
# name 10 = sal00: Salinity, Practical [PSU]
# name 11 = sal11: Salinity, Practical, 2 [PSU]
# name 12 = secS-priS: Salinity, Practical, Difference, 2 - 1 [PSU]
# name 13 = density00: Density [density, kg/m^3]
# name 14 = density11: Density, 2 [density, kg/m^3]
# name 15 = D2-D1,d: Density Difference, 2 - 1 [density, kg/m^3]
# name 16 = sbeox0Mg/L: Oxygen, SBE 43 [mg/l]
# name 17 = spar: SPAR/Surface Irradiance
# name 18 = par: PAR/Irradiance, Biospherical/Licor
# name 19 = CStarAt0: Beam Attenuation, WET Labs C-Star [1/m]
# name 20 = flSP: Fluorescence, Seapoint
# name 21 = seaTurbMtr: Turbidity, Seapoint [FTU]
# name 22 = depSM: Depth [salt water, m], lat = 39.1867
# name 23 = sal00: Salinity, Practical [PSU]
# name 24 = sal11: Salinity, Practical, 2 [PSU]
# name 25 = secS-priS: Salinity, Practical, Difference, 2 - 1 [PSU]
# name 26 = density00: Density [density, kg/m^3]
# name 27 = sigma-é00: Density [sigma-theta, kg/m^3]
# name 28 = density11: Density, 2 [density, kg/m^3]
# name 29 = sigma-é11: Density, 2 [sigma-theta, kg/m^3]
# name 30 = D2-D1,d: Density Difference, 2 - 1 [density, kg/m^3]
# name 31 = D2-D1: Density Difference, 2 - 1 [sigma-theta, kg/m^3]
# name 32 = nbin: number of scans per bin
# name 33 = flag: flag
# span 0 =   39.18650,   39.18676       
# span 1 =    1.80902,    1.80920       
# span 2 =      4.962,    525.307       
# span 3 =      5.000,    530.000       
# span 4 =    13.1031,    14.7686       
# span 5 =    13.1036,    14.7714       
# span 6 =    -0.0005,     0.0032       
# span 7 =  44.965435,  46.033429       
# span 8 =  44.970278,  46.040671       
# span 9 =   0.004012,   0.007207       
# span 10 =    38.0614,    38.5591      
# span 11 =    38.0651,    38.5631      
# span 12 =     0.0024,     0.0057      
# span 13 =  1028.4264,  1031.4325      
# span 14 =  1028.4284,  1031.4365      
# span 15 =     0.0013,     0.0044      
# span 16 =     5.3607,     7.9018      
# span 17 = 4.6303e+02, 5.9001e+02      
# span 18 = -5.017e-06, 1.8364e+02      
# span 19 =     0.2169,     0.3745      
# span 20 = 3.5865e-02, 1.0621e+00      
# span 21 =      4.680,     43.442      
# span 22 =      4.962,    525.304      
# span 23 =    38.0573,    38.5590      
# span 24 =    38.0611,    38.5630      
# span 25 =     0.0024,     0.0057      
# span 26 =  1028.4266,  1031.4329      
# span 27 =    28.4047,    29.1055      
# span 28 =  1028.4291,  1031.4364      
# span 29 =    28.4071,    29.1087      
# span 30 =     0.0014,     0.0044      
# span 31 =     0.0014,     0.0044      
# span 32 =          1,        255      
# span 33 = 0.0000e+00, 0.0000e+00      
# interval = decibars: 5                
# start_time = Mar 05 2019 14:20:02 [NMEA time, header]
# bad_flag = -9.990e-29
*END*
   39.18674    1.80906      4.962      5.000    14.7686    14.7714     0.0032  46.033429  46.040671   0.007207    38.0844    38.0879     0.0035  1028.4264  1028.4284     0.0020     7.6560 5.7447e+02 1.8364e+02     0.3706 3.5824e-01     21.345      4.962    38.0847    38.0887     0.0035  1028.4266    28.4047  1028.4291    28.4071     0.0020     0.0020         97 0.0000e+00
   39.18674    1.80906      9.923     10.000    14.7023    14.7034     0.0011  45.963821  45.968727   0.004884    38.0838    38.0873     0.0035  1028.4628  1028.4653     0.0025     7.6887 5.7066e+02 9.9517e+01     0.3728 5.1177e-01     21.856      9.924    38.0828    38.0864     0.0035  1028.4621    28.4182  1028.4646    28.4207     0.0025     0.0025        157 0.0000e+00
   39.18676    1.80907     14.885     15.000    14.6389    14.6390     0.0001  45.893994  45.900197   0.006208    38.0791    38.0847     0.0057  1028.4954  1028.4998     0.0044     7.6622 5.6583e+02 6.7765e+01     0.3745 7.1773e-01     20.642     14.886    38.0780    38.0837     0.0057  1028.4946    28.4287  1028.4990    28.4331     0.0044     0.0044        255 0.0000e+00
   39.18676    1.80906     19.847     20.000    14.6239    14.6240     0.0004  45.880220  45.884551   0.004343    38.0784    38.0820     0.0037  1028.5204  1028.5231     0.0028     7.6391 5.6182e+02 4.9198e+01     0.3684 7.6406e-01     23.978     19.847    38.0779    38.0816     0.0037  1028.5198    28.4322  1028.5228    28.4350     0.0028     0.0028        150 0.0000e+00
   39.18676    1.80906     24.805     25.000    14.6097    14.6104     0.0008  45.865016  45.869920   0.004889    38.0759    38.0797     0.0038  1028.5437  1028.5465     0.0028     7.6296 5.6044e+02 3.4016e+01     0.3588 7.5976e-01     21.534     24.809    38.0752    38.0791     0.0038  1028.5432    28.4334  1028.5460    28.4362     0.0028     0.0028        102 0.0000e+00
   39.18676    1.80906     29.773     30.000    14.5987    14.5993     0.0003  45.856574  45.861256   0.004675    38.0761    38.0798     0.0037  1028.5683  1028.5710     0.0027     7.6068 5.5818e+02 2.3097e+01     0.3602 7.9185e-01     20.736     29.770    38.0760    38.0797     0.0037  1028.5683    28.4366  1028.5710    28.4393     0.0027     0.0027        127 0.0000e+00
   39.18676    1.80905     34.731     35.000    14.4025    14.4035     0.0011  45.632163  45.637318   0.005140    38.0614    38.0651     0.0038  1028.6227  1028.6253     0.0027     7.4421 5.5272e+02 1.5396e+01     0.3277 8.0036e-01     14.315     34.731    38.0573    38.0611     0.0038  1028.6194    28.4656  1028.6221    28.4683     0.0027     0.0027        165 0.0000e+00
   39.18676    1.80904     39.693     40.000    14.4206    14.4215     0.0009  45.674531  45.679760   0.005231    38.0778    38.0818     0.0040  1028.6534  1028.6563     0.0029     7.4336 5.5183e+02 1.0431e+01     0.3039 8.6686e-01     14.024     39.693    38.0769    38.0809     0.0040  1028.6527    28.4770  1028.6556    28.4799     0.0029     0.0029        174 0.0000e+00
   39.18676    1.80904     44.653     45.000    14.4328    14.4331     0.0003  45.716064  45.720664   0.004609    38.1016    38.1056     0.0040  1028.6912  1028.6942     0.0030     7.3145 5.4693e+02 7.1052e+00     0.2995 8.3237e-01     13.491     44.654    38.1016    38.1055     0.0040  1028.6912    28.4935  1028.6942    28.4965     0.0030     0.0030        165 0.0000e+00
   39.18676    1.80902     49.615     50.000    14.4312    14.4316     0.0004  45.735072  45.739789   0.004719    38.1188    38.1228     0.0040  1028.7270  1028.7300     0.0030     7.3530 5.4618e+02 4.9251e+00     0.2903 7.4109e-01     13.389     49.615    38.1187    38.1227     0.0040  1028.7269    28.5073  1028.7299    28.5103     0.0030     0.0030        174 0.0000e+00
   39.18675    1.80902     54.576     55.000    14.4377    14.4382     0.0004  45.755232  45.759856   0.004624    38.1288    38.1327     0.0039  1028.7554  1028.7583     0.0029     7.3596 5.4026e+02 3.4359e+00     0.2862 7.1758e-01     13.218     54.575    38.1289    38.1328     0.0039  1028.7554    28.5139  1028.7583    28.5168     0.0029     0.0029        130 0.0000e+00
   39.18674    1.80902     59.536     60.000    14.4282    14.4287     0.0004  45.749251  45.753793   0.004542    38.1311    38.1349     0.0038  1028.7815  1028.7843     0.0029     7.3226 5.3837e+02 2.4006e+00     0.2864 6.7530e-01     14.552     59.536    38.1306    38.1344     0.0038  1028.7808    28.5175  1028.7836    28.5204     0.0029     0.0029        160 0.0000e+00
   39.18674    1.80902     64.497     65.000    14.4112    14.4115     0.0003  45.755433  45.759767   0.004337    38.1510    38.1548     0.0038  1028.8226  1028.8254     0.0029     7.4641 5.3673e+02 1.7033e+00     0.2795 5.5635e-01     12.364     64.497    38.1508    38.1546     0.0038  1028.8225    28.5370  1028.8253    28.5399     0.0029     0.0029        173 0.0000e+00
   39.18674    1.80902     69.456     70.000    14.3817    14.3824     0.0007  45.742543  45.747330   0.004781    38.1664    38.1702     0.0038  1028.8631  1028.8659     0.0028     7.3942 5.2974e+02 1.2225e+00     0.2676 4.3001e-01     11.235     69.457    38.1657    38.1695     0.0038  1028.8626    28.5552  1028.8654    28.5580     0.0028     0.0028        148 0.0000e+00
   39.18674    1.80904     74.418     75.000    14.3131    14.3137     0.0006  45.685113  45.689723   0.004608    38.1791    38.1828     0.0037  1028.9102  1028.9129     0.0027     7.1588 5.2876e+02 8.8893e-01     0.2598 3.5874e-01      9.233     74.417    38.1775    38.1812     0.0037  1028.9090    28.5796  1028.9117    28.5823     0.0027     0.0027        165 0.0000e+00
   39.18674    1.80904     79.377     80.000    14.2586    14.2591     0.0005  45.644453  45.649012   0.004562    38.1925    38.1963     0.0038  1028.9547  1028.9575     0.0028     7.1406 5.2716e+02 6.5736e-01     0.2514 3.1437e-01     17.257     79.377    38.1911    38.1949     0.0038  1028.9536    28.6021  1028.9564    28.6050     0.0028     0.0028        161 0.0000e+00
   39.18674    1.80906     84.338     85.000    14.2346    14.2350     0.0004  45.630184  45.634784   0.004603    38.2003    38.2042     0.0039  1028.9881  1028.9911     0.0029     7.1554 5.1951e+02 4.8513e-01     0.2537 2.8177e-01     10.701     84.338    38.1993    38.2032     0.0039  1028.9874    28.6139  1028.9903    28.6168     0.0029     0.0029        158 0.0000e+00
   39.18674    1.80907     89.297     90.000    14.2107    14.2112     0.0005  45.613121  45.617790   0.004668    38.2055    38.2094     0.0039  1029.0196  1029.0225     0.0029     7.1602 5.2090e+02 3.5696e-01     0.2548 2.6049e-01     12.430     89.298    38.2047    38.2086     0.0039  1029.0190    28.6235  1029.0219    28.6264     0.0029     0.0029        164 0.0000e+00
   39.18674    1.80908     94.257     95.000    14.1929    14.1934     0.0005  45.600709  45.605326   0.004617    38.2091    38.2129     0.0039  1029.0483  1029.0512     0.0029     7.1574 5.1688e+02 2.6385e-01     0.2566 2.7104e-01     11.821     94.257    38.2084    38.2123     0.0039  1029.0478    28.6304  1029.0507    28.6333     0.0029     0.0029        137 0.0000e+00
   39.18672    1.80910     99.217    100.000    14.1519    14.1526     0.0007  45.568871  45.573670   0.004793    38.2181    38.2219     0.0038  1029.0864  1029.0892     0.0028     7.1191 5.1396e+02 1.8843e-01     0.2554 2.8204e-01     11.223     99.217    38.2170    38.2208     0.0038  1029.0855    28.6461  1029.0883    28.6489     0.0028     0.0028        123 0.0000e+00
   39.18672    1.80910    104.175    105.000    14.0922    14.0929     0.0007  45.520655  45.525348   0.004692    38.2303    38.2340     0.0037  1029.1310  1029.1338     0.0027     7.0683 5.1316e+02 1.4014e-01     0.2547 2.9358e-01     10.209    104.177    38.2286    38.2323     0.0037  1029.1297    28.6683  1029.1325    28.6710     0.0027     0.0027        124 0.0000e+00
   39.18672    1.80912    109.137    110.000    14.0120    14.0127     0.0007  45.447688  45.452328   0.004640    38.2396    38.2433     0.0037  1029.1779  1029.1806     0.0027     7.0966 5.1094e+02 9.5020e-02     0.2596 3.2640e-01     13.216    109.136    38.2373    38.2411     0.0037  1029.1762    28.6926  1029.1789    28.6953     0.0027     0.0027        125 0.0000e+00
   39.18672    1.80912    114.096    115.000    13.9523    13.9530     0.0006  45.395514  45.400329   0.004817    38.2475    38.2514     0.0039  1029.2192  1029.2221     0.0029     7.0290 5.1011e+02 5.9866e-02     0.2781 4.9148e-01     16.327    114.095    38.2453    38.2492     0.0039  1029.2174    28.7118  1029.2203    28.7147     0.0029     0.0029        136 0.0000e+00
   39.18672    1.80914    119.054    120.000    13.9422    13.9427     0.0005  45.391438  45.396276   0.004839    38.2506    38.2546     0.0041  1029.2459  1029.2489     0.0030     7.2184 5.0742e+02 3.3909e-02     0.2914 6.4977e-01     18.154    119.055    38.2493    38.2534     0.0041  1029.2449    28.7172  1029.2479    28.7203     0.0030     0.0030        122 0.0000e+00
   39.18672    1.80914    124.015    125.000    13.9698    13.9700     0.0002  45.442903  45.447365   0.004468    38.2681    38.2721     0.0040  1029.2755  1029.2785     0.0030     7.9018 5.0581e+02 1.6879e-02     0.3260 1.0621e+00     18.353    124.014    38.2682    38.2722     0.0040  1029.2756    28.7261  1029.2786    28.7291     0.0030     0.0030        138 0.0000e+00
   39.18672    1.80915    128.971    130.000    13.8139    13.8148     0.0009  45.275613  45.280266   0.004643    38.2665    38.2700     0.0035  1029.3303  1029.3328     0.0025     7.6503 5.0583e+02 2.5380e-03     0.3268 7.6712e-01     16.135    128.973    38.2631    38.2666     0.0035  1029.3277    28.7558  1029.3302    28.7584     0.0025     0.0025        124 0.0000e+00
   39.18672    1.80916    133.933    135.000    13.7289    13.7296     0.0006  45.205384  45.210214   0.004830    38.2822    38.2861     0.0039  1029.3831  1029.3859     0.0029     7.2574 5.0292e+02 4.7780e-05     0.3018 6.4225e-01     15.023    133.932    38.2792    38.2831     0.0039  1029.3807    28.7867  1029.3836    28.7896     0.0029     0.0029        112 0.0000e+00
   39.18672    1.80916    138.891    140.000    13.6949    13.6953     0.0006  45.179377  45.183999   0.004626    38.2884    38.2923     0.0039  1029.4173  1029.4202     0.0029     7.2802 5.0263e+02 -5.017e-06     0.2872 6.3832e-01     13.323    138.890    38.2863    38.2902     0.0039  1029.4157    28.7996  1029.4186    28.8025     0.0029     0.0029        130 0.0000e+00
   39.18672    1.80917    143.849    145.000    13.6788    13.6791     0.0003  45.178046  45.182572   0.004533    38.3000    38.3041     0.0040  1029.4519  1029.4550     0.0031     7.0895 5.0274e+02 1.0000e-12     0.2709 4.0238e-01      9.213    143.849    38.2988    38.3028     0.0040  1029.4510    28.8129  1029.4540    28.8159     0.0031     0.0031        131 0.0000e+00
   39.18670    1.80918    148.810    150.000    13.6804    13.6808     0.0004  45.191872  45.196624   0.004751    38.3088    38.3128     0.0041  1029.4804  1029.4835     0.0031     6.9971 5.0165e+02 1.0000e-12     0.2579 2.5090e-01      7.966    148.808    38.3082    38.3123     0.0041  1029.4800    28.8200  1029.4831    28.8231     0.0031     0.0031        131 0.0000e+00
   39.18670    1.80918    153.765    155.000    13.6604    13.6610     0.0006  45.179869  45.184774   0.004901    38.3152    38.3193     0.0041  1029.5118  1029.5149     0.0030     6.9531 5.0196e+02 1.0000e-12     0.2462 1.7131e-01      8.335    153.766    38.3145    38.3186     0.0041  1029.5114    28.8293  1029.5144    28.8323     0.0030     0.0030        140 0.0000e+00
   39.18670    1.80918    158.723    160.000    13.6163    13.6169     0.0006  45.133506  45.138412   0.004905    38.3135    38.3176     0.0041  1029.5422  1029.5452     0.0030     7.0231 5.0149e+02 1.0000e-12     0.2346 1.2386e-01      6.680    158.724    38.3123    38.3164     0.0041  1029.5413    28.8371  1029.5443    28.8401     0.0030     0.0030        129 0.0000e+00
   39.18670    1.80918    163.684    165.000    13.6017    13.6022     0.0005  45.126976  45.131735   0.004763    38.3193    38.3233     0.0041  1029.5719  1029.5750     0.0031     7.0299 4.9832e+02 1.0000e-12     0.2304 1.1345e-01      5.659    163.682    38.3185    38.3226     0.0041  1029.5713    28.8452  1029.5744    28.8483     0.0031     0.0031        117 0.0000e+00
   39.18670    1.80918    168.641    170.000    13.5806    13.5810     0.0004  45.107453  45.112183   0.004732    38.3196    38.3238     0.0041  1029.5989  1029.6020     0.0031     7.1285 4.9990e+02 1.0000e-12     0.2279 9.5008e-02      5.553    168.640    38.3189    38.3230     0.0041  1029.5983    28.8501  1029.6014    28.8532     0.0031     0.0031        139 0.0000e+00
   39.18670    1.80918    173.598    175.000    13.6138    13.6141     0.0003  45.162063  45.166914   0.004854    38.3350    38.3393     0.0043  1029.6257  1029.6290     0.0033     6.7833 5.0011e+02 1.0000e-12     0.2260 8.2660e-02      6.312    173.598    38.3353    38.3396     0.0043  1029.6260    28.8560  1029.6293    28.8592     0.0032     0.0032        137 0.0000e+00
   39.18670    1.80917    178.556    180.000    13.6569    13.6572     0.0004  45.231379  45.236108   0.004729    38.3549    38.3591     0.0041  1029.6539  1029.6571     0.0031     6.5490 4.9942e+02 1.0000e-12     0.2256 7.1778e-02      6.698    178.556    38.3559    38.3600     0.0041  1029.6547    28.8629  1029.6578    28.8660     0.0031     0.0031        132 0.0000e+00
   39.18670    1.80916    183.514    185.000    13.6519    13.6523     0.0004  45.232651  45.237229   0.004577    38.3595    38.3635     0.0040  1029.6807  1029.6837     0.0030     6.5750 4.9821e+02 1.0000e-12     0.2261 7.0922e-02     10.273    183.514    38.3598    38.3638     0.0040  1029.6809    28.8672  1029.6839    28.8702     0.0030     0.0030        132 0.0000e+00
   39.18670    1.80916    188.472    190.000    13.6441    13.6445     0.0004  45.231163  45.235766   0.004603    38.3640    38.3680     0.0040  1029.7079  1029.7109     0.0030     6.5352 4.9846e+02 1.0000e-12     0.2264 7.4341e-02      7.718    188.471    38.3640    38.3679     0.0040  1029.7079    28.8722  1029.7109    28.8752     0.0030     0.0030        123 0.0000e+00
   39.18670    1.80916    193.427    195.000    13.6358    13.6362     0.0004  45.235175  45.239852   0.004676    38.3740    38.3780     0.0040  1029.7396  1029.7426     0.0030     6.4795 4.9903e+02 1.0000e-12     0.2266 6.4329e-02      6.996    193.429    38.3739    38.3779     0.0040  1029.7395    28.8818  1029.7425    28.8848     0.0030     0.0030        140 0.0000e+00
   39.18670    1.80914    198.387    200.000    13.6325    13.6329     0.0004  45.255703  45.260340   0.004637    38.3947    38.3987     0.0040  1029.7784  1029.7814     0.0030     6.3155 4.9752e+02 1.0000e-12     0.2275 5.7698e-02      6.132    198.386    38.3945    38.3985     0.0040  1029.7783    28.8987  1029.7813    28.9017     0.0030     0.0030        124 0.0000e+00
   39.18670    1.80914    203.344    205.000    13.6326    13.6330     0.0005  45.279097  45.283786   0.004688    38.4144    38.4185     0.0040  1029.8158  1029.8188     0.0030     6.1994 4.9602e+02 1.0000e-12     0.2273 5.1099e-02      6.689    203.343    38.4145    38.4185     0.0040  1029.8158    28.9143  1029.8188    28.9173     0.0030     0.0030        132 0.0000e+00
   39.18670    1.80914    208.299    210.000    13.6061    13.6066     0.0005  45.273449  45.278121   0.004671    38.4341    38.4381     0.0040  1029.8589  1029.8618     0.0030     6.1256 4.9681e+02 1.0000e-12     0.2273 4.6197e-02      8.105    208.300    38.4335    38.4374     0.0040  1029.8583    28.9348  1029.8613    28.9378     0.0030     0.0030        121 0.0000e+00
