example data/fromGithub/from cmunozmas_plot_raw_ctd/dradmed_05.cnv
* Sea-Bird SBE 9 Data File:
* FileName = C:\OCEANO\CTD\DATOS\2019-02_SOCIB CanalesWinter19\RADMED_05.hex
* Software Version Seasave V 7.26.7.121
* Temperature SN = 5391
* Conductivity SN = 3718
* Number of Bytes Per Scan = 40
* Number of Voltage Words = 5
* Number of Scans Averaged by the Deck Unit = 1
* NMEA Latitude = 39 19.40 N
* NMEA Longitude = 002 04.00 E
* NMEA UTC (Time) = Mar 05 2019  11:19:14
* NMEA baud rate = 4800
** Ship:B/O SOCIB
** Cruise: SOCIB-Canales Winter19
** Station: RADMED_ 05
** Date:  2019/02/19
** Time (UTC):  11:20
** Bottom Depth (m):  477
** Operator: PBH NCW
# nquan = 34
# nvalues = 95                          
# units = specified
# name 0 = latitude: Latitude [deg]
# name 1 = longitude: Longitude [deg]
# name 2 = depSM: Depth [salt water, m]
# name 3 = prDM: Pressure, Digiquartz [db]
# name 4 = t090C: Temperature [ITS-90, deg C]
# name 5 = t190C: Temperature, 2 [ITS-90, deg C]
# name 6 = T2-T190C: Temperature Difference, 2 - 1 [ITS-90, deg C]
# name 7 = c0mS/cm: Conductivity [mS/cm]
# name 8 = c1mS/cm: Conductivity, 2 [mS/cm]
# name 9 = C2-C1mS/cm: Conductivity Difference, 2 - 1 [mS/cm]
# name 10 = sal00: Salinity, Practical [PSU]
# name 11 = sal11: Salinity, Practical, 2 [PSU]
# name 12 = secS-priS: Salinity, Practical, Difference, 2 - 1 [PSU]
# name 13 = density00: Density [density, kg/m^3]
# name 14 = density11: Density, 2 [density, kg/m^3]
# name 15 = D2-D1,d: Density Difference, 2 - 1 [density, kg/m^3]
# name 16 = sbeox0Mg/L: Oxygen, SBE 43 [mg/l]
# name 17 = spar: SPAR/Surface Irradiance
# name 18 = par: PAR/Irradiance, Biospherical/Licor
# name 19 = CStarAt0: Beam Attenuation, WET Labs C-Star [1/m]
# name 20 = flSP: Fluorescence, Seapoint
# name 21 = seaTurbMtr: Turbidity, Seapoint [FTU]
# name 22 = depSM: Depth [salt water, m], lat = 39.3233
# name 23 = sal00: Salinity, Practical [PSU]
# name 24 = sal11: Salinity, Practical, 2 [PSU]
# name 25 = secS-priS: Salinity, Practical, Difference, 2 - 1 [PSU]
# name 26 = density00: Density [density, kg/m^3]
# name 27 = sigma-é00: Density [sigma-theta, kg/m^3]
# name 28 = density11: Density, 2 [density, kg/m^3]
# name 29 = sigma-é11: Density, 2 [sigma-theta, kg/m^3]
# name 30 = D2-D1,d: Density Difference, 2 - 1 [density, kg/m^3]
# name 31 = D2-D1: Density Difference, 2 - 1 [sigma-theta, kg/m^3]
# name 32 = nbin: number of scans per bin
# name 33 = flag: flag
# span 0 =   39.32350,   39.32366       
# span 1 =    2.06601,    2.06668       
# span 2 =      4.963,    470.869       
# span 3 =      5.000,    475.000       
# span 4 =    13.3362,    14.9253       
# span 5 =    13.3363,    14.9251       
# span 6 =    -0.0037,     0.0065       
# span 7 =  44.854805,  45.907058       
# span 8 =  44.858948,  45.911069       
# span 9 =  -0.001168,   0.010735       
# span 10 =    37.8151,    38.5633      
# span 11 =    37.8189,    38.5674      
# span 12 =     0.0025,     0.0042      
# span 13 =  1028.1833,  1031.1671      
# span 14 =  1028.1863,  1031.1701      
# span 15 =     0.0014,     0.0034      
# span 16 =     5.2882,     7.7706      
# span 17 = 4.6171e+02, 6.6583e+02      
# span 18 = -3.100e-05, 1.9486e+02      
# span 19 =     0.2099,     0.3231      
# span 20 = 3.7393e-02, 7.3729e-01      
# span 21 =      4.705,     19.011      
# span 22 =      4.962,    470.849      
# span 23 =    37.8144,    38.5632      
# span 24 =    37.8183,    38.5673      
# span 25 =     0.0025,     0.0042      
# span 26 =  1028.1827,  1031.1668      
# span 27 =    28.1608,    29.0822      
# span 28 =  1028.1858,  1031.1698      
# span 29 =    28.1639,    29.0853      
# span 30 =     0.0014,     0.0034      
# span 31 =     0.0014,     0.0034      
# span 32 =         35,        194      
# span 33 = 0.0000e+00, 0.0000e+00      
# interval = decibars: 5                
# start_time = Mar 05 2019 11:19:14 [NMEA time, header]
# bad_flag = -9.990e-29
*END*
[from data line 86]
   39.32364    2.06608    431.240    435.000    13.4540    13.4544     0.0005  45.353971  45.358762   0.004791    38.5627    38.5668     0.0040  1030.9837  1030.9868     0.0030     5.3173 5.1322e+02 1.0000e-12     0.2121 3.8346e-02      6.072    431.240    38.5627    38.5668     0.0041  1030.9837    29.0743  1030.9868    29.0774     0.0030     0.0030        124 0.0000e+00
   39.32364    2.06608    436.193    440.000    13.4546    13.4550     0.0005  45.357087  45.361952   0.004865    38.5628    38.5670     0.0042  1031.0057  1031.0088     0.0031     5.3049 5.1577e+02 1.0000e-12     0.2111 3.7722e-02      5.713    436.191    38.5628    38.5670     0.0042  1031.0057    29.0744  1031.0088    29.0776     0.0031     0.0031        146 0.0000e+00
   39.32364    2.06608    441.140    445.000    13.4520    13.4526     0.0005  45.356880  45.361735   0.004855    38.5630    38.5671     0.0041  1031.0284  1031.0314     0.0031     5.2948 5.1863e+02 1.0000e-12     0.2103 3.7754e-02      5.493    441.143    38.5630    38.5671     0.0041  1031.0283    29.0752  1031.0314    29.0783     0.0030     0.0030        150 0.0000e+00
   39.32365    2.06607    446.094    450.000    13.4469    13.4475     0.0005  45.353903  45.358786   0.004882    38.5632    38.5673     0.0041  1031.0516  1031.0547     0.0031     5.2956 5.2100e+02 1.0000e-12     0.2107 3.7629e-02      5.443    446.094    38.5631    38.5672     0.0041  1031.0515    29.0765  1031.0546    29.0796     0.0031     0.0031        165 0.0000e+00
   39.32366    2.06606    451.051    455.000    13.4423    13.4430     0.0007  45.351503  45.356575   0.005069    38.5633    38.5674     0.0041  1031.0748  1031.0778     0.0030     5.2948 5.2502e+02 1.0000e-12     0.2099 3.7428e-02      5.450    451.045    38.5632    38.5673     0.0041  1031.0746    29.0777  1031.0777    29.0808     0.0030     0.0030         96 0.0000e+00
   39.32365    2.06605    456.001    460.000    13.4347    13.4354     0.0007  45.345086  45.350138   0.005051    38.5627    38.5668     0.0041  1031.0980  1031.1010     0.0030     5.2882 5.2773e+02 1.0000e-12     0.2099 3.7393e-02      5.803    455.996    38.5625    38.5666     0.0041  1031.0978    29.0790  1031.1008    29.0820     0.0030     0.0030        130 0.0000e+00
   39.32364    2.06604    460.943    465.000    13.4245    13.4250     0.0005  45.335260  45.340128   0.004873    38.5614    38.5656     0.0041  1031.1212  1031.1242     0.0031     5.2987 5.3095e+02 1.3268e-07     0.2121 3.7460e-02     14.153    460.947    38.5612    38.5653     0.0041  1031.1210    29.0803  1031.1240    29.0833     0.0031     0.0031        142 0.0000e+00
   39.32364    2.06604    465.899    470.000    13.4142    13.4152     0.0009  45.324893  45.330263   0.005362    38.5597    38.5638     0.0041  1031.1441  1031.1470     0.0029     5.2983 5.3318e+02 2.7703e-09     0.2259 3.8179e-02     13.417    465.898    38.5594    38.5635     0.0041  1031.1439    29.0812  1031.1468    29.0842     0.0029     0.0029        124 0.0000e+00
   39.32364    2.06601    470.869    475.000    13.4050    13.4051     0.0002  45.315987  45.320297   0.004339    38.5583    38.5623     0.0040  1031.1671  1031.1701     0.0030 -9.990e-29 5.3674e+02 7.3433e-07     0.2421 3.8961e-02     19.011    470.849    38.5580    38.5620     0.0040  1031.1668    29.0822  1031.1698    29.0853     0.0030     0.0030         35 0.0000e+00
