example data/fromGithub/from cmunozmas_plot_raw_ctd/dradmed_05.cnv
* Sea-Bird SBE 9 Data File:
* FileName = C:\OCEANO\CTD\DATOS\2019-02_SOCIB CanalesWinter19\RADMED_05.hex
* Software Version Seasave V 7.26.7.121
* Temperature SN = 5391
* Conductivity SN = 3718
* Number of Bytes Per Scan = 40
* Number of Voltage Words = 5
* Number of Scans Averaged by the Deck Unit = 1
* NMEA Latitude = 39 19.40 N
* NMEA Longitude = 002 04.00 E
* NMEA UTC (Time) = Mar 05 2019  11:19:14
* NMEA baud rate = 4800
** Ship:B/O SOCIB
** Cruise: SOCIB-Canales Winter19
** Station: RADMED_ 05
** Date:  2019/02/19
** Time (UTC):  11:20
** Bottom Depth (m):  477
** Operator: PBH NCW
# nquan = 34
# nvalues = 95                          
# units = specified
# name 0 = latitude: Latitude [deg]
# name 1 = longitude: Longitude [deg]
# name 2 = depSM: Depth [salt water, m]
# name 3 = prDM: Pressure, Digiquartz [db]
# name 4 = t090C: Temperature [ITS-90, deg C]
# name 5 = t190C: Temperature, 2 [ITS-90, deg C]
# name 6 = T2-T190C: Temperature Difference, 2 - 1 [ITS-90, deg C]
# name 7 = c0mS/cm: Conductivity [mS/cm]
# name 8 = c1mS/cm: Conductivity, 2 [mS/cm]
# name 9 = C2-C1mS/cm: Conductivity Difference, 2 - 1 [mS/cm]
# name 10 = sal00: Salinity, Practical [PSU]
# name 11 = sal11: Salinity, Practical, 2 [PSU]
# name 12 = secS-priS: Salinity, Practical, Difference, 2 - 1 [PSU]
# name 13 = density00: Density [density, kg/m^3]
# name 14 = density11: Density, 2 [density, kg/m^3]
# name 15 = D2-D1,d: Density Difference, 2 - 1 [density, kg/m^3]
# name 16 = sbeox0Mg/L: Oxygen, SBE 43 [mg/l]
# name 17 = spar: SPAR/Surface Irradiance
# name 18 = par: PAR/Irradiance, Biospherical/Licor
# name 19 = CStarAt0: Beam Attenuation, WET Labs C-Star [1/m]
# name 20 = flSP: Fluorescence, Seapoint
# name 21 = seaTurbMtr: Turbidity, Seapoint [FTU]
# name 22 = depSM: Depth [salt water, m], lat = 39.3233
# name 23 = sal00: Salinity, Practical [PSU]
# name 24 = sal11: Salinity, Practical, 2 [PSU]
# name 25 = secS-priS: Salinity, Practical, Difference, 2 - 1 [PSU]
# name 26 = density00: Density [density, kg/m^3]
# name 27 = sigma-é00: Density [sigma-theta, kg/m^3]
# name 28 = density11: Density, 2 [density, kg/m^3]
# name 29 = sigma-é11: Density, 2 [sigma-theta, kg/m^3]
# name 30 = D2-D1,d: Density Difference, 2 - 1 [density, kg/m^3]
# name 31 = D2-D1: Density Difference, 2 - 1 [sigma-theta, kg/m^3]
# name 32 = nbin: number of scans per bin
# name 33 = flag: flag
# span 0 =   39.32350,   39.32366       
# span 1 =    2.06601,    2.06668       
# span 2 =      4.963,    470.869       
# span 3 =      5.000,    475.000       
# span 4 =    13.3362,    14.9253       
# span 5 =    13.3363,    14.9251       
# span 6 =    -0.0037,     0.0065       
# span 7 =  44.854805,  45.907058       
# span 8 =  44.858948,  45.911069       
# span 9 =  -0.001168,   0.010735       
# span 10 =    37.8151,    38.5633      
# span 11 =    37.8189,    38.5674      
# span 12 =     0.0025,     0.0042      
# span 13 =  1028.1833,  1031.1671      
# span 14 =  1028.1863,  1031.1701      
# span 15 =     0.0014,     0.0034      
# span 16 =     5.2882,     7.7706      
# span 17 = 4.6171e+02, 6.6583e+02      
# span 18 = -3.100e-05, 1.9486e+02      
# span 19 =     0.2099,     0.3231      
# span 20 = 3.7393e-02, 7.3729e-01      
# span 21 =      4.705,     19.011      
# span 22 =      4.962,    470.849      
# span 23 =    37.8144,    38.5632      
# span 24 =    37.8183,    38.5673      
# span 25 =     0.0025,     0.0042      
# span 26 =  1028.1827,  1031.1668      
# span 27 =    28.1608,    29.0822      
# span 28 =  1028.1858,  1031.1698      
# span 29 =    28.1639,    29.0853      
# span 30 =     0.0014,     0.0034      
# span 31 =     0.0014,     0.0034      
# span 32 =         35,        194      
# span 33 = 0.0000e+00, 0.0000e+00      
# interval = decibars: 5                
# start_time = Mar 05 2019 11:19:14 [NMEA time, header]
# bad_flag = -9.990e-29
*END*
[from data line 43]
   39.32356    2.06632    218.211    220.000    13.4276    13.4282     0.0007  44.932530  44.937438   0.004907    38.2829    38.2870     0.0041  1029.8246  1029.8276     0.0030     7.3380 4.7692e+02 1.0000e-12     0.2258 1.2246e-01      5.178    218.212    38.2829    38.2870     0.0041  1029.8245    28.8561  1029.8276    28.8592     0.0030     0.0030        147 0.0000e+00
   39.32356    2.06632    223.167    225.000    13.3991    13.3995     0.0004  44.901905  44.906535   0.004635    38.2805    38.2845     0.0040  1029.8509  1029.8540     0.0030     7.3297 4.7453e+02 1.0000e-12     0.2273 1.2683e-01      5.056    223.168    38.2800    38.2840     0.0040  1029.8505    28.8600  1029.8536    28.8631     0.0030     0.0030        143 0.0000e+00
   39.32358    2.06632    228.125    230.000    13.3599    13.3608     0.0009  44.862287  44.867500   0.005202    38.2804    38.2845     0.0041  1029.8814  1029.8844     0.0030     7.2646 4.7263e+02 1.0000e-12     0.2280 1.3425e-01      9.158    228.125    38.2791    38.2832     0.0041  1029.8804    28.8678  1029.8834    28.8708     0.0029     0.0029        142 0.0000e+00
   39.32358    2.06632    233.082    235.000    13.3892    13.3896     0.0004  44.916000  44.920682   0.004686    38.2982    38.3023     0.0041  1029.9109  1029.9140     0.0031     7.2001 4.7153e+02 1.0000e-12     0.2364 1.2404e-01      6.825    233.081    38.2989    38.3029     0.0041  1029.9115    28.8771  1029.9145    28.8801     0.0031     0.0031        144 0.0000e+00
   39.32358    2.06631    238.038    240.000    13.3362    13.3363     0.0001  44.854805  44.858948   0.004161    38.2926    38.2965     0.0039  1029.9402  1029.9432     0.0030     7.1828 4.7010e+02 1.0000e-12     0.2325 9.8748e-02      7.516    238.037    38.2913    38.2951     0.0039  1029.9392    28.8825  1029.9421    28.8854     0.0030     0.0030        139 0.0000e+00
   39.32360    2.06630    242.991    245.000    13.4429    13.4428    -0.0001  45.015541  45.019719   0.004185    38.3335    38.3376     0.0041  1029.9709  1029.9741     0.0032     6.9239 4.6804e+02 1.0000e-12     0.2304 9.7872e-02      5.599    242.994    38.3356    38.3397     0.0041  1029.9725    28.8945  1029.9758    28.8978     0.0032     0.0032        130 0.0000e+00
   39.32360    2.06630    247.949    250.000    13.5282    13.5266    -0.0004  45.145074  45.147403   0.002343    38.3689    38.3729     0.0039  1030.0020  1030.0054     0.0034     6.6566 4.6736e+02 1.0000e-12     0.2252 9.1012e-02      4.968    247.950    38.3713    38.3752     0.0039  1030.0039    28.9044  1030.0072    28.9077     0.0034     0.0034        106 0.0000e+00
   39.32360    2.06630    252.910    255.000    13.5598    13.5599     0.0001  45.201429  45.205430   0.003980    38.3894    38.3932     0.0038  1030.0331  1030.0360     0.0029     6.5909 4.6700e+02 1.0000e-12     0.2225 7.6220e-02      5.489    252.906    38.3910    38.3948     0.0038  1030.0344    28.9131  1030.0373    28.9161     0.0029     0.0029        131 0.0000e+00
   39.32362    2.06630    257.861    260.000    13.6053    13.6057     0.0004  45.280042  45.284576   0.004518    38.4165    38.4204     0.0039  1030.0662  1030.0692     0.0029     6.4148 4.6551e+02 1.1611e-07     0.2231 5.8338e-02      6.068    257.861    38.4180    38.4219     0.0039  1030.0674    28.9245  1030.0704    28.9275     0.0029     0.0029        148 0.0000e+00
   39.32362    2.06630    262.814    265.000    13.6156    13.6162     0.0005  45.307179  45.311728   0.004540    38.4305    38.4343     0.0038  1030.0969  1030.0997     0.0028     6.3245 4.6484e+02 8.5425e-10     0.2243 6.4664e-02      5.821    262.817    38.4313    38.4351     0.0038  1030.0975    28.9328  1030.1003    28.9356     0.0028     0.0028        126 0.0000e+00
   39.32362    2.06629    267.774    270.000    13.6169    13.6174     0.0005  45.327183  45.331814   0.004627    38.4464    38.4504     0.0040  1030.1310  1030.1340     0.0030     6.2084 4.6423e+02 1.0000e-12     0.2241 5.3759e-02      6.487    267.773    38.4468    38.4507     0.0040  1030.1313    28.9447  1030.1343    28.9477     0.0030     0.0030        137 0.0000e+00
   39.32362    2.06628    272.727    275.000    13.6207    13.6212     0.0005  45.344806  45.349444   0.004636    38.4574    38.4613     0.0039  1030.1607  1030.1636     0.0029     6.1243 4.6379e+02 1.0000e-12     0.2231 5.1062e-02      5.880    272.728    38.4576    38.4615     0.0039  1030.1609    28.9524  1030.1638    28.9553     0.0029     0.0029        137 0.0000e+00
   39.32362    2.06628    277.684    280.000    13.5853    13.5861     0.0008  45.317904  45.322810   0.004899    38.4660    38.4698     0.0038  1030.1971  1030.1999     0.0028     6.0090 4.6402e+02 1.0000e-12     0.2222 4.5606e-02      5.144    277.684    38.4653    38.4692     0.0038  1030.1967    28.9661  1030.1994    28.9689     0.0028     0.0028        151 0.0000e+00
   39.32362    2.06628    282.642    285.000    13.5474    13.5482     0.0007  45.280348  45.285181   0.004832    38.4663    38.4702     0.0039  1030.2277  1030.2306     0.0028     5.9905 4.6355e+02 1.0000e-12     0.2216 4.2879e-02      6.335    282.639    38.4654    38.4692     0.0039  1030.2270    28.9743  1030.2298    28.9772     0.0028     0.0028        110 0.0000e+00
   39.32362    2.06628    287.591    290.000    13.5899    13.5905     0.0006  45.348511  45.353540   0.005030    38.4847    38.4890     0.0042  1030.2548  1030.2579     0.0031     5.9697 4.6268e+02 1.0000e-12     0.2214 4.2502e-02      5.931    287.594    38.4853    38.4895     0.0042  1030.2552    28.9809  1030.2583    28.9840     0.0031     0.0031        149 0.0000e+00
   39.32362    2.06626    292.551    295.000    13.6269    13.6274     0.0005  45.409245  45.413729   0.004487    38.5029    38.5067     0.0038  1030.2828  1030.2857     0.0029     5.9543 4.6258e+02 1.0000e-12     0.2236 4.3048e-02      6.148    292.549    38.5037    38.5075     0.0038  1030.2834    28.9874  1030.2863    28.9903     0.0029     0.0029        127 0.0000e+00
   39.32361    2.06626    297.506    300.000    13.6172    13.6177     0.0005  45.413196  45.417932   0.004734    38.5149    38.5189     0.0040  1030.3163  1030.3193     0.0030     5.9328 4.6208e+02 1.0000e-12     0.2216 4.1377e-02      5.321    297.504    38.5150    38.5190     0.0040  1030.3164    28.9985  1030.3193    29.0015     0.0030     0.0030        115 0.0000e+00
   39.32360    2.06626    302.456    305.000    13.6145    13.6151     0.0006  45.416312  45.421057   0.004742    38.5185    38.5224     0.0039  1030.3417  1030.3446     0.0029     5.9324 4.6171e+02 1.0000e-12     0.2212 4.1970e-02      5.424    302.458    38.5185    38.5224     0.0039  1030.3417    29.0019  1030.3446    29.0048     0.0029     0.0029        127 0.0000e+00
   39.32360    2.06626    307.413    310.000    13.6160    13.6165     0.0005  45.425406  45.430087   0.004682    38.5234    38.5273     0.0040  1030.3672  1030.3702     0.0030     5.9178 4.6247e+02 1.0000e-12     0.2214 4.1306e-02      5.679    307.413    38.5234    38.5274     0.0040  1030.3672    29.0055  1030.3702    29.0085     0.0030     0.0030        132 0.0000e+00
   39.32360    2.06624    312.369    315.000    13.6012    13.6022     0.0009  45.418223  45.423441   0.005208    38.5295    38.5335     0.0040  1030.3972  1030.4001     0.0029     5.9089 4.6270e+02 1.0000e-12     0.2222 4.0520e-02     18.589    312.368    38.5292    38.5332     0.0040  1030.3969    29.0133  1030.3998    29.0162     0.0029     0.0029        149 0.0000e+00
   39.32360    2.06624    317.321    320.000    13.5760    13.5766     0.0005  45.392217  45.396962   0.004750    38.5281    38.5321     0.0040  1030.4237  1030.4266     0.0030     5.9244 4.6309e+02 1.0000e-12     0.2215 3.9980e-02      5.966    317.322    38.5275    38.5315     0.0040  1030.4232    29.0175  1030.4262    29.0205     0.0030     0.0030        141 0.0000e+00
   39.32360    2.06623    322.278    325.000    13.5791    13.5796     0.0005  45.402697  45.407502   0.004808    38.5324    38.5364     0.0040  1030.4483  1030.4514     0.0030     5.9096 4.6406e+02 1.0000e-12     0.2212 4.0628e-02      5.741    322.276    38.5322    38.5363     0.0041  1030.4482    29.0207  1030.4512    29.0237     0.0030     0.0030        148 0.0000e+00
   39.32360    2.06622    327.230    330.000    13.5736    13.5742     0.0006  45.406056  45.411002   0.004945    38.5389    38.5430     0.0041  1030.4766  1030.4797     0.0031     5.8883 4.6520e+02 1.0000e-12     0.2205 3.9846e-02      5.223    327.230    38.5387    38.5428     0.0041  1030.4765    29.0270  1030.4795    29.0301     0.0031     0.0031        138 0.0000e+00
   39.32360    2.06622    332.182    335.000    13.5492    13.5502     0.0010  45.384982  45.390098   0.005111    38.5415    38.5454     0.0039  1030.5060  1030.5088     0.0028     5.8701 4.6645e+02 1.0000e-12     0.2205 3.9798e-02      5.064    332.184    38.5410    38.5449     0.0039  1030.5056    29.0342  1030.5084    29.0370     0.0028     0.0028        111 0.0000e+00
   39.32360    2.06622    337.139    340.000    13.5434    13.5439     0.0005  45.382993  45.387767   0.004783    38.5429    38.5470     0.0041  1030.5304  1030.5335     0.0030     5.8541 4.6722e+02 1.0000e-12     0.2187 3.9070e-02      7.267    337.138    38.5426    38.5467     0.0041  1030.5302    29.0368  1030.5332    29.0398     0.0030     0.0030        139 0.0000e+00
   39.32360    2.06620    342.093    345.000    13.5405    13.5411     0.0005  45.385561  45.390393   0.004836    38.5459    38.5500     0.0041  1030.5554  1030.5585     0.0031     5.8282 4.6927e+02 1.0000e-12     0.2193 3.9352e-02      4.830    342.092    38.5458    38.5498     0.0041  1030.5553    29.0400  1030.5583    29.0431     0.0030     0.0030        139 0.0000e+00
   39.32360    2.06620    347.047    350.000    13.5372    13.5377     0.0005  45.386517  45.391237   0.004722    38.5479    38.5520     0.0040  1030.5797  1030.5828     0.0030     5.8110 4.7104e+02 1.0000e-12     0.2198 3.9032e-02      5.097    347.046    38.5478    38.5518     0.0040  1030.5796    29.0424  1030.5826    29.0454     0.0030     0.0030        108 0.0000e+00
   39.32359    2.06618    351.998    355.000    13.5296    13.5302     0.0006  45.381981  45.386827   0.004845    38.5492    38.5532     0.0040  1030.6044  1030.6074     0.0030     5.7801 4.7306e+02 1.0000e-12     0.2200 3.9177e-02      4.949    351.999    38.5489    38.5530     0.0040  1030.6042    29.0451  1030.6072    29.0481     0.0030     0.0030        115 0.0000e+00
   39.32358    2.06618    356.953    360.000    13.5283    13.5287     0.0005  45.385645  45.390335   0.004695    38.5516    38.5556     0.0040  1030.6286  1030.6316     0.0030     5.7615 4.7501e+02 1.0000e-12     0.2195 3.8855e-02      4.890    356.953    38.5515    38.5555     0.0040  1030.6285    29.0475  1030.6315    29.0505     0.0030     0.0030        117 0.0000e+00
   39.32358    2.06617    361.906    365.000    13.5197    13.5203     0.0006  45.379513  45.384370   0.004855    38.5523    38.5563     0.0040  1030.6530  1030.6560     0.0030     5.7234 4.7692e+02 1.0000e-12     0.2190 3.9324e-02      5.053    361.906    38.5520    38.5561     0.0040  1030.6528    29.0499  1030.6558    29.0529     0.0030     0.0030        140 0.0000e+00
   39.32358    2.06616    366.857    370.000    13.5106    13.5111     0.0006  45.372434  45.377270   0.004837    38.5525    38.5566     0.0041  1030.6772  1030.6803     0.0030     5.6914 4.7895e+02 1.0000e-12     0.2182 3.8318e-02      4.887    366.859    38.5523    38.5563     0.0041  1030.6771    29.0522  1030.6801    29.0552     0.0030     0.0030        136 0.0000e+00
   39.32359    2.06616    371.813    375.000    13.5083    13.5088     0.0005  45.372689  45.377451   0.004762    38.5527    38.5568     0.0040  1030.6999  1030.7029     0.0030     5.6685 4.8152e+02 1.0000e-12     0.2184 3.9340e-02      5.097    371.812    38.5526    38.5566     0.0040  1030.6998    29.0531  1030.7028    29.0561     0.0030     0.0030        131 0.0000e+00
   39.32360    2.06616    376.765    380.000    13.5017    13.5023     0.0006  45.368061  45.373008   0.004944    38.5528    38.5568     0.0041  1030.7234  1030.7264     0.0030     5.6405 4.8389e+02 1.0000e-12     0.2181 3.9652e-02      5.216    376.765    38.5526    38.5567     0.0041  1030.7233    29.0547  1030.7263    29.0577     0.0030     0.0030        140 0.0000e+00
   39.32360    2.06614    381.720    385.000    13.4804    13.4810     0.0006  45.344074  45.348991   0.004918    38.5494    38.5536     0.0041  1030.7475  1030.7506     0.0031     5.5609 4.8638e+02 1.0000e-12     0.2175 3.8543e-02      5.293    381.718    38.5489    38.5530     0.0041  1030.7471    29.0564  1030.7502    29.0595     0.0031     0.0031        141 0.0000e+00
   39.32360    2.06614    386.670    390.000    13.4690    13.4696     0.0005  45.337452  45.342263   0.004812    38.5522    38.5563     0.0041  1030.7742  1030.7772     0.0030     5.5307 4.8905e+02 1.0000e-12     0.2188 3.8418e-02      5.311    386.671    38.5518    38.5559     0.0041  1030.7739    29.0613  1030.7769    29.0643     0.0030     0.0030        159 0.0000e+00
   39.32360    2.06614    391.622    395.000    13.4649    13.4654     0.0005  45.337727  45.342536   0.004810    38.5543    38.5584     0.0041  1030.7987  1030.8018     0.0030     5.4900 4.9162e+02 1.0000e-12     0.2197 3.8654e-02      5.396    391.623    38.5541    38.5582     0.0041  1030.7986    29.0640  1030.8016    29.0671     0.0030     0.0030        138 0.0000e+00
   39.32360    2.06612    396.578    400.000    13.4621    13.4626     0.0005  45.338216  45.343063   0.004849    38.5552    38.5594     0.0042  1030.8221  1030.8252     0.0031     5.4818 4.9429e+02 1.0000e-12     0.2192 3.8449e-02      5.599    396.576    38.5551    38.5592     0.0042  1030.8219    29.0655  1030.8251    29.0687     0.0031     0.0031        159 0.0000e+00
   39.32360    2.06612    401.524    405.000    13.4591    13.4598     0.0006  45.338074  45.343006   0.004929    38.5558    38.5599     0.0041  1030.8452  1030.8482     0.0030     5.4874 4.9702e+02 1.0000e-12     0.2197 3.9058e-02      7.123    401.528    38.5557    38.5598     0.0041  1030.8451    29.0668  1030.8481    29.0699     0.0030     0.0030        123 0.0000e+00
   39.32362    2.06611    406.483    410.000    13.4573    13.4578     0.0005  45.338732  45.343489   0.004759    38.5561    38.5601     0.0041  1030.8678  1030.8708     0.0030     5.4815 4.9975e+02 1.0000e-12     0.2200 3.8169e-02      6.428    406.481    38.5560    38.5600     0.0041  1030.8677    29.0676  1030.8708    29.0706     0.0030     0.0030        153 0.0000e+00
   39.32362    2.06610    411.435    415.000    13.4532    13.4539     0.0007  45.337937  45.342927   0.004988    38.5572    38.5613     0.0041  1030.8916  1030.8946     0.0030     5.4492 5.0270e+02 1.0000e-12     0.2203 3.8512e-02      6.214    411.433    38.5571    38.5612     0.0041  1030.8915    29.0694  1030.8945    29.0725     0.0030     0.0030         94 0.0000e+00
   39.32362    2.06610    416.385    420.000    13.4527    13.4532     0.0005  45.341721  45.346556   0.004836    38.5591    38.5632     0.0041  1030.9152  1030.9182     0.0031     5.3732 5.0508e+02 1.0000e-12     0.2192 3.8087e-02      6.339    416.385    38.5590    38.5631     0.0041  1030.9151    29.0712  1030.9182    29.0743     0.0030     0.0030        162 0.0000e+00
   39.32362    2.06610    421.338    425.000    13.4538    13.4543     0.0006  45.347029  45.351903   0.004874    38.5608    38.5649     0.0041  1030.9383  1030.9413     0.0030     5.3460 5.0802e+02 1.0000e-12     0.2165 3.7561e-02      5.742    421.337    38.5608    38.5649     0.0041  1030.9382    29.0725  1030.9413    29.0756     0.0030     0.0030        148 0.0000e+00
