example data/fromGithub/from cmunozmas_plot_raw_ctd/dradmed_07.cnv
* Sea-Bird SBE 9 Data File:
* FileName = C:\OCEANO\CTD\DATOS\2019-02_SOCIB CanalesWinter19\RADMED_07.hex
* Software Version Seasave V 7.26.7.121
* Temperature SN = 5391
* Conductivity SN = 3718
* Number of Bytes Per Scan = 40
* Number of Voltage Words = 5
* Number of Scans Averaged by the Deck Unit = 1
* NMEA Latitude = 39 13.82 N
* NMEA Longitude = 001 53.63 E
* NMEA UTC (Time) = Mar 05 2019  13:10:32
* NMEA baud rate = 4800
** Ship:B/O SOCIB
** Cruise: SOCIB-Canales Winter19
** Station: RADMED_ 07
** Date:  2019/02/19
** Time (UTC):  13:10
** Bottom Depth (m):  671
** Operator: PBH NCW
# nquan = 34
# nvalues = 135                         
# units = specified
# name 0 = latitude: Latitude [deg]
# name 1 = longitude: Longitude [deg]
# name 2 = depSM: Depth [salt water, m]
# name 3 = prDM: Pressure, Digiquartz [db]
# name 4 = t090C: Temperature [ITS-90, deg C]
# name 5 = t190C: Temperature, 2 [ITS-90, deg C]
# name 6 = T2-T190C: Temperature Difference, 2 - 1 [ITS-90, deg C]
# name 7 = c0mS/cm: Conductivity [mS/cm]
# name 8 = c1mS/cm: Conductivity, 2 [mS/cm]
# name 9 = C2-C1mS/cm: Conductivity Difference, 2 - 1 [mS/cm]
# name 10 = sal00: Salinity, Practical [PSU]
# name 11 = sal11: Salinity, Practical, 2 [PSU]
# name 12 = secS-priS: Salinity, Practical, Difference, 2 - 1 [PSU]
# name 13 = density00: Density [density, kg/m^3]
# name 14 = density11: Density, 2 [density, kg/m^3]
# name 15 = D2-D1,d: Density Difference, 2 - 1 [density, kg/m^3]
# name 16 = sbeox0Mg/L: Oxygen, SBE 43 [mg/l]
# name 17 = spar: SPAR/Surface Irradiance
# name 18 = par: PAR/Irradiance, Biospherical/Licor
# name 19 = CStarAt0: Beam Attenuation, WET Labs C-Star [1/m]
# name 20 = flSP: Fluorescence, Seapoint
# name 21 = seaTurbMtr: Turbidity, Seapoint [FTU]
# name 22 = depSM: Depth [salt water, m], lat = 39.2303
# name 23 = sal00: Salinity, Practical [PSU]
# name 24 = sal11: Salinity, Practical, 2 [PSU]
# name 25 = secS-priS: Salinity, Practical, Difference, 2 - 1 [PSU]
# name 26 = density00: Density [density, kg/m^3]
# name 27 = sigma-é00: Density [sigma-theta, kg/m^3]
# name 28 = density11: Density, 2 [density, kg/m^3]
# name 29 = sigma-é11: Density, 2 [sigma-theta, kg/m^3]
# name 30 = D2-D1,d: Density Difference, 2 - 1 [density, kg/m^3]
# name 31 = D2-D1: Density Difference, 2 - 1 [sigma-theta, kg/m^3]
# name 32 = nbin: number of scans per bin
# name 33 = flag: flag
# span 0 =   39.23032,   39.23185       
# span 1 =    1.89468,    1.89720       
# span 2 =      4.963,    668.797       
# span 3 =      5.000,    675.000       
# span 4 =    13.1447,    14.8877       
# span 5 =    13.1449,    14.8875       
# span 6 =    -0.0002,     0.0018       
# span 7 =  45.081789,  46.050678       
# span 8 =  45.086289,  46.054779       
# span 9 =   0.003985,   0.005971       
# span 10 =    37.9848,    38.5565      
# span 11 =    37.9888,    38.5606      
# span 12 =     0.0035,     0.0043      
# span 13 =  1028.3228,  1032.0639      
# span 14 =  1028.3259,  1032.0670      
# span 15 =     0.0023,     0.0032      
# span 16 =     5.3585,     7.7310      
# span 17 = 1.0371e+03, 1.6749e+03      
# span 18 = -4.042e-06, 2.3028e+02      
# span 19 =     0.2143,     0.3819      
# span 20 = 3.6529e-02, 9.2472e-01      
# span 21 =      4.188,     23.306      
# span 22 =      4.962,    668.785      
# span 23 =    37.9840,    38.5563      
# span 24 =    37.9880,    38.5604      
# span 25 =     0.0035,     0.0043      
# span 26 =  1028.3222,  1032.0635      
# span 27 =    28.3003,    29.1039      
# span 28 =  1028.3254,  1032.0667      
# span 29 =    28.3034,    29.1071      
# span 30 =     0.0023,     0.0032      
# span 31 =     0.0023,     0.0032      
# span 32 =         83,        232      
# span 33 = 0.0000e+00, 0.0000e+00      
# interval = decibars: 5                
# start_time = Mar 05 2019 13:10:32 [NMEA time, header]
# bad_flag = -9.990e-29
*END*
[from data line 86]
   39.23094    1.89634    431.240    435.000    13.4318    13.4323     0.0005  45.323437  45.328294   0.004857    38.5561    38.5602     0.0041  1030.9834  1030.9865     0.0031     5.4193 1.2648e+03 1.0000e-12     0.2253 3.7753e-02      7.702    431.244    38.5559    38.5600     0.0041  1030.9833    29.0737  1030.9864    29.0768     0.0031     0.0031        127 0.0000e+00
   39.23096    1.89635    436.198    440.000    13.4262    13.4267     0.0005  45.319940  45.324803   0.004863    38.5562    38.5603     0.0041  1031.0068  1031.0098     0.0031     5.3876 1.2148e+03 1.0000e-12     0.2300 3.7591e-02      8.024    436.195    38.5560    38.5601     0.0041  1031.0066    29.0751  1031.0097    29.0782     0.0031     0.0031        138 0.0000e+00
   39.23099    1.89636    441.145    445.000    13.4242    13.4247     0.0005  45.320257  45.325104   0.004847    38.5562    38.5604     0.0041  1031.0292  1031.0323     0.0031     5.3799 1.2029e+03 1.0000e-12     0.2298 3.7643e-02      7.790    441.147    38.5561    38.5602     0.0041  1031.0292    29.0758  1031.0322    29.0789     0.0031     0.0031        141 0.0000e+00
   39.23101    1.89638    446.097    450.000    13.4215    13.4220     0.0005  45.319800  45.324678   0.004878    38.5563    38.5605     0.0042  1031.0519  1031.0550     0.0031     5.3672 1.2303e+03 1.0000e-12     0.2289 3.7748e-02      7.566    446.098    38.5562    38.5603     0.0042  1031.0518    29.0766  1031.0549    29.0797     0.0031     0.0031        144 0.0000e+00
   39.23104    1.89639    451.051    455.000    13.4217    13.4223     0.0006  45.322465  45.327395   0.004929    38.5562    38.5604     0.0042  1031.0738  1031.0768     0.0031     5.3625 1.2172e+03 1.0000e-12     0.2286 3.7826e-02      7.248    451.049    38.5562    38.5604     0.0042  1031.0737    29.0767  1031.0768    29.0798     0.0031     0.0031         95 0.0000e+00
   39.23106    1.89641    456.002    460.000    13.4174    13.4179     0.0005  45.320212  45.325043   0.004833    38.5563    38.5605     0.0041  1031.0968  1031.0999     0.0031     5.3585 1.1640e+03 1.0000e-12     0.2288 3.7933e-02      7.352    456.000    38.5562    38.5604     0.0041  1031.0967    29.0777  1031.0998    29.0809     0.0031     0.0031        141 0.0000e+00
   39.23108    1.89643    460.952    465.000    13.4127    13.4132     0.0005  45.317670  45.322541   0.004869    38.5565    38.5606     0.0041  1031.1199  1031.1230     0.0031     5.3859 1.1533e+03 1.0000e-12     0.2280 3.7473e-02      7.086    460.951    38.5563    38.5604     0.0041  1031.1198    29.0790  1031.1229    29.0821     0.0031     0.0031        153 0.0000e+00
   39.23110    1.89644    465.901    470.000    13.4090    13.4095     0.0005  45.315936  45.320854   0.004919    38.5563    38.5605     0.0042  1031.1426  1031.1457     0.0031     5.3866 1.1311e+03 1.0000e-12     0.2247 3.7197e-02      6.218    465.902    38.5562    38.5604     0.0042  1031.1425    29.0798  1031.1456    29.0830     0.0031     0.0031        140 0.0000e+00
   39.23112    1.89646    470.852    475.000    13.4046    13.4051     0.0005  45.313398  45.318261   0.004862    38.5561    38.5602     0.0041  1031.1654  1031.1685     0.0031     5.3895 1.1390e+03 1.0000e-12     0.2236 3.7446e-02      7.606    470.853    38.5560    38.5601     0.0041  1031.1653    29.0807  1031.1684    29.0838     0.0031     0.0031        136 0.0000e+00
   39.23114    1.89648    475.803    480.000    13.3996    13.4002     0.0006  45.310188  45.315144   0.004955    38.5558    38.5599     0.0041  1031.1882  1031.1913     0.0031     5.3945 1.1411e+03 1.0000e-12     0.2226 3.7529e-02      8.798    475.803    38.5556    38.5598     0.0041  1031.1881    29.0817  1031.1912    29.0848     0.0031     0.0031        122 0.0000e+00
   39.23115    1.89650    480.758    485.000    13.3953    13.3958     0.0005  45.307605  45.312474   0.004869    38.5555    38.5597     0.0042  1031.2110  1031.2141     0.0031     5.4001 1.1427e+03 1.0000e-12     0.2216 3.7074e-02      5.706    480.754    38.5554    38.5595     0.0042  1031.2109    29.0825  1031.2140    29.0856     0.0031     0.0031        119 0.0000e+00
   39.23116    1.89652    485.705    490.000    13.3910    13.3916     0.0006  45.305112  45.310041   0.004927    38.5552    38.5594     0.0041  1031.2337  1031.2368     0.0031     5.4040 1.1018e+03 1.0000e-12     0.2200 3.7051e-02      5.358    485.704    38.5551    38.5592     0.0041  1031.2336    29.0834  1031.2366    29.0865     0.0031     0.0031        139 0.0000e+00
   39.23118    1.89654    490.652    495.000    13.3854    13.3859     0.0005  45.300840  45.305794   0.004954    38.5545    38.5588     0.0042  1031.2563  1031.2595     0.0031     5.3912 1.1035e+03 1.0000e-12     0.2196 3.7329e-02      5.238    490.655    38.5544    38.5586     0.0042  1031.2562    29.0841  1031.2594    29.0873     0.0032     0.0032        120 0.0000e+00
   39.23120    1.89656    495.611    500.000    13.3844    13.3850     0.0006  45.301995  45.307001   0.005003    38.5544    38.5585     0.0041  1031.2784  1031.2815     0.0030     5.4035 1.1315e+03 1.0000e-12     0.2205 3.7156e-02      5.618    495.605    38.5543    38.5584     0.0041  1031.2783    29.0844  1031.2814    29.0875     0.0031     0.0031         84 0.0000e+00
   39.23122    1.89659    500.557    505.000    13.3814    13.3820     0.0006  45.300715  45.305728   0.005012    38.5540    38.5581     0.0042  1031.3008  1031.3038     0.0031     5.4006 1.1876e+03 1.0000e-12     0.2205 3.7060e-02      5.146    500.555    38.5539    38.5580     0.0042  1031.3007    29.0849  1031.3037    29.0880     0.0031     0.0031        103 0.0000e+00
   39.23124    1.89661    505.505    510.000    13.3768    13.3773     0.0005  45.297478  45.302396   0.004920    38.5533    38.5575     0.0042  1031.3232  1031.3264     0.0032     5.3926 1.2160e+03 1.0000e-12     0.2200 3.7386e-02      5.576    505.505    38.5532    38.5574     0.0042  1031.3232    29.0855  1031.3263    29.0887     0.0032     0.0032        135 0.0000e+00
   39.23125    1.89664    510.456    515.000    13.3744    13.3750     0.0006  45.296882  45.301833   0.004951    38.5529    38.5571     0.0042  1031.3454  1031.3485     0.0031     5.3893 1.3109e+03 1.0000e-12     0.2206 3.7526e-02      7.256    510.454    38.5528    38.5570     0.0042  1031.3453    29.0859  1031.3484    29.0890     0.0031     0.0031        145 0.0000e+00
   39.23128    1.89666    515.404    520.000    13.3671    13.3676     0.0005  45.290284  45.295271   0.004987    38.5518    38.5561     0.0042  1031.3682  1031.3713     0.0031     5.3812 1.2260e+03 1.0000e-12     0.2217 3.7126e-02      5.540    515.404    38.5517    38.5559     0.0042  1031.3680    29.0867  1031.3712    29.0898     0.0032     0.0032        149 0.0000e+00
   39.23130    1.89667    520.354    525.000    13.3599    13.3604     0.0005  45.283895  45.288749   0.004856    38.5508    38.5550     0.0042  1031.3909  1031.3940     0.0031     5.3829 1.1800e+03 1.0000e-12     0.2219 3.6796e-02      5.844    520.354    38.5506    38.5548     0.0042  1031.3908    29.0875  1031.3939    29.0906     0.0031     0.0031        142 0.0000e+00
   39.23132    1.89669    525.302    530.000    13.3517    13.3522     0.0005  45.275939  45.280877   0.004937    38.5493    38.5536     0.0042  1031.4136  1031.4167     0.0031     5.3836 1.1780e+03 1.0000e-12     0.2223 3.7153e-02      6.251    525.303    38.5491    38.5533     0.0042  1031.4134    29.0882  1031.4165    29.0914     0.0031     0.0031        139 0.0000e+00
   39.23135    1.89670    530.251    535.000    13.3427    13.3432     0.0006  45.267125  45.272094   0.004968    38.5478    38.5520     0.0042  1031.4363  1031.4394     0.0031     5.3797 1.1996e+03 1.0000e-12     0.2264 3.7310e-02      7.813    530.252    38.5475    38.5517     0.0042  1031.4361    29.0891  1031.4392    29.0922     0.0031     0.0031        153 0.0000e+00
   39.23137    1.89672    535.203    540.000    13.3340    13.3346     0.0006  45.258685  45.263660   0.004975    38.5462    38.5504     0.0042  1031.4590  1031.4621     0.0031     5.3841 1.2659e+03 1.0000e-12     0.2287 3.7341e-02      8.350    535.202    38.5459    38.5501     0.0042  1031.4588    29.0898  1031.4619    29.0929     0.0031     0.0031        134 0.0000e+00
   39.23140    1.89673    540.150    545.000    13.3265    13.3270     0.0005  45.251683  45.256561   0.004878    38.5449    38.5490     0.0042  1031.4815  1031.4846     0.0031     5.3897 1.1825e+03 1.0000e-12     0.2335 3.7268e-02      8.497    540.151    38.5446    38.5488     0.0042  1031.4814    29.0905  1031.4845    29.0936     0.0031     0.0031        137 0.0000e+00
   39.23142    1.89674    545.102    550.000    13.3263    13.3269     0.0006  45.254046  45.259003   0.004955    38.5449    38.5491     0.0041  1031.5036  1031.5067     0.0031     5.3939 1.1475e+03 1.0000e-12     0.2309 3.7304e-02      7.162    545.100    38.5448    38.5490     0.0042  1031.5035    29.0908  1031.5066    29.0940     0.0031     0.0031        136 0.0000e+00
   39.23145    1.89676    550.043    555.000    13.3219    13.3225     0.0007  45.250681  45.255762   0.005078    38.5440    38.5482     0.0042  1031.5258  1031.5289     0.0031     5.3901 1.1584e+03 1.0000e-12     0.2284 3.6804e-02      7.433    550.049    38.5439    38.5481     0.0042  1031.5257    29.0912  1031.5288    29.0943     0.0031     0.0031        113 0.0000e+00
   39.23147    1.89677    555.003    560.000    13.3105    13.3112     0.0007  45.238517  45.243639   0.005120    38.5418    38.5460     0.0042  1031.5487  1031.5517     0.0031     5.4083 1.2175e+03 1.0000e-12     0.2339 3.6888e-02      9.949    554.997    38.5415    38.5457     0.0042  1031.5484    29.0919  1031.5515    29.0950     0.0031     0.0031        126 0.0000e+00
   39.23148    1.89679    559.942    565.000    13.2989    13.2996     0.0007  45.226479  45.231665   0.005185    38.5399    38.5441     0.0043  1031.5716  1031.5747     0.0031     5.4061 1.1609e+03 1.0000e-12     0.2410 3.7526e-02     10.289    559.946    38.5395    38.5438     0.0043  1031.5714    29.0930  1031.5745    29.0961     0.0031     0.0031        148 0.0000e+00
   39.23150    1.89681    564.897    570.000    13.2921    13.2926     0.0005  45.220534  45.225486   0.004955    38.5387    38.5429     0.0042  1031.5942  1031.5973     0.0031     5.4219 1.1132e+03 1.0000e-12     0.2395 3.7125e-02     10.280    564.894    38.5385    38.5426     0.0042  1031.5940    29.0937  1031.5971    29.0968     0.0031     0.0031        134 0.0000e+00
   39.23152    1.89682    569.839    575.000    13.2837    13.2843     0.0006  45.212525  45.217490   0.004970    38.5371    38.5413     0.0042  1031.6167  1031.6198     0.0031     5.4251 1.0925e+03 1.0000e-12     0.2383 3.7070e-02     10.091    569.843    38.5368    38.5410     0.0042  1031.6169    29.0943  1031.6198    29.0975     0.0031     0.0031        125 0.0000e+00
   39.23154    1.89684    574.792    580.000    13.2794    13.2799     0.0004  45.209516  45.214367   0.004852    38.5364    38.5406     0.0042  1031.6391  1031.6423     0.0032     5.4471 1.1343e+03 1.0000e-12     0.2347 3.7191e-02      7.858    574.791    38.5362    38.5405     0.0042  1031.6390    29.0949  1031.6421    29.0981     0.0032     0.0032        104 0.0000e+00
   39.23156    1.89686    579.737    585.000    13.2767    13.2773     0.0006  45.208422  45.213517   0.005092    38.5359    38.5401     0.0043  1031.6612  1031.6644     0.0032     5.4553 1.1283e+03 1.0000e-12     0.2286 3.6878e-02      7.062    579.739    38.5357    38.5400     0.0043  1031.6611    29.0953  1031.6643    29.0985     0.0032     0.0032        116 0.0000e+00
   39.23157    1.89688    584.686    590.000    13.2655    13.2658     0.0004  45.196410  45.201214   0.004804    38.5336    38.5378     0.0042  1031.6839  1031.6870     0.0031     5.4601 1.1471e+03 1.0000e-12     0.2274 3.6933e-02      7.190    584.687    38.5332    38.5374     0.0042  1031.6837    29.0958  1031.6869    29.0990     0.0031     0.0031         97 0.0000e+00
   39.23159    1.89689    589.639    595.000    13.2578    13.2584     0.0006  45.188727  45.193827   0.005097    38.5319    38.5361     0.0043  1031.7062  1031.7094     0.0031     5.4568 1.1453e+03 1.0000e-12     0.2300 3.6939e-02      8.666    589.635    38.5316    38.5358     0.0042  1031.7060    29.0963  1031.7091    29.0995     0.0031     0.0031         83 0.0000e+00
   39.23160    1.89692    594.589    600.000    13.2553    13.2558     0.0005  45.187825  45.192786   0.004962    38.5312    38.5354     0.0042  1031.7282  1031.7313     0.0032     5.4611 1.2212e+03 1.0000e-12     0.2306 3.6876e-02      8.174    594.583    38.5310    38.5353     0.0042  1031.7280    29.0966  1031.7312    29.0997     0.0031     0.0031        103 0.0000e+00
   39.23163    1.89693    599.531    605.000    13.2511    13.2518     0.0007  45.184915  45.189992   0.005076    38.5304    38.5345     0.0042  1031.7504  1031.7535     0.0031     5.4731 1.1986e+03 1.0000e-12     0.2302 3.7037e-02      7.726    599.530    38.5302    38.5344     0.0042  1031.7502    29.0969  1031.7533    29.1000     0.0031     0.0031        128 0.0000e+00
   39.23165    1.89694    604.475    610.000    13.2489    13.2493     0.0005  45.184635  45.189552   0.004921    38.5301    38.5343     0.0042  1031.7726  1031.7758     0.0032     5.5027 1.1922e+03 1.0000e-12     0.2293 3.6741e-02      8.321    604.478    38.5300    38.5342     0.0043  1031.7725    29.0974  1031.7757    29.1006     0.0032     0.0032        143 0.0000e+00
   39.23166    1.89696    609.428    615.000    13.2473    13.2477     0.0005  45.185222  45.190157   0.004935    38.5300    38.5343     0.0043  1031.7948  1031.7980     0.0032     5.5428 1.1521e+03 1.0000e-12     0.2241 3.6632e-02      5.665    609.425    38.5299    38.5342     0.0043  1031.7948    29.0979  1031.7980    29.1011     0.0032     0.0032        125 0.0000e+00
   39.23168    1.89698    614.370    620.000    13.2419    13.2432     0.0014  45.180565  45.186554   0.005971    38.5289    38.5332     0.0043  1031.8171  1031.8201     0.0031     5.5473 1.1377e+03 1.0000e-12     0.2194 3.6891e-02      5.775    614.373    38.5287    38.5331     0.0043  1031.8169    29.0981  1031.8201    29.1013     0.0031     0.0031        132 0.0000e+00
   39.23170    1.89700    619.320    625.000    13.2251    13.2259     0.0008  45.161255  45.166648   0.005404    38.5253    38.5297     0.0043  1031.8400  1031.8431     0.0032     5.5383 1.1466e+03 1.0000e-12     0.2246 3.6529e-02      7.528    619.320    38.5249    38.5293     0.0043  1031.8397    29.0989  1031.8428    29.1021     0.0032     0.0032        123 0.0000e+00
   39.23172    1.89702    624.269    630.000    13.2204    13.2210     0.0007  45.157606  45.162688   0.005090    38.5243    38.5285     0.0042  1031.8622  1031.8653     0.0031     5.5623 1.1175e+03 1.0000e-12     0.2274 3.6826e-02      6.658    624.267    38.5240    38.5282     0.0042  1031.8620    29.0993  1031.8651    29.1024     0.0031     0.0031        118 0.0000e+00
   39.23174    1.89703    629.214    635.000    13.2109    13.2113     0.0004  45.147991  45.152827   0.004844    38.5224    38.5266     0.0042  1031.8847  1031.8879     0.0032     5.5758 1.0906e+03 1.0000e-12     0.2207 3.6675e-02      5.987    629.214    38.5222    38.5264     0.0042  1031.8845    29.1000  1031.8877    29.1032     0.0032     0.0032        140 0.0000e+00
   39.23175    1.89705    634.160    640.000    13.2059    13.2064     0.0005  45.143776  45.148843   0.005067    38.5212    38.5256     0.0043  1031.9069  1031.9101     0.0032     5.5841 1.1375e+03 1.0000e-12     0.2194 3.6804e-02      7.130    634.161    38.5210    38.5253     0.0043  1031.9067    29.1003  1031.9099    29.1036     0.0032     0.0032        151 0.0000e+00
