example data/fromGithub/from cmunozmas_plot_raw_ctd/dradmed_06.cnv
* Sea-Bird SBE 9 Data File:
* FileName = C:\OCEANO\CTD\DATOS\2019-02_SOCIB CanalesWinter19\RADMED_06.hex
* Software Version Seasave V 7.26.7.121
* Temperature SN = 5391
* Conductivity SN = 3718
* Number of Bytes Per Scan = 40
* Number of Voltage Words = 5
* Number of Scans Averaged by the Deck Unit = 1
* NMEA Latitude = 39 16.63 N
* NMEA Longitude = 001 58.83 E
* NMEA UTC (Time) = Mar 05 2019  12:12:46
* NMEA baud rate = 4800
** Ship:B/O SOCIB
** Cruise: SOCIB-Canales Winter19
** Station: RADMED_ 06
** Date:  2019/02/19
** Time (UTC):  12:15
** Bottom Depth (m):  590.5
** Operator: PBH NCW
# nquan = 34
# nvalues = 118                         
# units = specified
# name 0 = latitude: Latitude [deg]
# name 1 = longitude: Longitude [deg]
# name 2 = depSM: Depth [salt water, m]
# name 3 = prDM: Pressure, Digiquartz [db]
# name 4 = t090C: Temperature [ITS-90, deg C]
# name 5 = t190C: Temperature, 2 [ITS-90, deg C]
# name 6 = T2-T190C: Temperature Difference, 2 - 1 [ITS-90, deg C]
# name 7 = c0mS/cm: Conductivity [mS/cm]
# name 8 = c1mS/cm: Conductivity, 2 [mS/cm]
# name 9 = C2-C1mS/cm: Conductivity Difference, 2 - 1 [mS/cm]
# name 10 = sal00: Salinity, Practical [PSU]
# name 11 = sal11: Salinity, Practical, 2 [PSU]
# name 12 = secS-priS: Salinity, Practical, Difference, 2 - 1 [PSU]
# name 13 = density00: Density [density, kg/m^3]
# name 14 = density11: Density, 2 [density, kg/m^3]
# name 15 = D2-D1,d: Density Difference, 2 - 1 [density, kg/m^3]
# name 16 = sbeox0Mg/L: Oxygen, SBE 43 [mg/l]
# name 17 = spar: SPAR/Surface Irradiance
# name 18 = par: PAR/Irradiance, Biospherical/Licor
# name 19 = CStarAt0: Beam Attenuation, WET Labs C-Star [1/m]
# name 20 = flSP: Fluorescence, Seapoint
# name 21 = seaTurbMtr: Turbidity, Seapoint [FTU]
# name 22 = depSM: Depth [salt water, m], lat = 39.2772
# name 23 = sal00: Salinity, Practical [PSU]
# name 24 = sal11: Salinity, Practical, 2 [PSU]
# name 25 = secS-priS: Salinity, Practical, Difference, 2 - 1 [PSU]
# name 26 = density00: Density [density, kg/m^3]
# name 27 = sigma-é00: Density [sigma-theta, kg/m^3]
# name 28 = density11: Density, 2 [density, kg/m^3]
# name 29 = sigma-é11: Density, 2 [sigma-theta, kg/m^3]
# name 30 = D2-D1,d: Density Difference, 2 - 1 [density, kg/m^3]
# name 31 = D2-D1: Density Difference, 2 - 1 [sigma-theta, kg/m^3]
# name 32 = nbin: number of scans per bin
# name 33 = flag: flag
# span 0 =   39.27746,   39.27847       
# span 1 =    1.98023,    1.98056       
# span 2 =      4.956,    584.712       
# span 3 =      5.000,    590.000       
# span 4 =    13.2884,    14.9196       
# span 5 =    13.2892,    14.9210       
# span 6 =    -0.0019,     0.0051       
# span 7 =  45.050359,  45.986779       
# span 8 =  45.055183,  45.991634       
# span 9 =   0.001890,   0.009778       
# span 10 =    37.8956,    38.5598      
# span 11 =    37.8996,    38.5640      
# span 12 =     0.0032,     0.0045      
# span 13 =  1028.2469,  1031.6825      
# span 14 =  1028.2498,  1031.6856      
# span 15 =     0.0021,     0.0033      
# span 16 =     5.3289,     7.8063      
# span 17 = 8.7625e+02, 1.6580e+03      
# span 18 = 1.0000e-12, 3.0845e+02      
# span 19 =     0.2161,     0.5738      
# span 20 = 3.6691e-02, 8.4687e-01      
# span 21 =      4.457,     59.037      
# span 22 =      4.962,    584.685      
# span 23 =    37.8937,    38.5597      
# span 24 =    37.8969,    38.5640      
# span 25 =     0.0032,     0.0045      
# span 26 =  1028.2453,  1031.6825      
# span 27 =    28.2233,    29.0950      
# span 28 =  1028.2474,  1031.6854      
# span 29 =    28.2255,    29.0980      
# span 30 =     0.0021,     0.0033      
# span 31 =     0.0021,     0.0033      
# span 32 =         11,        159      
# span 33 = 0.0000e+00, 0.0000e+00      
# interval = decibars: 5                
# start_time = Mar 05 2019 12:12:46 [NMEA time, header]
# bad_flag = -9.990e-29
*END*
   39.27746    1.98046      4.956      5.000    14.9196    14.9210     0.0007  45.986779  45.991634   0.005036    37.8956    37.8996     0.0039  1028.2469  1028.2498     0.0029     7.7520 8.7625e+02 2.4449e+02     0.3078 1.2658e-01     12.140      4.962    37.8937    37.8969     0.0039  1028.2453    28.2233  1028.2474    28.2255     0.0029     0.0029         93 0.0000e+00
   39.27747    1.98046      9.925     10.000    14.8721    14.8725     0.0005  45.941641  45.946330   0.004758    37.8972    37.9012     0.0039  1028.2808  1028.2837     0.0029     7.7654 1.0623e+03 3.0845e+02     0.3124 1.5691e-01     11.226      9.924    37.8961    37.8999     0.0039  1028.2799    28.2360  1028.2828    28.2389     0.0029     0.0029        133 0.0000e+00
   39.27749    1.98046     14.884     15.000    14.8361    14.8367     0.0006  45.912791  45.917542   0.004773    37.9032    37.9070     0.0038  1028.3155  1028.3183     0.0028     7.7774 1.1447e+03 2.3263e+02     0.3090 1.9780e-01     12.492     14.886    37.9023    37.9061     0.0038  1028.3148    28.2490  1028.3176    28.2518     0.0028     0.0028        144 0.0000e+00
   39.27750    1.98046     19.847     20.000    14.6995    14.7005     0.0009  45.801849  45.806626   0.004780    37.9339    37.9374     0.0035  1028.3919  1028.3944     0.0025     7.8063 1.2056e+03 1.8562e+02     0.3069 2.2619e-01     12.197     19.847    37.9305    37.9340     0.0035  1028.3892    28.3014  1028.3917    28.3039     0.0025     0.0025        131 0.0000e+00
   39.27752    1.98046     24.809     25.000    14.6687    14.6688     0.0001  45.848575  45.853143   0.004587    38.0037    38.0079     0.0042  1028.4748  1028.4780     0.0032     7.7392 1.1717e+03 1.2387e+02     0.3047 2.8158e-01     13.052     24.809    38.0019    38.0061     0.0042  1028.4734    28.3637  1028.4766    28.3668     0.0032     0.0032        135 0.0000e+00
   39.27752    1.98046     29.771     30.000    14.6777    14.6774    -0.0003  45.903222  45.907039   0.003829    38.0421    38.0460     0.0039  1028.5245  1028.5275     0.0031     7.6724 1.3114e+03 9.7635e+01     0.3081 5.0175e-01     15.405     29.770    38.0418    38.0456     0.0039  1028.5243    28.3926  1028.5273    28.3957     0.0030     0.0030        129 0.0000e+00
   39.27753    1.98046     34.733     35.000    14.3434    14.3484     0.0051  45.468730  45.478593   0.009778    37.9698    37.9740     0.0042  1028.5648  1028.5669     0.0021     7.7732 1.0491e+03 5.5735e+01     0.3283 5.5499e-01     12.774     34.731    37.9622    37.9665     0.0042  1028.5588    28.4049  1028.5609    28.4071     0.0021     0.0021        126 0.0000e+00
   39.27754    1.98046     39.691     40.000    14.2373    14.2373     0.0000  45.374238  45.378378   0.004186    37.9806    37.9846     0.0040  1028.6185  1028.6216     0.0031     7.6318 1.0563e+03 3.7302e+01     0.3110 6.5300e-01     12.147     39.692    37.9760    37.9799     0.0040  1028.6149    28.4391  1028.6180    28.4421     0.0031     0.0031        137 0.0000e+00
   39.27755    1.98046     44.652     45.000    14.1860    14.1884     0.0025  45.338744  45.345861   0.007096    37.9938    37.9979     0.0042  1028.6619  1028.6646     0.0027     7.5668 1.1930e+03 2.7375e+01     0.3090 8.4687e-01     11.020     44.653    37.9902    37.9944     0.0042  1028.6593    28.4614  1028.6620    28.4641     0.0027     0.0027        138 0.0000e+00
   39.27756    1.98048     49.613     50.000    14.1525    14.1526     0.0001  45.312253  45.316408   0.004190    37.9988    38.0027     0.0039  1028.6954  1028.6984     0.0030     7.5109 1.2071e+03 2.0727e+01     0.2976 7.7246e-01      9.841     49.614    37.9970    38.0008     0.0039  1028.6940    28.4741  1028.6970    28.4771     0.0030     0.0030        122 0.0000e+00
   39.27757    1.98048     54.575     55.000    14.1649    14.1654     0.0006  45.351307  45.356259   0.004958    38.0201    38.0242     0.0041  1028.7313  1028.7343     0.0031     7.3938 1.1640e+03 1.3543e+01     0.2785 6.5535e-01      8.441     54.575    38.0193    38.0234     0.0041  1028.7307    28.4888  1028.7338    28.4919     0.0031     0.0031        137 0.0000e+00
   39.27758    1.98048     59.538     60.000    14.1261    14.1266     0.0005  45.324408  45.329191   0.004786    38.0313    38.0353     0.0040  1028.7706  1028.7736     0.0030     7.3343 1.3730e+03 1.0301e+01     0.2619 5.0082e-01      7.213     59.536    38.0301    38.0341     0.0040  1028.7697    28.5058  1028.7726    28.5088     0.0030     0.0030        128 0.0000e+00
   39.27758    1.98049     64.497     65.000    14.0521    14.0526     0.0004  45.243210  45.247948   0.004742    38.0264    38.0304     0.0040  1028.8051  1028.8081     0.0030     7.3573 1.5208e+03 8.8803e+00     0.2473 4.2173e-01      6.745     64.496    38.0245    38.0286     0.0040  1028.8036    28.5177  1028.8066    28.5207     0.0030     0.0030        129 0.0000e+00
   39.27760    1.98050     69.454     70.000    14.0500    14.0500    -0.0000  45.265152  45.268438   0.003303    38.0463    38.0494     0.0032  1028.8431  1028.8455     0.0025     7.3246 1.4357e+03 7.1402e+00     0.2397 2.8579e-01      5.298     69.456    38.0451    38.0482     0.0032  1028.8421    28.5342  1028.8446    28.5366     0.0025     0.0025        108 0.0000e+00
   39.27760    1.98050     74.417     75.000    14.1309    14.1313     0.0005  45.401446  45.406664   0.005199    38.0899    38.0943     0.0044  1028.8812  1028.8845     0.0033     7.2228 1.5907e+03 5.5183e+00     0.2271 1.6600e-01      5.133     74.417    38.0912    38.0957     0.0044  1028.8823    28.5525  1028.8857    28.5559     0.0033     0.0033        114 0.0000e+00
   39.27760    1.98052     79.375     80.000    14.1713    14.1714     0.0001  45.482952  45.487602   0.004646    38.1243    38.1285     0.0042  1028.9211  1028.9244     0.0032     7.1258 1.5129e+03 3.9628e+00     0.2234 1.2215e-01      4.457     79.377    38.1257    38.1299     0.0042  1028.9222    28.5706  1028.9255    28.5738     0.0032     0.0032        138 0.0000e+00
   39.27761    1.98052     84.336     85.000    14.1981    14.1985     0.0004  45.545917  45.550507   0.004585    38.1553    38.1593     0.0040  1028.9614  1028.9644     0.0030     7.0574 1.3902e+03 3.0102e+00     0.2219 9.2522e-02      4.681     84.337    38.1562    38.1602     0.0040  1028.9621    28.5885  1028.9650    28.5915     0.0030     0.0030        131 0.0000e+00
   39.27762    1.98052     89.296     90.000    14.1402    14.1407     0.0005  45.495482  45.500284   0.004796    38.1647    38.1687     0.0040  1029.0035  1029.0065     0.0030     7.0457 1.4238e+03 2.4887e+00     0.2216 8.4797e-02      4.589     89.297    38.1639    38.1680     0.0040  1029.0029    28.6073  1029.0059    28.6103     0.0030     0.0030        136 0.0000e+00
   39.27762    1.98052     94.259     95.000    14.1598    14.1603     0.0005  45.561671  45.566530   0.004856    38.2042    38.2082     0.0040  1029.0518  1029.0548     0.0030     7.0312 1.5246e+03 2.0581e+00     0.2230 1.0221e-01      5.436     94.257    38.2046    38.2086     0.0040  1029.0521    28.6346  1029.0551    28.6376     0.0030     0.0030        134 0.0000e+00
   39.27763    1.98054     99.217    100.000    14.1320    14.1328     0.0008  45.561173  45.566229   0.005047    38.2301    38.2340     0.0039  1029.1001  1029.1029     0.0028     6.9709 1.5885e+03 1.7402e+00     0.2279 9.3189e-02      6.300     99.216    38.2295    38.2334     0.0039  1029.0996    28.6602  1029.1024    28.6630     0.0028     0.0028        131 0.0000e+00
   39.27764    1.98054    104.177    105.000    14.0762    14.0767     0.0005  45.517829  45.522025   0.004200    38.2432    38.2467     0.0035  1029.1445  1029.1471     0.0026     6.9427 1.6363e+03 1.4180e+00     0.2295 8.2208e-02      6.122    104.176    38.2419    38.2453     0.0035  1029.1435    28.6820  1029.1461    28.6846     0.0026     0.0026        131 0.0000e+00
   39.27764    1.98054    109.132    110.000    14.0254    14.0260     0.0006  45.474796  45.479482   0.004685    38.2512    38.2550     0.0038  1029.1839  1029.1867     0.0028     6.9675 1.6580e+03 1.1552e+00     0.2294 9.3341e-02      6.693    109.135    38.2496    38.2534     0.0038  1029.1828    28.6992  1029.1855    28.7020     0.0028     0.0028        118 0.0000e+00
   39.27766    1.98054    114.097    115.000    13.9887    13.9892     0.0004  45.446164  45.450855   0.004694    38.2582    38.2622     0.0040  1029.2195  1029.2225     0.0030     6.8722 1.5565e+03 8.7774e-01     0.2285 7.6194e-02      5.817    114.095    38.2569    38.2609     0.0040  1029.2185    28.7129  1029.2215    28.7159     0.0030     0.0030        119 0.0000e+00
   39.27766    1.98054    119.053    120.000    13.9688    13.9692     0.0004  45.430083  45.434751   0.004669    38.2602    38.2643     0.0040  1029.2475  1029.2506     0.0030     6.8955 1.3918e+03 6.0365e-01     0.2251 7.7615e-02      5.519    119.054    38.2593    38.2633     0.0040  1029.2468    28.7192  1029.2498    28.7222     0.0030     0.0030        145 0.0000e+00
   39.27768    1.98054    124.011    125.000    13.9410    13.9413     0.0004  45.405014  45.409684   0.004672    38.2621    38.2662     0.0041  1029.2772  1029.2802     0.0031     7.0167 1.3136e+03 4.7424e-01     0.2250 7.9829e-02      5.331    124.013    38.2611    38.2652     0.0041  1029.2764    28.7268  1029.2794    28.7298     0.0031     0.0031        112 0.0000e+00
   39.27768    1.98054    128.973    130.000    13.9133    13.9137     0.0004  45.393173  45.397784   0.004611    38.2762    38.2802     0.0040  1029.3162  1029.3193     0.0030     6.8261 1.5057e+03 4.3320e-01     0.2253 7.6334e-02      5.814    128.972    38.2752    38.2792     0.0040  1029.3155    28.7439  1029.3185    28.7469     0.0030     0.0030        127 0.0000e+00
   39.27768    1.98054    133.932    135.000    13.9059    13.9063     0.0004  45.400163  45.405001   0.004837    38.2876    38.2917     0.0041  1029.3488  1029.3519     0.0031     6.6615 1.6557e+03 3.7971e-01     0.2247 7.4519e-02      5.343    133.931    38.2870    38.2912     0.0041  1029.3483    28.7548  1029.3514    28.7579     0.0031     0.0031        131 0.0000e+00
   39.27769    1.98054    138.889    140.000    13.9017    13.9022     0.0005  45.409077  45.413863   0.004785    38.2978    38.3018     0.0041  1029.3796  1029.3827     0.0031     6.5855 1.6256e+03 2.9687e-01     0.2236 6.7580e-02      5.440    138.889    38.2974    38.3015     0.0041  1029.3794    28.7639  1029.3824    28.7669     0.0031     0.0031        135 0.0000e+00
   39.27770    1.98054    143.848    145.000    13.8766    13.8770     0.0004  45.399111  45.403773   0.004663    38.3115    38.3155     0.0040  1029.4179  1029.4209     0.0030     6.5117 1.6161e+03 2.3252e-01     0.2232 6.7138e-02      5.562    143.848    38.3108    38.3149     0.0040  1029.4174    28.7798  1029.4204    28.7828     0.0030     0.0030        127 0.0000e+00
   39.27770    1.98054    148.807    150.000    13.8268    13.8270     0.0002  45.347292  45.351569   0.004281    38.3106    38.3144     0.0038  1029.4501  1029.4530     0.0029     6.8447 1.6018e+03 1.8000e-01     0.2231 7.5287e-02      5.188    148.806    38.3092    38.3131     0.0038  1029.4490    28.7894  1029.4520    28.7923     0.0029     0.0029        135 0.0000e+00
   39.27771    1.98053    153.762    155.000    13.7419    13.7402    -0.0019  45.252393  45.254244   0.001890    38.3037    38.3075     0.0037  1029.4853  1029.4886     0.0033     7.0500 1.6344e+03 1.4579e-01     0.2257 1.0969e-01      6.288    153.765    38.3019    38.3053     0.0037  1029.4839    28.8021  1029.4870    28.8052     0.0033     0.0033        110 0.0000e+00
   39.27772    1.98052    158.724    160.000    13.6233    13.6239     0.0006  45.112356  45.117155   0.004765    38.2886    38.2925     0.0039  1029.5214  1029.5243     0.0029     7.3259 1.6037e+03 1.0901e-01     0.2333 1.4452e-01      6.646    158.723    38.2852    38.2891     0.0039  1029.5188    28.8146  1029.5217    28.8176     0.0029     0.0029        140 0.0000e+00
   39.27772    1.98052    163.684    165.000    13.5754    13.5758     0.0004  45.070553  45.075312   0.004748    38.2935    38.2976     0.0041  1029.5577  1029.5608     0.0031     7.3379 1.5984e+03 7.6642e-02     0.2363 1.9751e-01      6.237    163.681    38.2911    38.2952     0.0041  1029.5558    28.8296  1029.5589    28.8326     0.0031     0.0031        132 0.0000e+00
   39.27774    1.98052    168.638    170.000    13.5649    13.5656     0.0008  45.066733  45.071664   0.004917    38.2970    38.3009     0.0039  1029.5847  1029.5876     0.0029     7.2523 1.5975e+03 5.2925e-02     0.2382 2.0619e-01      5.725    168.639    38.2957    38.2997     0.0039  1029.5838    28.8355  1029.5867    28.8384     0.0029     0.0029        132 0.0000e+00
   39.27774    1.98052    173.597    175.000    13.5565    13.5571     0.0005  45.065108  45.069978   0.004875    38.3010    38.3052     0.0042  1029.6118  1029.6149     0.0031     7.2021 1.5913e+03 3.2744e-02     0.2378 2.0633e-01      5.719    173.597    38.3003    38.3044     0.0042  1029.6112    28.8410  1029.6143    28.8441     0.0031     0.0031        123 0.0000e+00
   39.27776    1.98052    178.556    180.000    13.5430    13.5435     0.0005  45.054790  45.059625   0.004839    38.3024    38.3065     0.0042  1029.6379  1029.6410     0.0031     7.2014 1.5875e+03 2.1300e-02     0.2341 1.5938e-01      5.725    178.555    38.3018    38.3059     0.0042  1029.6374    28.8451  1029.6405    28.8483     0.0031     0.0031        127 0.0000e+00
   39.27776    1.98052    183.513    185.000    13.5341    13.5345     0.0004  45.050359  45.055183   0.004827    38.3047    38.3089     0.0042  1029.6637  1029.6669     0.0031     7.1798 1.5921e+03 1.2269e-02     0.2316 1.3614e-01      7.854    183.512    38.3043    38.3084     0.0042  1029.6634    28.8491  1029.6665    28.8523     0.0031     0.0031        145 0.0000e+00
   39.27777    1.98051    188.470    190.000    13.5311    13.5317     0.0006  45.059671  45.064737   0.005064    38.3141    38.3184     0.0043  1029.6937  1029.6969     0.0032     7.1607 1.5881e+03 4.3099e-03     0.2297 1.1391e-01      7.085    188.470    38.3139    38.3181     0.0043  1029.6935    28.8573  1029.6967    28.8605     0.0032     0.0032        134 0.0000e+00
   39.27778    1.98050    193.425    195.000    13.5206    13.5209     0.0004  45.059423  45.064151   0.004732    38.3223    38.3265     0.0042  1029.7245  1029.7276     0.0031     7.1442 1.5890e+03 2.4275e-04     0.2268 9.3202e-02      5.171    193.427    38.3220    38.3262     0.0041  1029.7243    28.8661  1029.7274    28.8692     0.0031     0.0031        129 0.0000e+00
   39.27779    1.98050    198.384    200.000    13.5197    13.5202     0.0005  45.070008  45.074885   0.004877    38.3309    38.3350     0.0042  1029.7534  1029.7565     0.0031     7.1580 1.5674e+03 2.5835e-06     0.2252 9.3505e-02      6.032    198.385    38.3307    38.3348     0.0042  1029.7533    28.8731  1029.7564    28.8762     0.0031     0.0031        128 0.0000e+00
   39.27780    1.98049    203.344    205.000    13.5252    13.5257     0.0004  45.091822  45.096721   0.004900    38.3437    38.3479     0.0043  1029.7842  1029.7874     0.0032     7.0404 1.5743e+03 1.0000e-12     0.2241 8.5427e-02     20.383    203.342    38.3437    38.3480     0.0043  1029.7843    28.8822  1029.7875    28.8854     0.0032     0.0032        143 0.0000e+00
   39.27780    1.98048    208.299    210.000    13.5340    13.5344     0.0004  45.114492  45.119163   0.004672    38.3541    38.3582     0.0041  1029.8125  1029.8156     0.0031     6.9142 1.5441e+03 1.0000e-12     0.2256 7.4230e-02      7.414    208.299    38.3543    38.3583     0.0041  1029.8127    28.8887  1029.8157    28.8918     0.0031     0.0031        132 0.0000e+00
