example data/fromGithub/from cmunozmas_plot_raw_ctd/dradmed_06.cnv
* Sea-Bird SBE 9 Data File:
* FileName = C:\OCEANO\CTD\DATOS\2019-02_SOCIB CanalesWinter19\RADMED_06.hex
* Software Version Seasave V 7.26.7.121
* Temperature SN = 5391
* Conductivity SN = 3718
* Number of Bytes Per Scan = 40
* Number of Voltage Words = 5
* Number of Scans Averaged by the Deck Unit = 1
* NMEA Latitude = 39 16.63 N
* NMEA Longitude = 001 58.83 E
* NMEA UTC (Time) = Mar 05 2019  12:12:46
* NMEA baud rate = 4800
** Ship:B/O SOCIB
** Cruise: SOCIB-Canales Winter19
** Station: RADMED_ 06
** Date:  2019/02/19
** Time (UTC):  12:15
** Bottom Depth (m):  590.5
** Operator: PBH NCW
# nquan = 34
# nvalues = 118                         
# units = specified
# name 0 = latitude: Latitude [deg]
# name 1 = longitude: Longitude [deg]
# name 2 = depSM: Depth [salt water, m]
# name 3 = prDM: Pressure, Digiquartz [db]
# name 4 = t090C: Temperature [ITS-90, deg C]
# name 5 = t190C: Temperature, 2 [ITS-90, deg C]
# name 6 = T2-T190C: Temperature Difference, 2 - 1 [ITS-90, deg C]
# name 7 = c0mS/cm: Conductivity [mS/cm]
# name 8 = c1mS/cm: Conductivity, 2 [mS/cm]
# name 9 = C2-C1mS/cm: Conductivity Difference, 2 - 1 [mS/cm]
# name 10 = sal00: Salinity, Practical [PSU]
# name 11 = sal11: Salinity, Practical, 2 [PSU]
# name 12 = secS-priS: Salinity, Practical, Difference, 2 - 1 [PSU]
# name 13 = density00: Density [density, kg/m^3]
# name 14 = density11: Density, 2 [density, kg/m^3]
# name 15 = D2-D1,d: Density Difference, 2 - 1 [density, kg/m^3]
# name 16 = sbeox0Mg/L: Oxygen, SBE 43 [mg/l]
# name 17 = spar: SPAR/Surface Irradiance
# name 18 = par: PAR/Irradiance, Biospherical/Licor
# name 19 = CStarAt0: Beam Attenuation, WET Labs C-Star [1/m]
# name 20 = flSP: Fluorescence, Seapoint
# name 21 = seaTurbMtr: Turbidity, Seapoint [FTU]
# name 22 = depSM: Depth [salt water, m], lat = 39.2772
# name 23 = sal00: Salinity, Practical [PSU]
# name 24 = sal11: Salinity, Practical, 2 [PSU]
# name 25 = secS-priS: Salinity, Practical, Difference, 2 - 1 [PSU]
# name 26 = density00: Density [density, kg/m^3]
# name 27 = sigma-é00: Density [sigma-theta, kg/m^3]
# name 28 = density11: Density, 2 [density, kg/m^3]
# name 29 = sigma-é11: Density, 2 [sigma-theta, kg/m^3]
# name 30 = D2-D1,d: Density Difference, 2 - 1 [density, kg/m^3]
# name 31 = D2-D1: Density Difference, 2 - 1 [sigma-theta, kg/m^3]
# name 32 = nbin: number of scans per bin
# name 33 = flag: flag
# span 0 =   39.27746,   39.27847       
# span 1 =    1.98023,    1.98056       
# span 2 =      4.956,    584.712       
# span 3 =      5.000,    590.000       
# span 4 =    13.2884,    14.9196       
# span 5 =    13.2892,    14.9210       
# span 6 =    -0.0019,     0.0051       
# span 7 =  45.050359,  45.986779       
# span 8 =  45.055183,  45.991634       
# span 9 =   0.001890,   0.009778       
# span 10 =    37.8956,    38.5598      
# span 11 =    37.8996,    38.5640      
# span 12 =     0.0032,     0.0045      
# span 13 =  1028.2469,  1031.6825      
# span 14 =  1028.2498,  1031.6856      
# span 15 =     0.0021,     0.0033      
# span 16 =     5.3289,     7.8063      
# span 17 = 8.7625e+02, 1.6580e+03      
# span 18 = 1.0000e-12, 3.0845e+02      
# span 19 =     0.2161,     0.5738      
# span 20 = 3.6691e-02, 8.4687e-01      
# span 21 =      4.457,     59.037      
# span 22 =      4.962,    584.685      
# span 23 =    37.8937,    38.5597      
# span 24 =    37.8969,    38.5640      
# span 25 =     0.0032,     0.0045      
# span 26 =  1028.2453,  1031.6825      
# span 27 =    28.2233,    29.0950      
# span 28 =  1028.2474,  1031.6854      
# span 29 =    28.2255,    29.0980      
# span 30 =     0.0021,     0.0033      
# span 31 =     0.0021,     0.0033      
# span 32 =         11,        159      
# span 33 = 0.0000e+00, 0.0000e+00      
# interval = decibars: 5                
# start_time = Mar 05 2019 12:12:46 [NMEA time, header]
# bad_flag = -9.990e-29
*END*
[from data line 86]
   39.27818    1.98056    431.241    435.000    13.4427    13.4432     0.0006  45.336160  45.341149   0.004988    38.5572    38.5614     0.0042  1030.9820  1030.9851     0.0031     5.4746 1.4868e+03 1.0000e-12     0.2212 3.8145e-02      5.705    431.242    38.5571    38.5613     0.0042  1030.9818    29.0723  1030.9850    29.0755     0.0031     0.0031        124 0.0000e+00
   39.27819    1.98056    436.192    440.000    13.4365    13.4371     0.0006  45.331962  45.336933   0.004970    38.5573    38.5615     0.0042  1031.0053  1031.0084     0.0031     5.4525 1.4953e+03 1.0000e-12     0.2223 3.6936e-02      5.610    436.193    38.5571    38.5613     0.0042  1031.0052    29.0738  1031.0083    29.0769     0.0031     0.0031        144 0.0000e+00
   39.27820    1.98055    441.146    445.000    13.4311    13.4317     0.0006  45.328566  45.333552   0.004987    38.5572    38.5614     0.0042  1031.0285  1031.0316     0.0031     5.4383 1.4962e+03 1.0000e-12     0.2225 3.7799e-02      5.865    441.145    38.5570    38.5612     0.0042  1031.0284    29.0750  1031.0315    29.0782     0.0031     0.0031        131 0.0000e+00
   39.27820    1.98054    446.093    450.000    13.4281    13.4286     0.0005  45.328537  45.333480   0.004944    38.5580    38.5622     0.0042  1031.0517  1031.0549     0.0032     5.4328 1.4970e+03 1.0000e-12     0.2232 3.7809e-02      6.409    446.096    38.5578    38.5621     0.0042  1031.0516    29.0764  1031.0548    29.0796     0.0032     0.0032        140 0.0000e+00
   39.27820    1.98054    451.049    455.000    13.4245    13.4252     0.0007  45.327423  45.332520   0.005095    38.5583    38.5624     0.0042  1031.0747  1031.0778     0.0031     5.4216 1.4907e+03 1.0000e-12     0.2212 3.8001e-02      5.561    451.047    38.5581    38.5623     0.0042  1031.0746    29.0776  1031.0777    29.0807     0.0031     0.0031        112 0.0000e+00
   39.27822    1.98053    456.000    460.000    13.4168    13.4174     0.0006  45.321582  45.326579   0.004998    38.5583    38.5625     0.0042  1031.0984  1031.1015     0.0031     5.3947 1.4864e+03 1.0000e-12     0.2211 3.7832e-02      5.476    455.998    38.5581    38.5623     0.0042  1031.0983    29.0793  1031.1014    29.0824     0.0031     0.0031        125 0.0000e+00
   39.27822    1.98052    460.948    465.000    13.4136    13.4142     0.0006  45.321418  45.326465   0.005047    38.5591    38.5633     0.0042  1031.1217  1031.1248     0.0031     5.3492 1.4872e+03 1.0000e-12     0.2202 3.6793e-02      5.436    460.949    38.5589    38.5631     0.0042  1031.1216    29.0808  1031.1247    29.0839     0.0031     0.0031        135 0.0000e+00
   39.27822    1.98051    465.900    470.000    13.4123    13.4128     0.0005  45.323148  45.328083   0.004938    38.5598    38.5640     0.0042  1031.1446  1031.1478     0.0031     5.3289 1.4788e+03 1.0000e-12     0.2182 3.7274e-02      4.833    465.900    38.5597    38.5640     0.0042  1031.1446    29.0819  1031.1477    29.0850     0.0031     0.0031        125 0.0000e+00
   39.27824    1.98050    470.850    475.000    13.4086    13.4091     0.0005  45.321238  45.326148   0.004911    38.5595    38.5637     0.0042  1031.1671  1031.1703     0.0031     5.3317 1.4822e+03 1.0000e-12     0.2161 3.6984e-02      4.581    470.851    38.5594    38.5636     0.0042  1031.1671    29.0825  1031.1702    29.0857     0.0031     0.0031        138 0.0000e+00
   39.27824    1.98049    475.800    480.000    13.4003    13.4006     0.0004  45.313179  45.317936   0.004761    38.5581    38.5623     0.0042  1031.1899  1031.1930     0.0032     5.3480 1.4780e+03 1.0000e-12     0.2162 3.7229e-02      5.198    475.801    38.5579    38.5621     0.0042  1031.1897    29.0833  1031.1929    29.0864     0.0032     0.0032        128 0.0000e+00
   39.27824    1.98048    480.753    485.000    13.3852    13.3859     0.0006  45.296205  45.301192   0.004982    38.5550    38.5591     0.0041  1031.2128  1031.2158     0.0030     5.3475 1.4711e+03 1.0000e-12     0.2222 3.7277e-02      7.990    480.752    38.5546    38.5587     0.0041  1031.2125    29.0841  1031.2155    29.0871     0.0030     0.0030        125 0.0000e+00
   39.27826    1.98046    485.703    490.000    13.3815    13.3821     0.0006  45.293692  45.298720   0.005026    38.5540    38.5582     0.0042  1031.2348  1031.2379     0.0031     5.3491 1.4773e+03 1.0000e-12     0.2284 3.7622e-02      7.149    485.702    38.5538    38.5579     0.0042  1031.2346    29.0844  1031.2377    29.0874     0.0031     0.0031        125 0.0000e+00
   39.27826    1.98045    490.651    495.000    13.3829    13.3835     0.0006  45.298232  45.303266   0.005035    38.5545    38.5587     0.0042  1031.2568  1031.2600     0.0031     5.3446 1.4809e+03 1.0000e-12     0.2275 3.7469e-02      6.982    490.653    38.5544    38.5586     0.0042  1031.2568    29.0847  1031.2599    29.0878     0.0031     0.0031        144 0.0000e+00
   39.27826    1.98044    495.601    500.000    13.3789    13.3797     0.0008  45.295731  45.300989   0.005256    38.5540    38.5582     0.0042  1031.2793  1031.2824     0.0031     5.3536 1.4532e+03 1.0000e-12     0.2258 3.7154e-02      6.153    495.603    38.5539    38.5581     0.0042  1031.2793    29.0853  1031.2823    29.0884     0.0031     0.0031         90 0.0000e+00
   39.27826    1.98043    500.556    505.000    13.3690    13.3699     0.0010  45.285767  45.291257   0.005490    38.5524    38.5566     0.0042  1031.3023  1031.3053     0.0030     5.3530 1.4685e+03 1.0000e-12     0.2248 3.7344e-02      6.641    500.553    38.5521    38.5564     0.0042  1031.3021    29.0862  1031.3051    29.0893     0.0030     0.0030        113 0.0000e+00
   39.27828    1.98041    505.503    510.000    13.3595    13.3600     0.0005  45.276745  45.281688   0.004952    38.5512    38.5554     0.0042  1031.3254  1031.3285     0.0031     5.3635 1.4854e+03 1.0000e-12     0.2258 3.7134e-02      6.414    505.503    38.5509    38.5551     0.0042  1031.3252    29.0873  1031.3283    29.0905     0.0031     0.0031        144 0.0000e+00
   39.27828    1.98039    510.451    515.000    13.3533    13.3538     0.0005  45.271648  45.276637   0.004993    38.5502    38.5545     0.0042  1031.3480  1031.3511     0.0031     5.3638 1.4810e+03 1.0000e-12     0.2242 3.7477e-02      6.032    510.452    38.5500    38.5542     0.0042  1031.3478    29.0881  1031.3510    29.0913     0.0032     0.0032        150 0.0000e+00
   39.27829    1.98038    515.403    520.000    13.3433    13.3440     0.0007  45.261779  45.266830   0.005050    38.5488    38.5529     0.0041  1031.3710  1031.3740     0.0030     5.3703 1.4509e+03 1.0000e-12     0.2241 3.7081e-02      6.287    515.402    38.5484    38.5525     0.0041  1031.3708    29.0892  1031.3738    29.0922     0.0030     0.0030         81 0.0000e+00
   39.27830    1.98036    520.355    525.000    13.3340    13.3345     0.0005  45.252683  45.257621   0.004941    38.5473    38.5514     0.0042  1031.3939  1031.3970     0.0031     5.3807 1.4728e+03 1.0000e-12     0.2246 3.7106e-02      6.065    520.352    38.5469    38.5511     0.0042  1031.3936    29.0901  1031.3968    29.0932     0.0031     0.0031        146 0.0000e+00
   39.27830    1.98035    525.300    530.000    13.3302    13.3307     0.0005  45.250387  45.255404   0.005018    38.5465    38.5508     0.0043  1031.4161  1031.4193     0.0032     5.3770 1.4732e+03 1.0000e-12     0.2228 3.7212e-02      6.562    525.301    38.5463    38.5506     0.0043  1031.4160    29.0906  1031.4191    29.0938     0.0032     0.0032        144 0.0000e+00
   39.27832    1.98034    530.248    535.000    13.3291    13.3298     0.0007  45.251446  45.256610   0.005161    38.5463    38.5506     0.0042  1031.4382  1031.4413     0.0031     5.3824 1.4748e+03 1.0000e-12     0.2221 3.7000e-02      5.795    530.250    38.5462    38.5505     0.0042  1031.4381    29.0909  1031.4412    29.0940     0.0031     0.0031         99 0.0000e+00
   39.27832    1.98032    535.202    540.000    13.3281    13.3287     0.0006  45.252522  45.257472   0.004951    38.5460    38.5502     0.0042  1031.4602  1031.4633     0.0031     5.3871 1.4614e+03 1.0000e-12     0.2244 3.7066e-02      9.255    535.199    38.5460    38.5502     0.0042  1031.4601    29.0911  1031.4632    29.0942     0.0031     0.0031        126 0.0000e+00
   39.27834    1.98032    540.148    545.000    13.3242    13.3248     0.0006  45.250125  45.255143   0.005018    38.5455    38.5498     0.0042  1031.4826  1031.4857     0.0032     5.3908 1.4777e+03 1.0000e-12     0.2222 3.6998e-02      7.907    540.148    38.5454    38.5497     0.0042  1031.4825    29.0916  1031.4856    29.0948     0.0032     0.0032        139 0.0000e+00
   39.27834    1.98031    545.097    550.000    13.3183    13.3189     0.0006  45.245329  45.250423   0.005093    38.5448    38.5491     0.0043  1031.5052  1031.5084     0.0032     5.3852 1.4732e+03 1.0000e-12     0.2199 3.7037e-02      8.241    545.097    38.5446    38.5489     0.0043  1031.5051    29.0924  1031.5083    29.0956     0.0032     0.0032        144 0.0000e+00
   39.27834    1.98030    550.049    555.000    13.3134    13.3139     0.0006  45.241745  45.246790   0.005046    38.5441    38.5484     0.0043  1031.5278  1031.5310     0.0032     5.3870 1.4824e+03 1.0000e-12     0.2219 3.7290e-02      9.989    550.046    38.5439    38.5482     0.0043  1031.5277    29.0930  1031.5308    29.0962     0.0032     0.0032        138 0.0000e+00
   39.27835    1.98030    554.990    560.000    13.3116    13.3121     0.0005  45.241734  45.246705   0.004970    38.5436    38.5478     0.0042  1031.5497  1031.5529     0.0031     5.3828 1.4686e+03 1.0000e-12     0.2274 3.6691e-02     10.661    554.995    38.5435    38.5478     0.0042  1031.5497    29.0933  1031.5529    29.0964     0.0031     0.0031        120 0.0000e+00
   39.27836    1.98028    559.941    565.000    13.3050    13.3055     0.0006  45.235743  45.240734   0.004991    38.5424    38.5466     0.0042  1031.5722  1031.5754     0.0031     5.3875 1.4668e+03 1.0000e-12     0.2302 3.6821e-02     12.180    559.943    38.5422    38.5464     0.0042  1031.5721    29.0938  1031.5752    29.0969     0.0031     0.0031        117 0.0000e+00
   39.27837    1.98028    564.897    570.000    13.2952    13.2965     0.0014  45.225877  45.231763   0.005873    38.5405    38.5447     0.0042  1031.5948  1031.5978     0.0030     5.3913 1.4700e+03 1.0000e-12     0.2418 3.7212e-02     23.687    564.892    38.5401    38.5444     0.0042  1031.5949    29.0943  1031.5980    29.0974     0.0030     0.0030        110 0.0000e+00
   39.27838    1.98027    569.838    575.000    13.2884    13.2892     0.0007  45.219252  45.224351   0.005107    38.5389    38.5431     0.0042  1031.6171  1031.6202     0.0031     5.3900 1.4652e+03 1.0000e-12     0.3302 3.7811e-02     54.826    569.840    38.5387    38.5429     0.0042  1031.6169    29.0948  1031.6200    29.0979     0.0031     0.0031        125 0.0000e+00
   39.27839    1.98026    574.791    580.000    13.2898    13.2902     0.0005  45.223080  45.227996   0.004923    38.5389    38.5431     0.0042  1031.6387  1031.6419     0.0031     5.3819 1.4621e+03 1.0000e-12     0.3723 3.7624e-02     55.433    574.789    38.5388    38.5430     0.0042  1031.6387    29.0948  1031.6418    29.0979     0.0032     0.0032        137 0.0000e+00
   39.27840    1.98025    579.738    585.000    13.2902    13.2908     0.0006  45.225878  45.230868   0.004990    38.5389    38.5430     0.0042  1031.6606  1031.6637     0.0031     5.3955 1.4722e+03 1.0000e-12     0.3740 3.7948e-02     59.037    579.737    38.5388    38.5430     0.0042  1031.6605    29.0948  1031.6636    29.0980     0.0031     0.0031        154 0.0000e+00
   39.27847    1.98023    584.712    590.000    13.2903    13.2909     0.0006  45.228398  45.233238   0.004832    38.5388    38.5429     0.0040  1031.6825  1031.6856     0.0030 -9.990e-29 1.4338e+03 2.9891e-06     0.5738 3.9219e-02     53.695    584.685    38.5389    38.5429     0.0041  1031.6825    29.0950  1031.6854    29.0980     0.0030     0.0030         11 0.0000e+00
