example data/fromGithub/from cmunozmas_plot_raw_ctd/dradmed_06.cnv
* Sea-Bird SBE 9 Data File:
* FileName = C:\OCEANO\CTD\DATOS\2019-02_SOCIB CanalesWinter19\RADMED_06.hex
* Software Version Seasave V 7.26.7.121
* Temperature SN = 5391
* Conductivity SN = 3718
* Number of Bytes Per Scan = 40
* Number of Voltage Words = 5
* Number of Scans Averaged by the Deck Unit = 1
* NMEA Latitude = 39 16.63 N
* NMEA Longitude = 001 58.83 E
* NMEA UTC (Time) = Mar 05 2019  12:12:46
* NMEA baud rate = 4800
** Ship:B/O SOCIB
** Cruise: SOCIB-Canales Winter19
** Station: RADMED_ 06
** Date:  2019/02/19
** Time (UTC):  12:15
** Bottom Depth (m):  590.5
** Operator: PBH NCW
# nquan = 34
# nvalues = 118                         
# units = specified
# name 0 = latitude: Latitude [deg]
# name 1 = longitude: Longitude [deg]
# name 2 = depSM: Depth [salt water, m]
# name 3 = prDM: Pressure, Digiquartz [db]
# name 4 = t090C: Temperature [ITS-90, deg C]
# name 5 = t190C: Temperature, 2 [ITS-90, deg C]
# name 6 = T2-T190C: Temperature Difference, 2 - 1 [ITS-90, deg C]
# name 7 = c0mS/cm: Conductivity [mS/cm]
# name 8 = c1mS/cm: Conductivity, 2 [mS/cm]
# name 9 = C2-C1mS/cm: Conductivity Difference, 2 - 1 [mS/cm]
# name 10 = sal00: Salinity, Practical [PSU]
# name 11 = sal11: Salinity, Practical, 2 [PSU]
# name 12 = secS-priS: Salinity, Practical, Difference, 2 - 1 [PSU]
# name 13 = density00: Density [density, kg/m^3]
# name 14 = density11: Density, 2 [density, kg/m^3]
# name 15 = D2-D1,d: Density Difference, 2 - 1 [density, kg/m^3]
# name 16 = sbeox0Mg/L: Oxygen, SBE 43 [mg/l]
# name 17 = spar: SPAR/Surface Irradiance
# name 18 = par: PAR/Irradiance, Biospherical/Licor
# name 19 = CStarAt0: Beam Attenuation, WET Labs C-Star [1/m]
# name 20 = flSP: Fluorescence, Seapoint
# name 21 = seaTurbMtr: Turbidity, Seapoint [FTU]
# name 22 = depSM: Depth [salt water, m], lat = 39.2772
# name 23 = sal00: Salinity, Practical [PSU]
# name 24 = sal11: Salinity, Practical, 2 [PSU]
# name 25 = secS-priS: Salinity, Practical, Difference, 2 - 1 [PSU]
# name 26 = density00: Density [density, kg/m^3]
# name 27 = sigma-é00: Density [sigma-theta, kg/m^3]
# name 28 = density11: Density, 2 [density, kg/m^3]
# name 29 = sigma-é11: Density, 2 [sigma-theta, kg/m^3]
# name 30 = D2-D1,d: Density Difference, 2 - 1 [density, kg/m^3]
# name 31 = D2-D1: Density Difference, 2 - 1 [sigma-theta, kg/m^3]
# name 32 = nbin: number of scans per bin
# name 33 = flag: flag
# span 0 =   39.27746,   39.27847       
# span 1 =    1.98023,    1.98056       
# span 2 =      4.956,    584.712       
# span 3 =      5.000,    590.000       
# span 4 =    13.2884,    14.9196       
# span 5 =    13.2892,    14.9210       
# span 6 =    -0.0019,     0.0051       
# span 7 =  45.050359,  45.986779       
# span 8 =  45.055183,  45.991634       
# span 9 =   0.001890,   0.009778       
# span 10 =    37.8956,    38.5598      
# span 11 =    37.8996,    38.5640      
# span 12 =     0.0032,     0.0045      
# span 13 =  1028.2469,  1031.6825      
# span 14 =  1028.2498,  1031.6856      
# span 15 =     0.0021,     0.0033      
# span 16 =     5.3289,     7.8063      
# span 17 = 8.7625e+02, 1.6580e+03      
# span 18 = 1.0000e-12, 3.0845e+02      
# span 19 =     0.2161,     0.5738      
# span 20 = 3.6691e-02, 8.4687e-01      
# span 21 =      4.457,     59.037      
# span 22 =      4.962,    584.685      
# span 23 =    37.8937,    38.5597      
# span 24 =    37.8969,    38.5640      
# span 25 =     0.0032,     0.0045      
# span 26 =  1028.2453,  1031.6825      
# span 27 =    28.2233,    29.0950      
# span 28 =  1028.2474,  1031.6854      
# span 29 =    28.2255,    29.0980      
# span 30 =     0.0021,     0.0033      
# span 31 =     0.0021,     0.0033      
# span 32 =         11,        159      
# span 33 = 0.0000e+00, 0.0000e+00      
# interval = decibars: 5                
# start_time = Mar 05 2019 12:12:46 [NMEA time, header]
# bad_flag = -9.990e-29
*END*
[from data line 43]
   39.27782    1.98048    218.211    220.000    13.5866    13.5870     0.0004  45.227090  45.231894   0.004803    38.4040    38.4082     0.0042  1029.8841  1029.8873     0.0032     6.3535 1.5606e+03 1.0000e-12     0.2243 5.5796e-02      5.654    218.212    38.4055    38.4097     0.0042  1029.8854    28.9176  1029.8886    28.9207     0.0032     0.0032        129 0.0000e+00
   39.27784    1.98048    223.168    225.000    13.6004    13.6008     0.0004  45.262765  45.267485   0.004718    38.4216    38.4257     0.0040  1029.9167  1029.9197     0.0030     6.2435 1.5495e+03 1.0000e-12     0.2247 5.1052e-02      6.332    223.169    38.4223    38.4264     0.0040  1029.9172    28.9278  1029.9203    28.9309     0.0030     0.0030        133 0.0000e+00
   39.27784    1.98048    228.127    230.000    13.6024    13.6029     0.0005  45.281425  45.286319   0.004892    38.4354    38.4396     0.0042  1029.9490  1029.9522     0.0031     6.1663 1.5659e+03 1.0000e-12     0.2257 4.9244e-02      6.022    228.126    38.4358    38.4399     0.0042  1029.9493    28.9380  1029.9524    28.9411     0.0031     0.0031        139 0.0000e+00
   39.27785    1.98047    233.080    235.000    13.5944    13.5955     0.0011  45.284459  45.289645   0.005173    38.4444    38.4483     0.0038  1029.9798  1029.9825     0.0027     6.0957 1.5322e+03 1.0000e-12     0.2271 4.6515e-02      7.609    233.082    38.4444    38.4483     0.0038  1029.9798    28.9465  1029.9826    28.9493     0.0027     0.0027        111 0.0000e+00
   39.27786    1.98046    238.040    240.000    13.5940    13.5940    -0.0000  45.297936  45.301952   0.004037    38.4555    38.4594     0.0039  1030.0105  1030.0136     0.0030     6.0577 1.5538e+03 1.0000e-12     0.2282 4.5029e-02      6.935    238.038    38.4555    38.4593     0.0039  1030.0105    28.9553  1030.0135    28.9584     0.0030     0.0030        129 0.0000e+00
   39.27787    1.98046    242.993    245.000    13.6039    13.6044     0.0004  45.321228  45.325948   0.004719    38.4653    38.4693     0.0041  1030.0380  1030.0411     0.0031     6.0305 1.5429e+03 1.0000e-12     0.2274 4.4420e-02      6.582    242.995    38.4655    38.4695     0.0041  1030.0382    28.9611  1030.0412    28.9642     0.0031     0.0031        127 0.0000e+00
   39.27788    1.98047    247.951    250.000    13.6035    13.6038     0.0004  45.328164  45.332883   0.004719    38.4702    38.4743     0.0041  1030.0640  1030.0671     0.0031     6.0324 1.5485e+03 1.0000e-12     0.2263 4.5925e-02     14.512    247.951    38.4703    38.4744     0.0041  1030.0641    28.9651  1030.0672    28.9682     0.0031     0.0031        139 0.0000e+00
   39.27790    1.98048    252.907    255.000    13.5953    13.5959     0.0006  45.330952  45.336271   0.005314    38.4791    38.4835     0.0045  1030.0948  1030.0981     0.0033     6.0121 1.5395e+03 1.0000e-12     0.2259 4.3435e-02      6.046    252.907    38.4789    38.4834     0.0045  1030.0946    28.9737  1030.0979    28.9770     0.0033     0.0033        129 0.0000e+00
   39.27790    1.98048    257.863    260.000    13.6081    13.6085     0.0004  45.359331  45.364216   0.004888    38.4906    38.4949     0.0043  1030.1230  1030.1262     0.0032     5.9841 1.5379e+03 1.0000e-12     0.2246 4.4139e-02      6.512    257.862    38.4908    38.4951     0.0043  1030.1231    28.9804  1030.1263    28.9836     0.0032     0.0032        137 0.0000e+00
   39.27792    1.98048    262.816    265.000    13.6326    13.6331     0.0005  45.403401  45.408325   0.004923    38.5053    38.5095     0.0042  1030.1511  1030.1542     0.0031     5.9416 1.5453e+03 1.0000e-12     0.2254 4.2558e-02      6.482    262.818    38.5059    38.5101     0.0042  1030.1515    28.9870  1030.1547    28.9902     0.0031     0.0031        126 0.0000e+00
   39.27792    1.98048    267.777    270.000    13.6241    13.6248     0.0006  45.399956  45.404899   0.004940    38.5088    38.5129     0.0041  1030.1777  1030.1807     0.0030     5.9444 1.5269e+03 1.0000e-12     0.2253 4.3178e-02      6.089    267.774    38.5089    38.5130     0.0041  1030.1778    28.9913  1030.1808    28.9943     0.0030     0.0030        112 0.0000e+00
   39.27794    1.98048    272.730    275.000    13.6284    13.6288     0.0004  45.412608  45.417247   0.004642    38.5143    38.5183     0.0041  1030.2031  1030.2061     0.0031     5.9280 1.5336e+03 1.0000e-12     0.2249 4.1435e-02      6.106    272.729    38.5144    38.5184     0.0041  1030.2031    28.9948  1030.2062    28.9979     0.0030     0.0030        139 0.0000e+00
   39.27794    1.98050    277.684    280.000    13.6264    13.6270     0.0006  45.416986  45.421917   0.004927    38.5183    38.5224     0.0041  1030.2287  1030.2317     0.0030     5.9224 1.5379e+03 1.0000e-12     0.2242 4.1351e-02      6.582    277.685    38.5183    38.5224     0.0041  1030.2287    28.9984  1030.2317    29.0015     0.0030     0.0030        135 0.0000e+00
   39.27795    1.98050    282.641    285.000    13.5929    13.5936     0.0007  45.380779  45.385841   0.005060    38.5160    38.5201     0.0041  1030.2562  1030.2593     0.0031     5.9449 1.5298e+03 1.0000e-12     0.2236 4.1689e-02      5.724    282.640    38.5153    38.5195     0.0041  1030.2557    29.0034  1030.2588    29.0065     0.0031     0.0031        129 0.0000e+00
   39.27796    1.98050    287.595    290.000    13.5805    13.5810     0.0005  45.373222  45.378127   0.004908    38.5188    38.5230     0.0042  1030.2832  1030.2863     0.0031     5.9395 1.5382e+03 1.0000e-12     0.2226 4.0454e-02      5.464    287.595    38.5183    38.5225     0.0042  1030.2828    29.0085  1030.2860    29.0117     0.0031     0.0031        147 0.0000e+00
   39.27797    1.98051    292.549    295.000    13.5745    13.5750     0.0005  45.373928  45.378789   0.004862    38.5232    38.5273     0.0041  1030.3100  1030.3130     0.0031     5.9339 1.5288e+03 1.0000e-12     0.2225 3.9989e-02      5.601    292.550    38.5229    38.5270     0.0041  1030.3097    29.0135  1030.3128    29.0166     0.0031     0.0031        133 0.0000e+00
   39.27798    1.98052    297.504    300.000    13.5754    13.5758     0.0004  45.384194  45.389002   0.004810    38.5297    38.5338     0.0042  1030.3368  1030.3400     0.0031     5.9134 1.5304e+03 1.0000e-12     0.2222 4.1100e-02      6.387    297.505    38.5295    38.5337     0.0042  1030.3367    29.0186  1030.3399    29.0218     0.0031     0.0031        134 0.0000e+00
   39.27798    1.98052    302.458    305.000    13.5751    13.5756     0.0005  45.390801  45.395571   0.004769    38.5340    38.5380     0.0040  1030.3623  1030.3653     0.0030     5.9044 1.5147e+03 1.0000e-12     0.2223 4.1547e-02      5.377    302.460    38.5339    38.5379     0.0040  1030.3622    29.0222  1030.3652    29.0252     0.0030     0.0030        105 0.0000e+00
   39.27800    1.98050    307.418    310.000    13.5682    13.5688     0.0005  45.389455  45.394297   0.004842    38.5374    38.5415     0.0041  1030.3885  1030.3916     0.0031     5.8987 1.5133e+03 1.0000e-12     0.2223 4.0698e-02      5.540    307.414    38.5372    38.5413     0.0041  1030.3883    29.0264  1030.3914    29.0295     0.0031     0.0031        125 0.0000e+00
   39.27800    1.98050    312.367    315.000    13.5664    13.5668     0.0005  45.394875  45.399687   0.004814    38.5422    38.5463     0.0041  1030.4146  1030.4177     0.0031     5.8794 1.5292e+03 1.0000e-12     0.2232 4.0030e-02      6.439    312.369    38.5421    38.5462     0.0041  1030.4145    29.0307  1030.4176    29.0338     0.0031     0.0031        147 0.0000e+00
   39.27800    1.98050    317.325    320.000    13.5600    13.5607     0.0007  45.392844  45.397892   0.005044    38.5445    38.5486     0.0041  1030.4399  1030.4429     0.0030     5.8492 1.5225e+03 1.0000e-12     0.2217 3.9209e-02      5.261    317.323    38.5443    38.5484     0.0041  1030.4398    29.0340  1030.4428    29.0370     0.0030     0.0030        113 0.0000e+00
   39.27802    1.98048    322.279    325.000    13.5541    13.5547     0.0006  45.389592  45.394513   0.004922    38.5451    38.5492     0.0041  1030.4636  1030.4667     0.0031     5.8450 1.5072e+03 1.0000e-12     0.2212 3.9341e-02      5.210    322.278    38.5449    38.5490     0.0041  1030.4635    29.0358  1030.4665    29.0389     0.0031     0.0031        131 0.0000e+00
   39.27802    1.98048    327.230    330.000    13.5387    13.5393     0.0006  45.373460  45.378456   0.004995    38.5432    38.5473     0.0042  1030.4876  1030.4907     0.0031     5.8065 1.5177e+03 1.0000e-12     0.2211 3.9608e-02      5.063    327.232    38.5428    38.5469     0.0042  1030.4873    29.0376  1030.4903    29.0407     0.0031     0.0031        131 0.0000e+00
   39.27803    1.98046    332.188    335.000    13.5236    13.5241     0.0005  45.360351  45.365277   0.004928    38.5437    38.5479     0.0042  1030.5133  1030.5165     0.0031     5.7704 1.5119e+03 1.0000e-12     0.2215 3.9082e-02      7.752    332.186    38.5433    38.5475     0.0042  1030.5130    29.0413  1030.5161    29.0445     0.0032     0.0032        139 0.0000e+00
   39.27804    1.98046    337.137    340.000    13.5161    13.5167     0.0005  45.355887  45.360745   0.004857    38.5447    38.5488     0.0041  1030.5377  1030.5408     0.0031     5.7454 1.5205e+03 1.0000e-12     0.2238 3.9409e-02      5.978    337.140    38.5443    38.5484     0.0041  1030.5375    29.0439  1030.5405    29.0470     0.0031     0.0031        139 0.0000e+00
   39.27805    1.98044    342.093    345.000    13.5018    13.5024     0.0005  45.343420  45.348362   0.004942    38.5451    38.5492     0.0042  1030.5632  1030.5663     0.0031     5.6970 1.4987e+03 1.0000e-12     0.2229 3.9362e-02      5.386    342.094    38.5446    38.5488     0.0042  1030.5629    29.0473  1030.5660    29.0504     0.0031     0.0031        130 0.0000e+00
   39.27806    1.98044    347.050    350.000    13.4975    13.4980     0.0005  45.341623  45.346556   0.004932    38.5453    38.5495     0.0042  1030.5864  1030.5895     0.0031     5.6798 1.5206e+03 1.0000e-12     0.2226 3.8707e-02      5.555    347.047    38.5451    38.5492     0.0042  1030.5862    29.0487  1030.5893    29.0519     0.0031     0.0031        128 0.0000e+00
   39.27807    1.98044    351.998    355.000    13.4899    13.4905     0.0006  45.336429  45.341416   0.004986    38.5457    38.5499     0.0042  1030.6104  1030.6135     0.0031     5.6377 1.5004e+03 1.0000e-12     0.2245 3.8643e-02      6.417    352.001    38.5455    38.5496     0.0041  1030.6102    29.0508  1030.6133    29.0539     0.0031     0.0031        140 0.0000e+00
   39.27808    1.98044    356.956    360.000    13.4846    13.4851     0.0005  45.333849  45.338843   0.004995    38.5464    38.5506     0.0042  1030.6341  1030.6373     0.0032     5.6260 1.4998e+03 1.0000e-12     0.2258 3.9305e-02      6.173    356.954    38.5462    38.5504     0.0042  1030.6339    29.0526  1030.6371    29.0558     0.0031     0.0031        133 0.0000e+00
   39.27809    1.98044    361.908    365.000    13.4802    13.4807     0.0005  45.332717  45.337619   0.004902    38.5474    38.5516     0.0041  1030.6579  1030.6610     0.0031     5.6044 1.5068e+03 1.0000e-12     0.2248 3.8762e-02      5.893    361.908    38.5472    38.5514     0.0041  1030.6578    29.0546  1030.6608    29.0576     0.0031     0.0031        139 0.0000e+00
   39.27810    1.98044    366.860    370.000    13.4741    13.4747     0.0006  45.329480  45.334522   0.005041    38.5483    38.5525     0.0042  1030.6820  1030.6851     0.0031     5.5574 1.4966e+03 1.0000e-12     0.2240 3.8660e-02      6.318    366.861    38.5481    38.5523     0.0042  1030.6818    29.0567  1030.6849    29.0598     0.0031     0.0031        139 0.0000e+00
   39.27810    1.98045    371.814    375.000    13.4711    13.4716     0.0005  45.329552  45.334542   0.004991    38.5491    38.5533     0.0042  1030.7052  1030.7084     0.0032     5.5426 1.4923e+03 1.0000e-12     0.2235 3.8184e-02      5.859    371.814    38.5489    38.5532     0.0042  1030.7051    29.0581  1030.7083    29.0613     0.0032     0.0032        135 0.0000e+00
   39.27811    1.98046    376.768    380.000    13.4704    13.4710     0.0005  45.331447  45.336365   0.004918    38.5492    38.5534     0.0042  1030.7275  1030.7306     0.0031     5.5468 1.5117e+03 1.0000e-12     0.2238 3.8392e-02      5.975    376.767    38.5492    38.5533     0.0042  1030.7275    29.0586  1030.7306    29.0617     0.0031     0.0031        131 0.0000e+00
   39.27812    1.98047    381.718    385.000    13.4673    13.4677     0.0004  45.330769  45.335653   0.004887    38.5496    38.5538     0.0042  1030.7505  1030.7537     0.0032     5.5318 1.4786e+03 1.0000e-12     0.2241 3.8867e-02      6.058    381.720    38.5495    38.5537     0.0042  1030.7504    29.0596  1030.7536    29.0628     0.0032     0.0032        141 0.0000e+00
   39.27813    1.98048    386.672    390.000    13.4644    13.4649     0.0005  45.330852  45.335778   0.004926    38.5503    38.5545     0.0042  1030.7737  1030.7768     0.0032     5.5119 1.4979e+03 1.0000e-12     0.2241 3.9072e-02      6.017    386.672    38.5502    38.5544     0.0042  1030.7736    29.0609  1030.7768    29.0641     0.0032     0.0032        142 0.0000e+00
   39.27814    1.98049    391.625    395.000    13.4619    13.4624     0.0005  45.331113  45.336073   0.004960    38.5508    38.5551     0.0042  1030.7967  1030.7999     0.0032     5.5043 1.4918e+03 1.0000e-12     0.2246 3.8877e-02      6.085    391.625    38.5507    38.5550     0.0042  1030.7966    29.0621  1030.7998    29.0653     0.0032     0.0032        119 0.0000e+00
   39.27814    1.98050    396.580    400.000    13.4596    13.4603     0.0006  45.331880  45.336909   0.005028    38.5516    38.5558     0.0042  1030.8198  1030.8229     0.0031     5.5064 1.4848e+03 1.0000e-12     0.2251 3.8023e-02      6.154    396.578    38.5515    38.5557     0.0042  1030.8198    29.0633  1030.8228    29.0664     0.0031     0.0031        107 0.0000e+00
   39.27816    1.98051    401.529    405.000    13.4584    13.4591     0.0006  45.334333  45.339240   0.004907    38.5529    38.5569     0.0041  1030.8431  1030.8461     0.0030     5.4999 1.4855e+03 1.0000e-12     0.2259 3.8672e-02      6.357    401.530    38.5528    38.5569     0.0041  1030.8430    29.0647  1030.8460    29.0678     0.0030     0.0030        111 0.0000e+00
   39.27816    1.98052    406.482    410.000    13.4541    13.4546     0.0005  45.333170  45.338140   0.004972    38.5540    38.5582     0.0042  1030.8669  1030.8700     0.0031     5.4918 1.4960e+03 1.0000e-12     0.2241 3.8539e-02      6.195    406.482    38.5538    38.5581     0.0042  1030.8668    29.0666  1030.8699    29.0698     0.0031     0.0031        159 0.0000e+00
   39.27817    1.98054    411.432    415.000    13.4548    13.4553     0.0005  45.336367  45.341265   0.004898    38.5540    38.5582     0.0042  1030.8888  1030.8919     0.0031     5.5066 1.4719e+03 1.0000e-12     0.2249 3.8410e-02      6.003    411.434    38.5540    38.5582     0.0042  1030.8888    29.0667  1030.8919    29.0698     0.0031     0.0031        107 0.0000e+00
   39.27818    1.98054    416.390    420.000    13.4543    13.4547     0.0005  45.338983  45.343845   0.004864    38.5548    38.5590     0.0041  1030.9115  1030.9146     0.0031     5.5083 1.4927e+03 1.0000e-12     0.2240 3.7783e-02      5.703    416.386    38.5548    38.5589     0.0041  1030.9115    29.0676  1030.9146    29.0707     0.0031     0.0031        141 0.0000e+00
   39.27818    1.98055    421.339    425.000    13.4525    13.4530     0.0005  45.341068  45.345970   0.004901    38.5564    38.5606     0.0042  1030.9351  1030.9382     0.0031     5.5149 1.4879e+03 1.0000e-12     0.2218 3.8430e-02      5.227    421.338    38.5563    38.5605     0.0042  1030.9351    29.0693  1030.9382    29.0725     0.0031     0.0031        139 0.0000e+00
