example data/fromGithub/from cmunozmas_plot_raw_ctd/dradmed_09.cnv
* Sea-Bird SBE 9 Data File:
* FileName = C:\OCEANO\CTD\DATOS\2019-02_SOCIB CanalesWinter19\RADMED_09.hex
* Software Version Seasave V 7.26.7.121
* Temperature SN = 5391
* Conductivity SN = 3718
* Number of Bytes Per Scan = 40
* Number of Voltage Words = 5
* Number of Scans Averaged by the Deck Unit = 1
* NMEA Latitude = 39 08.22 N
* NMEA Longitude = 001 43.45 E
* NMEA UTC (Time) = Mar 05 2019  15:14:04
* NMEA baud rate = 4800
** Ship:B/O SOCIB
** Cruise: SOCIB-Canales Winter19
** Station: RADMED_ 09
** Date:  2019/02/19
** Time (UTC):  15:15
** Bottom Depth (m):  299
** Operator: JBM PBH
# nquan = 34
# nvalues = 57                          
# units = specified
# name 0 = latitude: Latitude [deg]
# name 1 = longitude: Longitude [deg]
# name 2 = depSM: Depth [salt water, m]
# name 3 = prDM: Pressure, Digiquartz [db]
# name 4 = t090C: Temperature [ITS-90, deg C]
# name 5 = t190C: Temperature, 2 [ITS-90, deg C]
# name 6 = T2-T190C: Temperature Difference, 2 - 1 [ITS-90, deg C]
# name 7 = c0mS/cm: Conductivity [mS/cm]
# name 8 = c1mS/cm: Conductivity, 2 [mS/cm]
# name 9 = C2-C1mS/cm: Conductivity Difference, 2 - 1 [mS/cm]
# name 10 = sal00: Salinity, Practical [PSU]
# name 11 = sal11: Salinity, Practical, 2 [PSU]
# name 12 = secS-priS: Salinity, Practical, Difference, 2 - 1 [PSU]
# name 13 = density00: Density [density, kg/m^3]
# name 14 = density11: Density, 2 [density, kg/m^3]
# name 15 = D2-D1,d: Density Difference, 2 - 1 [density, kg/m^3]
# name 16 = sbeox0Mg/L: Oxygen, SBE 43 [mg/l]
# name 17 = spar: SPAR/Surface Irradiance
# name 18 = par: PAR/Irradiance, Biospherical/Licor
# name 19 = CStarAt0: Beam Attenuation, WET Labs C-Star [1/m]
# name 20 = flSP: Fluorescence, Seapoint
# name 21 = seaTurbMtr: Turbidity, Seapoint [FTU]
# name 22 = depSM: Depth [salt water, m], lat = 39.137
# name 23 = sal00: Salinity, Practical [PSU]
# name 24 = sal11: Salinity, Practical, 2 [PSU]
# name 25 = secS-priS: Salinity, Practical, Difference, 2 - 1 [PSU]
# name 26 = density00: Density [density, kg/m^3]
# name 27 = sigma-é00: Density [sigma-theta, kg/m^3]
# name 28 = density11: Density, 2 [density, kg/m^3]
# name 29 = sigma-é11: Density, 2 [sigma-theta, kg/m^3]
# name 30 = D2-D1,d: Density Difference, 2 - 1 [density, kg/m^3]
# name 31 = D2-D1: Density Difference, 2 - 1 [sigma-theta, kg/m^3]
# name 32 = nbin: number of scans per bin
# name 33 = flag: flag
# span 0 =   39.13627,   39.13672       
# span 1 =    1.72392,    1.72406       
# span 2 =      4.962,    282.645       
# span 3 =      5.000,    285.000       
# span 4 =    13.4889,    14.9264       
# span 5 =    13.4895,    14.9252       
# span 6 =    -0.0013,     0.0020       
# span 7 =  45.074580,  46.051772       
# span 8 =  45.079122,  46.054429       
# span 9 =   0.002682,   0.006099       
# span 10 =    37.9471,    38.5188      
# span 11 =    37.9509,    38.5227      
# span 12 =     0.0032,     0.0045      
# span 13 =  1028.2850,  1030.2811      
# span 14 =  1028.2882,  1030.2839      
# span 15 =     0.0022,     0.0033      
# span 16 =     5.7114,     7.7467      
# span 17 = 1.8674e+02, 2.0048e+02      
# span 18 = -1.203e-06, 7.3090e+01      
# span 19 =     0.2291,     0.3399      
# span 20 = 3.9926e-02, 9.1893e-01      
# span 21 =      6.413,     23.027      
# span 22 =      4.962,    282.643      
# span 23 =    37.9472,    38.5187      
# span 24 =    37.9509,    38.5227      
# span 25 =     0.0032,     0.0045      
# span 26 =  1028.2851,  1030.2810      
# span 27 =    28.2631,    29.0281      
# span 28 =  1028.2882,  1030.2839      
# span 29 =    28.2663,    29.0310      
# span 30 =     0.0022,     0.0033      
# span 31 =     0.0022,     0.0033      
# span 32 =         78,        212      
# span 33 = 0.0000e+00, 0.0000e+00      
# interval = decibars: 5                
# start_time = Mar 05 2019 15:14:04 [NMEA time, header]
# bad_flag = -9.990e-29
*END*
   39.13672    1.72406      4.962      5.000    14.9264    14.9252    -0.0013  46.051772  46.054429   0.002682    37.9471    37.9509     0.0038  1028.2850  1028.2882     0.0032     7.7240 1.9395e+02 7.3090e+01     0.3380 3.7683e-01     14.526      4.962    37.9472    37.9509     0.0038  1028.2851    28.2631  1028.2882    28.2663     0.0032     0.0032         78 0.0000e+00
   39.13672    1.72405      9.924     10.000    14.8784    14.8797     0.0014  46.012111  46.017049   0.004914    37.9561    37.9593     0.0032  1028.3248  1028.3270     0.0022     7.7354 1.9350e+02 4.2816e+01     0.3314 3.9386e-01     15.330      9.924    37.9552    37.9585     0.0032  1028.3241    28.2803  1028.3264    28.2825     0.0022     0.0022        161 0.0000e+00
   39.13672    1.72404     14.885     15.000    14.8344    14.8349     0.0005  45.978785  45.983016   0.004235    37.9661    37.9695     0.0035  1028.3645  1028.3670     0.0026     7.7467 1.9205e+02 2.8739e+01     0.3334 4.4874e-01     16.646     14.886    37.9650    37.9685     0.0035  1028.3637    28.2979  1028.3662    28.3004     0.0026     0.0026        141 0.0000e+00
   39.13672    1.72402     19.847     20.000    14.8127    14.8133     0.0006  45.966648  45.971038   0.004390    37.9737    37.9772     0.0035  1028.3974  1028.3999     0.0026     7.7429 1.9205e+02 2.0806e+01     0.3352 4.9884e-01     19.234     19.847    37.9729    37.9764     0.0035  1028.3967    28.3089  1028.3993    28.3115     0.0026     0.0026        129 0.0000e+00
   39.13672    1.72402     24.811     25.000    14.7877    14.7881     0.0005  45.951426  45.955656   0.004233    37.9819    37.9855     0.0035  1028.4314  1028.4341     0.0026     7.7216 1.9137e+02 1.4967e+01     0.3375 5.6489e-01     17.999     24.809    37.9810    37.9845     0.0035  1028.4307    28.3210  1028.4333    28.3236     0.0026     0.0026        130 0.0000e+00
   39.13671    1.72400     29.769     30.000    14.7816    14.7821     0.0005  45.950450  45.954867   0.004416    37.9843    37.9879     0.0036  1028.4567  1028.4594     0.0027     7.7184 1.9050e+02 1.0477e+01     0.3399 6.2737e-01     17.849     29.770    37.9839    37.9875     0.0036  1028.4564    28.3247  1028.4590    28.3274     0.0027     0.0027        167 0.0000e+00
   39.13670    1.72400     34.731     35.000    14.7741    14.7745     0.0004  45.948359  45.952692   0.004336    37.9874    37.9910     0.0036  1028.4828  1028.4856     0.0027     7.7078 1.9027e+02 7.3748e+00     0.3368 6.5504e-01     18.324     34.732    37.9871    37.9907     0.0037  1028.4826    28.3291  1028.4854    28.3318     0.0027     0.0027        144 0.0000e+00
   39.13670    1.72398     39.693     40.000    14.7643    14.7646     0.0003  45.943735  45.948179   0.004447    37.9904    37.9943     0.0038  1028.5095  1028.5124     0.0029     7.6923 1.8999e+02 5.1640e+00     0.3376 6.9443e-01     17.963     39.693    37.9901    37.9940     0.0038  1028.5092    28.3338  1028.5121    28.3366     0.0029     0.0029        125 0.0000e+00
   39.13670    1.72398     44.657     45.000    14.7556    14.7562     0.0006  45.939773  45.944118   0.004338    37.9931    37.9966     0.0034  1028.5356  1028.5382     0.0025     7.6899 1.8885e+02 3.6096e+00     0.3322 7.1067e-01     17.988     44.654    37.9928    37.9963     0.0034  1028.5354    28.3380  1028.5379    28.3405     0.0025     0.0025        136 0.0000e+00
   39.13670    1.72398     49.612     50.000    14.7133    14.7144     0.0011  45.907318  45.913358   0.006029    38.0029    38.0074     0.0045  1028.5747  1028.5780     0.0033     7.6343 1.8854e+02 2.5091e+00     0.3315 7.4926e-01     17.961     49.615    38.0019    38.0064     0.0045  1028.5740    28.3546  1028.5772    28.3578     0.0033     0.0033        145 0.0000e+00
   39.13668    1.72397     54.577     55.000    14.6346    14.6352     0.0005  45.862163  45.866461   0.004303    38.0368    38.0403     0.0035  1028.6406  1028.6432     0.0026     7.5791 1.8855e+02 1.7237e+00     0.3268 8.3801e-01     16.881     54.576    38.0349    38.0383     0.0035  1028.6391    28.3977  1028.6416    28.4002     0.0026     0.0026        134 0.0000e+00
   39.13668    1.72396     59.536     60.000    14.5763    14.5767     0.0005  45.855279  45.859552   0.004277    38.0854    38.0889     0.0035  1028.7132  1028.7158     0.0026     7.3778 1.8851e+02 1.1720e+00     0.3154 8.7787e-01     16.028     59.536    38.0836    38.0871     0.0035  1028.7118    28.4485  1028.7144    28.4511     0.0026     0.0026        139 0.0000e+00
   39.13668    1.72396     64.497     65.000    14.4541    14.4551     0.0010  45.746705  45.751577   0.004865    38.1035    38.1071     0.0036  1028.7765  1028.7790     0.0026     7.3263 1.8855e+02 7.9537e-01     0.3033 9.1893e-01     16.167     64.497    38.1002    38.1039     0.0036  1028.7739    28.4885  1028.7765    28.4911     0.0026     0.0026        132 0.0000e+00
   39.13667    1.72396     69.459     70.000    14.4330    14.4334     0.0004  45.736518  45.741162   0.004651    38.1110    38.1149     0.0039  1028.8090  1028.8120     0.0029     7.2898 1.8781e+02 5.4524e-01     0.2946 8.6974e-01     15.388     69.457    38.1094    38.1133     0.0039  1028.8078    28.5004  1028.8107    28.5033     0.0029     0.0029        134 0.0000e+00
   39.13666    1.72396     74.416     75.000    14.4388    14.4390     0.0002  45.763917  45.768071   0.004162    38.1277    38.1314     0.0037  1028.8427  1028.8455     0.0028     7.2700 1.8743e+02 3.7497e-01     0.2917 7.8693e-01     14.614     74.418    38.1271    38.1308     0.0037  1028.8422    28.5129  1028.8450    28.5157     0.0028     0.0028        146 0.0000e+00
   39.13666    1.72396     79.380     80.000    14.3790    14.3792     0.0002  45.725157  45.729238   0.004084    38.1493    38.1529     0.0036  1028.8948  1028.8975     0.0027     7.1821 1.8731e+02 2.5855e-01     0.2811 6.1441e-01     11.452     79.378    38.1477    38.1512     0.0036  1028.8935    28.5422  1028.8962    28.5449     0.0027     0.0027        133 0.0000e+00
   39.13665    1.72396     84.336     85.000    14.3239    14.3244     0.0006  45.696287  45.700943   0.004652    38.1744    38.1782     0.0038  1028.9485  1028.9512     0.0028     7.1504 1.8688e+02 1.8043e-01     0.2627 4.9787e-01     10.448     84.338    38.1729    38.1767     0.0038  1028.9473    28.5740  1028.9501    28.5768     0.0028     0.0028        150 0.0000e+00
   39.13664    1.72396     89.298     90.000    14.2897    14.2900     0.0004  45.677903  45.682395   0.004492    38.1886    38.1925     0.0039  1028.9891  1028.9920     0.0029     7.1470 1.8680e+02 1.2528e-01     0.2591 4.2876e-01      9.995     89.298    38.1873    38.1911     0.0039  1028.9881    28.5927  1028.9910    28.5957     0.0029     0.0029        120 0.0000e+00
   39.13663    1.72396     94.258     95.000    14.2596    14.2600     0.0005  45.657162  45.661812   0.004648    38.1965    38.2004     0.0039  1029.0240  1029.0269     0.0029     7.1729 1.8678e+02 8.4758e-02     0.2571 3.8645e-01     10.947     94.258    38.1954    38.1993     0.0039  1029.0231    28.6058  1029.0260    28.6087     0.0029     0.0029        151 0.0000e+00
   39.13662    1.72396     99.217    100.000    14.2495    14.2500     0.0005  45.652812  45.657355   0.004543    38.1997    38.2035     0.0038  1029.0507  1029.0536     0.0029     7.2135 1.8679e+02 5.1970e-02     0.2615 4.0100e-01     11.761     99.218    38.1991    38.2029     0.0038  1029.0502    28.6110  1029.0531    28.6138     0.0029     0.0029        131 0.0000e+00
   39.13662    1.72396    104.178    105.000    14.2106    14.2112     0.0007  45.623650  45.628404   0.004748    38.2091    38.2129     0.0038  1029.0887  1029.0915     0.0028     7.2091 1.8677e+02 3.0421e-02     0.2640 4.0591e-01     12.170    104.177    38.2080    38.2118     0.0038  1029.0879    28.6266  1029.0906    28.6294     0.0028     0.0028        146 0.0000e+00
   39.13661    1.72396    109.137    110.000    14.1391    14.1400     0.0009  45.562362  45.567135   0.004767    38.2208    38.2244     0.0036  1029.1355  1029.1381     0.0026     7.1245 1.8679e+02 1.6268e-02     0.2625 3.1181e-01     11.911    109.137    38.2191    38.2227     0.0036  1029.1342    28.6508  1029.1368    28.6535     0.0026     0.0026        136 0.0000e+00
   39.13660    1.72398    114.096    115.000    14.0270    14.0279     0.0009  45.459106  45.463969   0.004861    38.2340    38.2377     0.0037  1029.1924  1029.1951     0.0027     7.2076 1.8674e+02 3.6719e-03     0.2612 2.5007e-01     11.668    114.096    38.2309    38.2347     0.0037  1029.1900    28.6845  1029.1927    28.6872     0.0027     0.0027        132 0.0000e+00
   39.13660    1.72398    119.056    120.000    13.9415    13.9424     0.0009  45.383713  45.388474   0.004762    38.2455    38.2491     0.0036  1029.2421  1029.2447     0.0026     7.1853 1.8679e+02 5.4971e-05     0.2586 2.4214e-01     14.177    119.055    38.2426    38.2463     0.0037  1029.2398    28.7122  1029.2425    28.7148     0.0026     0.0026        135 0.0000e+00
   39.13658    1.72398    124.014    125.000    13.9213    13.9218     0.0005  45.379413  45.384031   0.004623    38.2581    38.2619     0.0039  1029.2783  1029.2812     0.0029     7.0882 1.8679e+02 -1.203e-06     0.2691 1.7294e-01     19.174    124.014    38.2565    38.2604     0.0039  1029.2771    28.7275  1029.2800    28.7303     0.0029     0.0029        140 0.0000e+00
   39.13658    1.72398    128.973    130.000    13.8947    13.8952     0.0004  45.357120  45.361815   0.004700    38.2608    38.2649     0.0040  1029.3084  1029.3114     0.0030     7.1191 1.8679e+02 1.0000e-12     0.2731 1.7167e-01     20.918    128.973    38.2596    38.2637     0.0040  1029.3074    28.7358  1029.3105    28.7388     0.0030     0.0030        143 0.0000e+00
   39.13656    1.72398    133.933    135.000    13.8808    13.8813     0.0005  45.347716  45.352407   0.004691    38.2632    38.2671     0.0039  1029.3354  1029.3383     0.0029     7.1220 1.8679e+02 1.0000e-12     0.2735 1.7012e-01     20.299    133.932    38.2624    38.2664     0.0039  1029.3348    28.7411  1029.3377    28.7440     0.0029     0.0029        135 0.0000e+00
   39.13656    1.72398    138.891    140.000    13.8574    13.8576     0.0002  45.327291  45.331655   0.004371    38.2648    38.2688     0.0039  1029.3638  1029.3668     0.0030     7.1490 1.8677e+02 1.0000e-12     0.2757 1.7559e-01     21.583    138.891    38.2641    38.2681     0.0039  1029.3633    28.7476  1029.3663    28.7506     0.0030     0.0030        139 0.0000e+00
   39.13655    1.72398    143.846    145.000    13.8357    13.8362     0.0005  45.311083  45.315738   0.004652    38.2689    38.2729     0.0040  1029.3938  1029.3967     0.0030     7.1209 1.8680e+02 1.0000e-12     0.2748 1.8053e-01     23.027    143.850    38.2682    38.2722     0.0040  1029.3933    28.7556  1029.3962    28.7586     0.0030     0.0030        132 0.0000e+00
   39.13654    1.72398    148.808    150.000    13.7331    13.7352     0.0020  45.195377  45.201506   0.006099    38.2586    38.2624     0.0038  1029.4296  1029.4321     0.0025     7.3633 1.8679e+02 1.0000e-12     0.2822 2.1463e-01     18.654    148.808    38.2549    38.2587     0.0038  1029.4277    28.7674  1029.4301    28.7699     0.0025     0.0025        109 0.0000e+00
   39.13654    1.72398    153.768    155.000    13.6302    13.6314     0.0012  45.107860  45.113353   0.005501    38.2789    38.2829     0.0040  1029.4902  1029.4931     0.0028     7.2846 1.8694e+02 1.0000e-12     0.2778 3.1408e-01     13.798    153.767    38.2763    38.2802     0.0040  1029.4882    28.8061  1029.4911    28.8089     0.0028     0.0028        141 0.0000e+00
   39.13653    1.72398    158.725    160.000    13.5875    13.5878     0.0004  45.074580  45.079122   0.004562    38.2871    38.2910     0.0040  1029.5280  1029.5309     0.0030     7.3027 1.8700e+02 1.0000e-12     0.2618 1.8781e-01      8.219    158.725    38.2851    38.2890     0.0040  1029.5264    28.8222  1029.5294    28.8251     0.0030     0.0030        147 0.0000e+00
   39.13652    1.72399    163.684    165.000    13.5939    13.5943     0.0004  45.093994  45.098677   0.004690    38.2956    38.2997     0.0041  1029.5553  1029.5583     0.0031     7.2525 1.8760e+02 1.0000e-12     0.2433 1.4475e-01      8.300    163.683    38.2949    38.2989     0.0041  1029.5547    28.8285  1029.5578    28.8316     0.0031     0.0031        125 0.0000e+00
   39.13651    1.72400    168.641    170.000    13.6007    13.6009     0.0003  45.109442  45.113897   0.004462    38.3008    38.3048     0.0040  1029.5800  1029.5830     0.0030     7.1991 1.8787e+02 1.0000e-12     0.2395 1.4123e-01      9.511    168.641    38.3006    38.3046     0.0040  1029.5798    28.8317  1029.5828    28.8347     0.0030     0.0030        144 0.0000e+00
   39.13650    1.72400    173.600    175.000    13.6167    13.6173     0.0005  45.145330  45.150293   0.004957    38.3163    38.3204     0.0041  1029.6106  1029.6137     0.0031     6.9934 1.8831e+02 1.0000e-12     0.2352 1.0426e-01      6.413    173.599    38.3165    38.3206     0.0041  1029.6108    28.8408  1029.6138    28.8438     0.0031     0.0031        144 0.0000e+00
   39.13650    1.72400    178.555    180.000    13.5972    13.5975     0.0003  45.129671  45.134078   0.004412    38.3192    38.3231     0.0039  1029.6392  1029.6421     0.0029     7.0153 1.8802e+02 1.0000e-12     0.2333 9.6095e-02      6.726    178.557    38.3188    38.3227     0.0039  1029.6389    28.8469  1029.6419    28.8498     0.0029     0.0029        132 0.0000e+00
   39.13648    1.72400    183.519    185.000    13.6051    13.6054     0.0002  45.166725  45.171062   0.004340    38.3438    38.3477     0.0039  1029.6787  1029.6816     0.0030     6.7718 1.8849e+02 1.0000e-12     0.2328 9.0586e-02      7.239    183.515    38.3439    38.3478     0.0039  1029.6787    28.8648  1029.6817    28.8677     0.0030     0.0030        132 0.0000e+00
   39.13648    1.72400    188.472    190.000    13.6114    13.6119     0.0005  45.191525  45.196120   0.004592    38.3589    38.3628     0.0039  1029.7110  1029.7139     0.0029     6.6873 1.8855e+02 1.0000e-12     0.2327 7.8303e-02      7.161    188.472    38.3590    38.3629     0.0039  1029.7111    28.8753  1029.7140    28.8782     0.0029     0.0029        152 0.0000e+00
   39.13646    1.72400    193.429    195.000    13.6053    13.6057     0.0004  45.206591  45.211129   0.004539    38.3773    38.3813     0.0039  1029.7488  1029.7517     0.0030     6.5438 1.8878e+02 1.0000e-12     0.2328 7.1088e-02      6.603    193.430    38.3773    38.3812     0.0039  1029.7487    28.8909  1029.7517    28.8939     0.0030     0.0030        139 0.0000e+00
   39.13646    1.72401    198.385    200.000    13.6046    13.6050     0.0005  45.237232  45.241707   0.004474    38.4050    38.4088     0.0038  1029.7925  1029.7953     0.0028     6.3458 1.8905e+02 1.0000e-12     0.2321 6.1732e-02      8.533    198.387    38.4050    38.4088     0.0038  1029.7924    28.9127  1029.7953    28.9156     0.0029     0.0029        137 0.0000e+00
   39.13645    1.72401    203.345    205.000    13.5991    13.5995     0.0004  45.262235  45.266843   0.004608    38.4322    38.4362     0.0040  1029.8368  1029.8398     0.0030     6.2359 1.8926e+02 1.0000e-12     0.2319 5.3394e-02      7.138    203.344    38.4321    38.4360     0.0040  1029.8367    28.9350  1029.8397    28.9380     0.0030     0.0030        141 0.0000e+00
   39.13644    1.72402    208.301    210.000    13.5853    13.5859     0.0007  45.266264  45.270965   0.004697    38.4479    38.4518     0.0038  1029.8741  1029.8769     0.0028     6.1176 1.9009e+02 1.0000e-12     0.2300 4.8108e-02      7.862    208.301    38.4476    38.4514     0.0038  1029.8738    28.9502  1029.8766    28.9530     0.0028     0.0028        141 0.0000e+00
