example data/fromGithub/from cmunozmas_plot_raw_ctd/dradmed_10.cnv
* Sea-Bird SBE 9 Data File:
* FileName = C:\OCEANO\CTD\DATOS\2019-02_SOCIB CanalesWinter19\RADMED_10.hex
* Software Version Seasave V 7.26.7.121
* Temperature SN = 5391
* Conductivity SN = 3718
* Number of Bytes Per Scan = 40
* Number of Voltage Words = 5
* Number of Scans Averaged by the Deck Unit = 1
* NMEA Latitude = 39 05.44 N
* NMEA Longitude = 001 38.00 E
* NMEA UTC (Time) = Mar 05 2019  15:57:11
* NMEA baud rate = 4800
** Ship:B/O SOCIB
** Cruise: SOCIB-Canales Winter19
** Station: RADMED_ 10
** Date:  2019/02/19
** Time (UTC):  15:57
** Bottom Depth (m):  83
** Operator: JBM PBH
# nquan = 34
# nvalues = 14                          
# units = specified
# name 0 = latitude: Latitude [deg]
# name 1 = longitude: Longitude [deg]
# name 2 = depSM: Depth [salt water, m]
# name 3 = prDM: Pressure, Digiquartz [db]
# name 4 = t090C: Temperature [ITS-90, deg C]
# name 5 = t190C: Temperature, 2 [ITS-90, deg C]
# name 6 = T2-T190C: Temperature Difference, 2 - 1 [ITS-90, deg C]
# name 7 = c0mS/cm: Conductivity [mS/cm]
# name 8 = c1mS/cm: Conductivity, 2 [mS/cm]
# name 9 = C2-C1mS/cm: Conductivity Difference, 2 - 1 [mS/cm]
# name 10 = sal00: Salinity, Practical [PSU]
# name 11 = sal11: Salinity, Practical, 2 [PSU]
# name 12 = secS-priS: Salinity, Practical, Difference, 2 - 1 [PSU]
# name 13 = density00: Density [density, kg/m^3]
# name 14 = density11: Density, 2 [density, kg/m^3]
# name 15 = D2-D1,d: Density Difference, 2 - 1 [density, kg/m^3]
# name 16 = sbeox0Mg/L: Oxygen, SBE 43 [mg/l]
# name 17 = spar: SPAR/Surface Irradiance
# name 18 = par: PAR/Irradiance, Biospherical/Licor
# name 19 = CStarAt0: Beam Attenuation, WET Labs C-Star [1/m]
# name 20 = flSP: Fluorescence, Seapoint
# name 21 = seaTurbMtr: Turbidity, Seapoint [FTU]
# name 22 = depSM: Depth [salt water, m], lat = 39.0907
# name 23 = sal00: Salinity, Practical [PSU]
# name 24 = sal11: Salinity, Practical, 2 [PSU]
# name 25 = secS-priS: Salinity, Practical, Difference, 2 - 1 [PSU]
# name 26 = density00: Density [density, kg/m^3]
# name 27 = sigma-é00: Density [sigma-theta, kg/m^3]
# name 28 = density11: Density, 2 [density, kg/m^3]
# name 29 = sigma-é11: Density, 2 [sigma-theta, kg/m^3]
# name 30 = D2-D1,d: Density Difference, 2 - 1 [density, kg/m^3]
# name 31 = D2-D1: Density Difference, 2 - 1 [sigma-theta, kg/m^3]
# name 32 = nbin: number of scans per bin
# name 33 = flag: flag
# span 0 =   39.08994,   39.09000       
# span 1 =    1.63198,    1.63206       
# span 2 =      4.965,     69.459       
# span 3 =      5.000,     70.000       
# span 4 =    14.6169,    15.0932       
# span 5 =    14.6176,    15.0935       
# span 6 =    -0.0012,     0.0020       
# span 7 =  45.812191,  46.132979       
# span 8 =  45.816677,  46.137671       
# span 9 =   0.002437,   0.006195       
# span 10 =    37.8596,    38.0012      
# span 11 =    37.8636,    38.0049      
# span 12 =     0.0032,     0.0043      
# span 13 =  1028.1799,  1028.6833      
# span 14 =  1028.1828,  1028.6860      
# span 15 =     0.0021,     0.0033      
# span 16 =     7.7177,     7.7987      
# span 17 = 1.3031e+02, 1.3392e+02      
# span 18 = 9.7879e-01, 5.1615e+01      
# span 19 =     0.2991,     0.3203      
# span 20 = 3.2050e-01, 5.1248e-01      
# span 21 =     13.938,     17.952      
# span 22 =      4.962,     69.458      
# span 23 =    37.8598,    37.9990      
# span 24 =    37.8636,    38.0026      
# span 25 =     0.0032,     0.0043      
# span 26 =  1028.1801,  1028.6816      
# span 27 =    28.1582,    28.3744      
# span 28 =  1028.1831,  1028.6842      
# span 29 =    28.1612,    28.3770      
# span 30 =     0.0021,     0.0033      
# span 31 =     0.0021,     0.0033      
# span 32 =         81,        190      
# span 33 = 0.0000e+00, 0.0000e+00      
# interval = decibars: 5                
# start_time = Mar 05 2019 15:57:11 [NMEA time, header]
# bad_flag = -9.990e-29
*END*
   39.09000    1.63198      4.965      5.000    15.0932    15.0935     0.0004  46.132979  46.137671   0.004690    37.8596    37.8636     0.0040  1028.1799  1028.1828     0.0030     7.7463 1.3031e+02 5.1615e+01     0.3203 3.5172e-01     13.938      4.962    37.8599    37.8639     0.0039  1028.1801    28.1582  1028.1831    28.1612     0.0030     0.0030         81 0.0000e+00
   39.09000    1.63199      9.923     10.000    15.0756    15.0762     0.0005  46.116708  46.121384   0.004668    37.8601    37.8639     0.0038  1028.2064  1028.2092     0.0028     7.7335 1.3040e+02 2.9070e+01     0.3164 3.2050e-01     14.366      9.924    37.8598    37.8636     0.0038  1028.2061    28.1622  1028.2089    28.1650     0.0028     0.0028        153 0.0000e+00
   39.09000    1.63200     14.888     15.000    15.0360    15.0353    -0.0006  46.077984  46.081578   0.003621    37.8612    37.8651     0.0039  1028.2382  1028.2413     0.0031     7.7314 1.3039e+02 2.0987e+01     0.3150 3.2777e-01     15.571     14.886    37.8604    37.8643     0.0039  1028.2375    28.1718  1028.2408    28.1750     0.0031     0.0031        146 0.0000e+00
   39.08998    1.63200     19.845     20.000    14.9812    14.9811    -0.0002  46.023111  46.027066   0.003947    37.8622    37.8661     0.0039  1028.2734  1028.2765     0.0031     7.7177 1.3040e+02 1.6178e+01     0.3153 3.2530e-01     17.215     19.847    37.8608    37.8645     0.0039  1028.2723    28.1846  1028.2752    28.1875     0.0030     0.0030        132 0.0000e+00
   39.08998    1.63200     24.808     25.000    14.9563    14.9567     0.0005  46.005125  46.009700   0.004564    37.8673    37.8711     0.0038  1028.3051  1028.3079     0.0028     7.7424 1.3132e+02 1.2342e+01     0.3121 3.5158e-01     15.165     24.809    37.8662    37.8700     0.0038  1028.3042    28.1946  1028.3070    28.1974     0.0028     0.0028        128 0.0000e+00
   39.08998    1.63202     29.770     30.000    14.9450    14.9454     0.0005  46.000801  46.005547   0.004741    37.8718    37.8757     0.0039  1028.3331  1028.3361     0.0029     7.7243 1.3203e+02 9.3514e+00     0.3082 3.6125e-01     15.000     29.770    37.8711    37.8750     0.0039  1028.3326    28.2010  1028.3355    28.2040     0.0029     0.0029        122 0.0000e+00
   39.08998    1.63202     34.733     35.000    14.9411    14.9426     0.0015  45.999248  46.005471   0.006195    37.8716    37.8759     0.0043  1028.3560  1028.3590     0.0030     7.7395 1.3212e+02 7.1012e+00     0.3069 3.8574e-01     17.355     34.732    37.8712    37.8755     0.0043  1028.3556    28.2022  1028.3587    28.2052     0.0030     0.0030        137 0.0000e+00
   39.08997    1.63202     39.692     40.000    14.9378    14.9386     0.0007  45.997738  46.002777   0.005047    37.8711    37.8750     0.0040  1028.3784  1028.3813     0.0029     7.7353 1.3213e+02 5.4009e+00     0.3063 3.7797e-01     15.374     39.693    37.8708    37.8747     0.0039  1028.3782    28.2028  1028.3810    28.2056     0.0029     0.0029        127 0.0000e+00
   39.08996    1.63202     44.654     45.000    14.9339    14.9333    -0.0012  45.995150  45.997567   0.002437    37.8703    37.8737     0.0034  1028.4008  1028.4037     0.0029     7.7402 1.3216e+02 4.1025e+00     0.3056 3.8181e-01     17.952     44.654    37.8701    37.8736     0.0034  1028.4006    28.2033  1028.4031    28.2062     0.0029     0.0029        121 0.0000e+00
   39.08996    1.63204     49.614     50.000    14.9098    14.9088    -0.0011  45.971225  45.974311   0.003116    37.8697    37.8736     0.0039  1028.4277  1028.4310     0.0033     7.7687 1.3231e+02 3.1031e+00     0.3067 3.6608e-01     16.139     49.615    37.8693    37.8731     0.0039  1028.4275    28.2082  1028.4306    28.2114     0.0033     0.0033        117 0.0000e+00
   39.08996    1.63204     54.578     55.000    14.8744    14.8748     0.0004  45.946028  45.950643   0.004598    37.8792    37.8831     0.0039  1028.4652  1028.4681     0.0029     7.7721 1.3308e+02 2.3373e+00     0.3050 3.9411e-01     14.791     54.576    37.8782    37.8821     0.0039  1028.4644    28.2232  1028.4673    28.2261     0.0029     0.0029        127 0.0000e+00
   39.08996    1.63204     59.537     60.000    14.8448    14.8468     0.0020  45.921688  45.927739   0.006005    37.8832    37.8868     0.0036  1028.4970  1028.4993     0.0023     7.7818 1.3380e+02 1.7659e+00     0.3025 3.8600e-01     14.893     59.537    37.8823    37.8859     0.0036  1028.4963    28.2332  1028.4986    28.2355     0.0023     0.0023        129 0.0000e+00
   39.08996    1.63205     64.496     65.000    14.7292    14.7308     0.0015  45.849199  45.854305   0.005103    37.9284    37.9316     0.0032  1028.5799  1028.5820     0.0021     7.7987 1.3392e+02 1.3351e+00     0.2991 4.0779e-01     14.381     64.497    37.9257    37.9289     0.0032  1028.5778    28.2926  1028.5799    28.2948     0.0021     0.0021        135 0.0000e+00
   39.08994    1.63206     69.459     70.000    14.6169    14.6176     0.0006  45.812191  45.816677   0.004505    38.0012    38.0049     0.0036  1028.6833  1028.6860     0.0027     7.7823 1.3391e+02 9.7879e-01     0.3042 5.1248e-01     16.853     69.458    37.9990    38.0026     0.0036  1028.6816    28.3744  1028.6842    28.3770     0.0027     0.0027        190 0.0000e+00
