example data/fromGithub/from cmunozmas_plot_raw_ctd/dradmed_07.cnv
* Sea-Bird SBE 9 Data File:
* FileName = C:\OCEANO\CTD\DATOS\2019-02_SOCIB CanalesWinter19\RADMED_07.hex
* Software Version Seasave V 7.26.7.121
* Temperature SN = 5391
* Conductivity SN = 3718
* Number of Bytes Per Scan = 40
* Number of Voltage Words = 5
* Number of Scans Averaged by the Deck Unit = 1
* NMEA Latitude = 39 13.82 N
* NMEA Longitude = 001 53.63 E
* NMEA UTC (Time) = Mar 05 2019  13:10:32
* NMEA baud rate = 4800
** Ship:B/O SOCIB
** Cruise: SOCIB-Canales Winter19
** Station: RADMED_ 07
** Date:  2019/02/19
** Time (UTC):  13:10
** Bottom Depth (m):  671
** Operator: PBH NCW
# nquan = 34
# nvalues = 135                         
# units = specified
# name 0 = latitude: Latitude [deg]
# name 1 = longitude: Longitude [deg]
# name 2 = depSM: Depth [salt water, m]
# name 3 = prDM: Pressure, Digiquartz [db]
# name 4 = t090C: Temperature [ITS-90, deg C]
# name 5 = t190C: Temperature, 2 [ITS-90, deg C]
# name 6 = T2-T190C: Temperature Difference, 2 - 1 [ITS-90, deg C]
# name 7 = c0mS/cm: Conductivity [mS/cm]
# name 8 = c1mS/cm: Conductivity, 2 [mS/cm]
# name 9 = C2-C1mS/cm: Conductivity Difference, 2 - 1 [mS/cm]
# name 10 = sal00: Salinity, Practical [PSU]
# name 11 = sal11: Salinity, Practical, 2 [PSU]
# name 12 = secS-priS: Salinity, Practical, Difference, 2 - 1 [PSU]
# name 13 = density00: Density [density, kg/m^3]
# name 14 = density11: Density, 2 [density, kg/m^3]
# name 15 = D2-D1,d: Density Difference, 2 - 1 [density, kg/m^3]
# name 16 = sbeox0Mg/L: Oxygen, SBE 43 [mg/l]
# name 17 = spar: SPAR/Surface Irradiance
# name 18 = par: PAR/Irradiance, Biospherical/Licor
# name 19 = CStarAt0: Beam Attenuation, WET Labs C-Star [1/m]
# name 20 = flSP: Fluorescence, Seapoint
# name 21 = seaTurbMtr: Turbidity, Seapoint [FTU]
# name 22 = depSM: Depth [salt water, m], lat = 39.2303
# name 23 = sal00: Salinity, Practical [PSU]
# name 24 = sal11: Salinity, Practical, 2 [PSU]
# name 25 = secS-priS: Salinity, Practical, Difference, 2 - 1 [PSU]
# name 26 = density00: Density [density, kg/m^3]
# name 27 = sigma-é00: Density [sigma-theta, kg/m^3]
# name 28 = density11: Density, 2 [density, kg/m^3]
# name 29 = sigma-é11: Density, 2 [sigma-theta, kg/m^3]
# name 30 = D2-D1,d: Density Difference, 2 - 1 [density, kg/m^3]
# name 31 = D2-D1: Density Difference, 2 - 1 [sigma-theta, kg/m^3]
# name 32 = nbin: number of scans per bin
# name 33 = flag: flag
# span 0 =   39.23032,   39.23185       
# span 1 =    1.89468,    1.89720       
# span 2 =      4.963,    668.797       
# span 3 =      5.000,    675.000       
# span 4 =    13.1447,    14.8877       
# span 5 =    13.1449,    14.8875       
# span 6 =    -0.0002,     0.0018       
# span 7 =  45.081789,  46.050678       
# span 8 =  45.086289,  46.054779       
# span 9 =   0.003985,   0.005971       
# span 10 =    37.9848,    38.5565      
# span 11 =    37.9888,    38.5606      
# span 12 =     0.0035,     0.0043      
# span 13 =  1028.3228,  1032.0639      
# span 14 =  1028.3259,  1032.0670      
# span 15 =     0.0023,     0.0032      
# span 16 =     5.3585,     7.7310      
# span 17 = 1.0371e+03, 1.6749e+03      
# span 18 = -4.042e-06, 2.3028e+02      
# span 19 =     0.2143,     0.3819      
# span 20 = 3.6529e-02, 9.2472e-01      
# span 21 =      4.188,     23.306      
# span 22 =      4.962,    668.785      
# span 23 =    37.9840,    38.5563      
# span 24 =    37.9880,    38.5604      
# span 25 =     0.0035,     0.0043      
# span 26 =  1028.3222,  1032.0635      
# span 27 =    28.3003,    29.1039      
# span 28 =  1028.3254,  1032.0667      
# span 29 =    28.3034,    29.1071      
# span 30 =     0.0023,     0.0032      
# span 31 =     0.0023,     0.0032      
# span 32 =         83,        232      
# span 33 = 0.0000e+00, 0.0000e+00      
# interval = decibars: 5                
# start_time = Mar 05 2019 13:10:32 [NMEA time, header]
# bad_flag = -9.990e-29
*END*
[from data line 129]
   39.23178    1.89709    644.056    650.000    13.1915    13.1920     0.0005  45.129981  45.134915   0.004937    38.5181    38.5223     0.0042  1031.9514  1031.9546     0.0031     5.6043 1.1178e+03 1.0000e-12     0.2213 3.6771e-02      9.653    644.054    38.5178    38.5220     0.0042  1031.9513    29.1011  1031.9544    29.1043     0.0031     0.0031        104 0.0000e+00
   39.23180    1.89711    648.999    655.000    13.1883    13.1889     0.0006  45.128129  45.133193   0.005065    38.5172    38.5215     0.0043  1031.9734  1031.9766     0.0032     5.6094 1.1302e+03 1.0000e-12     0.2225 3.6628e-02      9.469    649.001    38.5171    38.5213     0.0043  1031.9733    29.1014  1031.9765    29.1046     0.0032     0.0032        150 0.0000e+00
   39.23181    1.89713    653.947    660.000    13.1837    13.1841     0.0004  45.124202  45.129193   0.004999    38.5161    38.5203     0.0042  1031.9955  1031.9986     0.0031     5.6199 1.1267e+03 1.0000e-12     0.2226 3.7313e-02     11.694    653.947    38.5159    38.5201     0.0042  1031.9953    29.1016  1031.9985    29.1048     0.0031     0.0031        115 0.0000e+00
   39.23182    1.89715    658.892    665.000    13.1692    13.1697     0.0005  45.108264  45.113159   0.004894    38.5133    38.5175     0.0042  1032.0184  1032.0216     0.0032     5.6423 1.1725e+03 1.0000e-12     0.2266 3.7403e-02     11.495    658.893    38.5129    38.5172     0.0042  1032.0182    29.1024  1032.0213    29.1056     0.0032     0.0032        147 0.0000e+00
   39.23184    1.89717    663.840    670.000    13.1562    13.1565     0.0003  45.094129  45.098866   0.004741    38.5107    38.5149     0.0042  1032.0412  1032.0444     0.0032     5.6648 1.1310e+03 1.0000e-12     0.2287 3.7096e-02     12.032    663.839    38.5103    38.5145     0.0042  1032.0409    29.1032  1032.0441    29.1065     0.0032     0.0032        153 0.0000e+00
   39.23185    1.89720    668.797    675.000    13.1447    13.1449     0.0002  45.081789  45.086289   0.004507    38.5082    38.5124     0.0042  1032.0639  1032.0670     0.0032     5.6886 1.1319e+03 4.3313e-07     0.2307 3.7172e-02     18.169    668.785    38.5079    38.5120     0.0042  1032.0635    29.1039  1032.0667    29.1071     0.0032     0.0032         89 0.0000e+00
