example data/fromGithub/from cmunozmas_plot_raw_ctd/dradmed_08.cnv
* Sea-Bird SBE 9 Data File:
* FileName = C:\OCEANO\CTD\DATOS\2019-02_SOCIB CanalesWinter19\RADMED_08.hex
* Software Version Seasave V 7.26.7.121
* Temperature SN = 5391
* Conductivity SN = 3718
* Number of Bytes Per Scan = 40
* Number of Voltage Words = 5
* Number of Scans Averaged by the Deck Unit = 1
* NMEA Latitude = 39 11.20 N
* NMEA Longitude = 001 48.54 E
* NMEA UTC (Time) = Mar 05 2019  14:20:02
* NMEA baud rate = 4800
** Ship:B/O SOCIB
** Cruise: SOCIB-Canales Winter19
** Station: RADMED_ 08
** Date:  2019/02/19
** Time (UTC):  14:20
** Bottom Depth (m):  533
** Operator: JBM PBH
# nquan = 34
# nvalues = 107                         
# units = specified
# name 0 = latitude: Latitude [deg]
# name 1 = longitude: Longitude [deg]
# name 2 = depSM: Depth [salt water, m]
# name 3 = prDM: Pressure, Digiquartz [db]
# name 4 = t090C: Temperature [ITS-90, deg C]
# name 5 = t190C: Temperature, 2 [ITS-90, deg C]
# name 6 = T2-T190C: Temperature Difference, 2 - 1 [ITS-90, deg C]
# name 7 = c0mS/cm: Conductivity [mS/cm]
# name 8 = c1mS/cm: Conductivity, 2 [mS/cm]
# name 9 = C2-C1mS/cm: Conductivity Difference, 2 - 1 [mS/cm]
# name 10 = sal00: Salinity, Practical [PSU]
# name 11 = sal11: Salinity, Practical, 2 [PSU]
# name 12 = secS-priS: Salinity, Practical, Difference, 2 - 1 [PSU]
# name 13 = density00: Density [density, kg/m^3]
# name 14 = density11: Density, 2 [density, kg/m^3]
# name 15 = D2-D1,d: Density Difference, 2 - 1 [density, kg/m^3]
# name 16 = sbeox0Mg/L: Oxygen, SBE 43 [mg/l]
# name 17 = spar: SPAR/Surface Irradiance
# name 18 = par: PAR/Irradiance, Biospherical/Licor
# name 19 = CStarAt0: Beam Attenuation, WET Labs C-Star [1/m]
# name 20 = flSP: Fluorescence, Seapoint
# name 21 = seaTurbMtr: Turbidity, Seapoint [FTU]
# name 22 = depSM: Depth [salt water, m], lat = 39.1867
# name 23 = sal00: Salinity, Practical [PSU]
# name 24 = sal11: Salinity, Practical, 2 [PSU]
# name 25 = secS-priS: Salinity, Practical, Difference, 2 - 1 [PSU]
# name 26 = density00: Density [density, kg/m^3]
# name 27 = sigma-é00: Density [sigma-theta, kg/m^3]
# name 28 = density11: Density, 2 [density, kg/m^3]
# name 29 = sigma-é11: Density, 2 [sigma-theta, kg/m^3]
# name 30 = D2-D1,d: Density Difference, 2 - 1 [density, kg/m^3]
# name 31 = D2-D1: Density Difference, 2 - 1 [sigma-theta, kg/m^3]
# name 32 = nbin: number of scans per bin
# name 33 = flag: flag
# span 0 =   39.18650,   39.18676       
# span 1 =    1.80902,    1.80920       
# span 2 =      4.962,    525.307       
# span 3 =      5.000,    530.000       
# span 4 =    13.1031,    14.7686       
# span 5 =    13.1036,    14.7714       
# span 6 =    -0.0005,     0.0032       
# span 7 =  44.965435,  46.033429       
# span 8 =  44.970278,  46.040671       
# span 9 =   0.004012,   0.007207       
# span 10 =    38.0614,    38.5591      
# span 11 =    38.0651,    38.5631      
# span 12 =     0.0024,     0.0057      
# span 13 =  1028.4264,  1031.4325      
# span 14 =  1028.4284,  1031.4365      
# span 15 =     0.0013,     0.0044      
# span 16 =     5.3607,     7.9018      
# span 17 = 4.6303e+02, 5.9001e+02      
# span 18 = -5.017e-06, 1.8364e+02      
# span 19 =     0.2169,     0.3745      
# span 20 = 3.5865e-02, 1.0621e+00      
# span 21 =      4.680,     43.442      
# span 22 =      4.962,    525.304      
# span 23 =    38.0573,    38.5590      
# span 24 =    38.0611,    38.5630      
# span 25 =     0.0024,     0.0057      
# span 26 =  1028.4266,  1031.4329      
# span 27 =    28.4047,    29.1055      
# span 28 =  1028.4291,  1031.4364      
# span 29 =    28.4071,    29.1087      
# span 30 =     0.0014,     0.0044      
# span 31 =     0.0014,     0.0044      
# span 32 =          1,        255      
# span 33 = 0.0000e+00, 0.0000e+00      
# interval = decibars: 5                
# start_time = Mar 05 2019 14:20:02 [NMEA time, header]
# bad_flag = -9.990e-29
*END*
[from data line 86]
   39.18660    1.80916    431.245    435.000    13.4233    13.4238     0.0005  45.316262  45.321030   0.004769    38.5578    38.5618     0.0041  1030.9866  1030.9896     0.0030     5.4554 4.7618e+02 1.0000e-12     0.2182 3.7658e-02      6.417    431.245    38.5576    38.5617     0.0041  1030.9865    29.0768  1030.9896    29.0799     0.0031     0.0031        136 0.0000e+00
   39.18658    1.80916    436.195    440.000    13.4198    13.4203     0.0005  45.314542  45.319341   0.004798    38.5575    38.5615     0.0040  1031.0092  1031.0122     0.0030     5.4359 4.7756e+02 1.0000e-12     0.2184 3.7029e-02      5.276    436.197    38.5573    38.5614     0.0040  1031.0091    29.0775  1031.0121    29.0805     0.0030     0.0030        135 0.0000e+00
   39.18658    1.80918    441.149    445.000    13.4165    13.4170     0.0005  45.313263  45.318020   0.004757    38.5573    38.5613     0.0040  1031.0317  1031.0347     0.0030     5.4273 4.8079e+02 1.0000e-12     0.2191 3.7408e-02      5.498    441.148    38.5572    38.5612     0.0040  1031.0316    29.0782  1031.0346    29.0812     0.0030     0.0030        128 0.0000e+00
   39.18658    1.80918    446.101    450.000    13.4138    13.4142     0.0005  45.312730  45.317459   0.004730    38.5573    38.5613     0.0040  1031.0544  1031.0574     0.0030     5.4400 4.8325e+02 1.0000e-12     0.2194 3.7175e-02      5.015    446.100    38.5572    38.5612     0.0040  1031.0543    29.0789  1031.0573    29.0820     0.0030     0.0030        128 0.0000e+00
   39.18658    1.80918    451.050    455.000    13.4100    13.4106     0.0005  45.310910  45.315645   0.004734    38.5571    38.5611     0.0040  1031.0770  1031.0800     0.0030     5.4343 4.8402e+02 1.0000e-12     0.2178 3.7108e-02      5.011    451.051    38.5570    38.5610     0.0040  1031.0769    29.0798  1031.0799    29.0827     0.0030     0.0030        130 0.0000e+00
   39.18658    1.80919    456.003    460.000    13.4062    13.4067     0.0005  45.308673  45.313511   0.004839    38.5566    38.5607     0.0041  1031.0995  1031.1025     0.0031     5.4223 4.7973e+02 1.0000e-12     0.2178 3.7283e-02      5.344    456.002    38.5565    38.5606     0.0041  1031.0993    29.0803  1031.1024    29.0834     0.0031     0.0031        145 0.0000e+00
   39.18658    1.80920    460.953    465.000    13.3963    13.3968     0.0005  45.299655  45.304474   0.004819    38.5558    38.5600     0.0041  1031.1230  1031.1261     0.0031     5.4081 4.8105e+02 1.0000e-12     0.2185 3.7112e-02      5.394    460.953    38.5556    38.5597     0.0041  1031.1229    29.0819  1031.1259    29.0850     0.0031     0.0031        124 0.0000e+00
   39.18657    1.80920    465.902    470.000    13.3823    13.3833     0.0010  45.285122  45.290443   0.005310    38.5540    38.5581     0.0041  1031.1467  1031.1496     0.0030     5.3808 4.8237e+02 1.0000e-12     0.2218 3.6872e-02      7.292    465.904    38.5536    38.5578     0.0041  1031.1464    29.0834  1031.1494    29.0864     0.0030     0.0030        110 0.0000e+00
   39.18656    1.80920    470.855    475.000    13.3660    13.3666     0.0006  45.266984  45.271988   0.005007    38.5511    38.5552     0.0042  1031.1700  1031.1730     0.0031     5.3607 4.8279e+02 1.0000e-12     0.2389 3.7343e-02     16.485    470.855    38.5505    38.5547     0.0042  1031.1696    29.0846  1031.1726    29.0877     0.0031     0.0031        131 0.0000e+00
   39.18656    1.80920    475.804    480.000    13.3576    13.3583     0.0007  45.259731  45.264756   0.005025    38.5503    38.5544     0.0041  1031.1932  1031.1962     0.0030     5.3686 4.8571e+02 1.0000e-12     0.2467 3.7234e-02     11.877    475.805    38.5499    38.5540     0.0041  1031.1929    29.0860  1031.1959    29.0891     0.0030     0.0030        115 0.0000e+00
   39.18656    1.80920    480.757    485.000    13.3431    13.3436     0.0005  45.244226  45.248996   0.004774    38.5479    38.5519     0.0040  1031.2165  1031.2195     0.0030     5.3766 4.8588e+02 1.0000e-12     0.2421 3.7406e-02     20.953    480.756    38.5474    38.5515     0.0040  1031.2162    29.0873  1031.2192    29.0904     0.0030     0.0030        132 0.0000e+00
   39.18656    1.80920    485.709    490.000    13.2883    13.2890     0.0006  45.178636  45.183462   0.004825    38.5391    38.5430     0.0040  1031.2437  1031.2466     0.0029     5.4290 4.8616e+02 1.0000e-12     0.2814 3.8300e-02     37.427    485.706    38.5377    38.5417     0.0040  1031.2426    29.0914  1031.2456    29.0944     0.0029     0.0029        128 0.0000e+00
   39.18656    1.80920    490.654    495.000    13.2190    13.2201     0.0012  45.095327  45.100906   0.005567    38.5276    38.5319     0.0042  1031.2719  1031.2750     0.0030     5.5152 4.9070e+02 1.0000e-12     0.3372 3.7962e-02     43.442    490.657    38.5257    38.5299     0.0042  1031.2705    29.0967  1031.2735    29.0998     0.0030     0.0030        125 0.0000e+00
   39.18656    1.80920    495.607    500.000    13.1784    13.1791     0.0007  45.047531  45.052659   0.005131    38.5202    38.5244     0.0042  1031.2971  1031.3001     0.0031     5.5823 4.9462e+02 1.0000e-12     0.3249 3.8155e-02     33.175    495.607    38.5187    38.5229     0.0042  1031.2959    29.0999  1031.2990    29.1030     0.0031     0.0031        174 0.0000e+00
   39.18656    1.80920    500.558    505.000    13.1498    13.1506     0.0007  45.014688  45.019883   0.005197    38.5148    38.5190     0.0042  1031.3211  1031.3242     0.0031     5.6452 4.9817e+02 1.0000e-12     0.2821 3.7495e-02     24.548    500.557    38.5138    38.5180     0.0042  1031.3203    29.1022  1031.3234    29.1053     0.0031     0.0031        168 0.0000e+00
   39.18655    1.80919    505.508    510.000    13.1377    13.1382     0.0005  45.002007  45.006889   0.004886    38.5121    38.5163     0.0042  1031.3437  1031.3468     0.0031     5.6783 5.0377e+02 1.0938e-07     0.2534 3.7874e-02     18.820    505.507    38.5117    38.5159     0.0042  1031.3433    29.1032  1031.3465    29.1064     0.0031     0.0031        162 0.0000e+00
   39.18654    1.80918    510.456    515.000    13.1276    13.1286     0.0010  44.991607  44.997056   0.005442    38.5099    38.5142     0.0043  1031.3661  1031.3692     0.0031     5.7117 5.1935e+02 -2.295e-10     0.2454 3.7027e-02     17.718    510.456    38.5096    38.5139     0.0043  1031.3659    29.1039  1031.3690    29.1070     0.0031     0.0031        193 0.0000e+00
   39.18654    1.80917    515.406    520.000    13.1053    13.1059     0.0006  44.965948  44.971018   0.005072    38.5057    38.5099     0.0042  1031.3897  1031.3928     0.0031     5.7528 5.1965e+02 2.9037e-07     0.2516 3.7462e-02     22.608    515.406    38.5052    38.5094     0.0042  1031.3895    29.1052  1031.3927    29.1084     0.0031     0.0031        178 0.0000e+00
   39.18654    1.80916    520.359    525.000    13.1031    13.1036     0.0004  44.965435  44.970278   0.004847    38.5049    38.5091     0.0042  1031.4116  1031.4148     0.0032     5.7563 5.2442e+02 1.8479e-07     0.2630 3.7342e-02     22.919    520.356    38.5048    38.5090     0.0042  1031.4115    29.1055  1031.4147    29.1087     0.0032     0.0032        197 0.0000e+00
   39.18650    1.80916    525.307    530.000    13.1054    13.1056    -0.0005  44.970208  44.974963   0.004776    38.5041    38.5093     0.0052  1031.4325  1031.4365     0.0041     5.7408 5.5504e+02 -1.946e-07     0.2629 3.5865e-02     15.865    525.304    38.5048    38.5092     0.0052  1031.4329    29.1053  1031.4364    29.1087     0.0041     0.0041          1 0.0000e+00
   39.18652    1.80916    520.340    525.000    13.1060    13.1076     0.0030  44.968313  44.974284   0.005941    38.5058    38.5081     0.0024  1031.4116  1031.4129     0.0013     5.8032 5.9001e+02 2.3519e-06     0.2619 3.8090e-02     29.837    520.357    38.5047    38.5088     0.0024  1031.4109    29.1047  1031.4136    29.1075     0.0014     0.0014         40 0.0000e+00
