example data/fromGithub/from cmunozmas_plot_raw_ctd/dradmed_09.cnv
* Sea-Bird SBE 9 Data File:
* FileName = C:\OCEANO\CTD\DATOS\2019-02_SOCIB CanalesWinter19\RADMED_09.hex
* Software Version Seasave V 7.26.7.121
* Temperature SN = 5391
* Conductivity SN = 3718
* Number of Bytes Per Scan = 40
* Number of Voltage Words = 5
* Number of Scans Averaged by the Deck Unit = 1
* NMEA Latitude = 39 08.22 N
* NMEA Longitude = 001 43.45 E
* NMEA UTC (Time) = Mar 05 2019  15:14:04
* NMEA baud rate = 4800
** Ship:B/O SOCIB
** Cruise: SOCIB-Canales Winter19
** Station: RADMED_ 09
** Date:  2019/02/19
** Time (UTC):  15:15
** Bottom Depth (m):  299
** Operator: JBM PBH
# nquan = 34
# nvalues = 57                          
# units = specified
# name 0 = latitude: Latitude [deg]
# name 1 = longitude: Longitude [deg]
# name 2 = depSM: Depth [salt water, m]
# name 3 = prDM: Pressure, Digiquartz [db]
# name 4 = t090C: Temperature [ITS-90, deg C]
# name 5 = t190C: Temperature, 2 [ITS-90, deg C]
# name 6 = T2-T190C: Temperature Difference, 2 - 1 [ITS-90, deg C]
# name 7 = c0mS/cm: Conductivity [mS/cm]
# name 8 = c1mS/cm: Conductivity, 2 [mS/cm]
# name 9 = C2-C1mS/cm: Conductivity Difference, 2 - 1 [mS/cm]
# name 10 = sal00: Salinity, Practical [PSU]
# name 11 = sal11: Salinity, Practical, 2 [PSU]
# name 12 = secS-priS: Salinity, Practical, Difference, 2 - 1 [PSU]
# name 13 = density00: Density [density, kg/m^3]
# name 14 = density11: Density, 2 [density, kg/m^3]
# name 15 = D2-D1,d: Density Difference, 2 - 1 [density, kg/m^3]
# name 16 = sbeox0Mg/L: Oxygen, SBE 43 [mg/l]
# name 17 = spar: SPAR/Surface Irradiance
# name 18 = par: PAR/Irradiance, Biospherical/Licor
# name 19 = CStarAt0: Beam Attenuation, WET Labs C-Star [1/m]
# name 20 = flSP: Fluorescence, Seapoint
# name 21 = seaTurbMtr: Turbidity, Seapoint [FTU]
# name 22 = depSM: Depth [salt water, m], lat = 39.137
# name 23 = sal00: Salinity, Practical [PSU]
# name 24 = sal11: Salinity, Practical, 2 [PSU]
# name 25 = secS-priS: Salinity, Practical, Difference, 2 - 1 [PSU]
# name 26 = density00: Density [density, kg/m^3]
# name 27 = sigma-é00: Density [sigma-theta, kg/m^3]
# name 28 = density11: Density, 2 [density, kg/m^3]
# name 29 = sigma-é11: Density, 2 [sigma-theta, kg/m^3]
# name 30 = D2-D1,d: Density Difference, 2 - 1 [density, kg/m^3]
# name 31 = D2-D1: Density Difference, 2 - 1 [sigma-theta, kg/m^3]
# name 32 = nbin: number of scans per bin
# name 33 = flag: flag
# span 0 =   39.13627,   39.13672       
# span 1 =    1.72392,    1.72406       
# span 2 =      4.962,    282.645       
# span 3 =      5.000,    285.000       
# span 4 =    13.4889,    14.9264       
# span 5 =    13.4895,    14.9252       
# span 6 =    -0.0013,     0.0020       
# span 7 =  45.074580,  46.051772       
# span 8 =  45.079122,  46.054429       
# span 9 =   0.002682,   0.006099       
# span 10 =    37.9471,    38.5188      
# span 11 =    37.9509,    38.5227      
# span 12 =     0.0032,     0.0045      
# span 13 =  1028.2850,  1030.2811      
# span 14 =  1028.2882,  1030.2839      
# span 15 =     0.0022,     0.0033      
# span 16 =     5.7114,     7.7467      
# span 17 = 1.8674e+02, 2.0048e+02      
# span 18 = -1.203e-06, 7.3090e+01      
# span 19 =     0.2291,     0.3399      
# span 20 = 3.9926e-02, 9.1893e-01      
# span 21 =      6.413,     23.027      
# span 22 =      4.962,    282.643      
# span 23 =    37.9472,    38.5187      
# span 24 =    37.9509,    38.5227      
# span 25 =     0.0032,     0.0045      
# span 26 =  1028.2851,  1030.2810      
# span 27 =    28.2631,    29.0281      
# span 28 =  1028.2882,  1030.2839      
# span 29 =    28.2663,    29.0310      
# span 30 =     0.0022,     0.0033      
# span 31 =     0.0022,     0.0033      
# span 32 =         78,        212      
# span 33 = 0.0000e+00, 0.0000e+00      
# interval = decibars: 5                
# start_time = Mar 05 2019 15:14:04 [NMEA time, header]
# bad_flag = -9.990e-29
*END*
[from data line 43]
   39.13642    1.72402    218.214    220.000    13.5722    13.5727     0.0005  45.275855  45.280438   0.004583    38.4655    38.4694     0.0039  1029.9347  1029.9376     0.0029     6.0388 1.9035e+02 1.0000e-12     0.2321 4.4368e-02      7.963    218.215    38.4654    38.4692     0.0039  1029.9346    28.9670  1029.9374    28.9699     0.0029     0.0029        135 0.0000e+00
   39.13640    1.72402    223.172    225.000    13.5491    13.5497     0.0006  45.263563  45.268303   0.004739    38.4752    38.4792     0.0039  1029.9693  1029.9722     0.0029     5.9886 1.9066e+02 1.0000e-12     0.2308 4.3608e-02      8.444    223.172    38.4747    38.4786     0.0039  1029.9689    28.9793  1029.9718    28.9822     0.0029     0.0029        132 0.0000e+00
   39.13640    1.72402    228.129    230.000    13.5305    13.5311     0.0006  45.256535  45.261286   0.004750    38.4850    38.4890     0.0040  1030.0030  1030.0059     0.0030     5.9322 1.9101e+02 1.0000e-12     0.2293 4.2680e-02      7.022    228.129    38.4844    38.4884     0.0040  1030.0025    28.9910  1030.0055    28.9939     0.0030     0.0030        132 0.0000e+00
   39.13638    1.72400    233.085    235.000    13.5192    13.5197     0.0005  45.251887  45.256561   0.004677    38.4897    38.4936     0.0040  1030.0311  1030.0341     0.0030     5.9141 1.9192e+02 1.0000e-12     0.2291 4.2719e-02      7.827    233.085    38.4892    38.4932     0.0040  1030.0308    28.9972  1030.0337    29.0002     0.0030     0.0030        142 0.0000e+00
   39.13638    1.72400    238.042    240.000    13.5143    13.5148     0.0005  45.250194  45.254911   0.004717    38.4905    38.4945     0.0040  1030.0550  1030.0579     0.0030     5.8975 1.9202e+02 1.0000e-12     0.2306 4.1682e-02     17.685    238.041    38.4903    38.4943     0.0040  1030.0547    28.9992  1030.0577    29.0022     0.0030     0.0030        130 0.0000e+00
   39.13638    1.72400    242.998    245.000    13.5136    13.5140     0.0004  45.253616  45.258259   0.004645    38.4921    38.4961     0.0040  1030.0784  1030.0814     0.0030     5.8856 1.9240e+02 1.0000e-12     0.2298 4.1489e-02     10.357    242.998    38.4920    38.4960     0.0040  1030.0783    29.0009  1030.0813    29.0039     0.0030     0.0030        164 0.0000e+00
   39.13636    1.72399    247.956    250.000    13.5132    13.5137     0.0005  45.258017  45.262783   0.004766    38.4944    38.4985     0.0041  1030.1023  1030.1054     0.0031     5.8689 1.9342e+02 1.0000e-12     0.2307 4.1515e-02     10.871    247.954    38.4943    38.4984     0.0041  1030.1023    29.0029  1030.1053    29.0060     0.0031     0.0031        168 0.0000e+00
   39.13636    1.72398    252.910    255.000    13.5001    13.5008     0.0007  45.253514  45.258486   0.004970    38.5013    38.5053     0.0040  1030.1326  1030.1356     0.0030     5.8133 1.9376e+02 1.0000e-12     0.2321 4.1675e-02     11.371    252.910    38.5010    38.5050     0.0040  1030.1324    29.0111  1030.1353    29.0140     0.0030     0.0030        135 0.0000e+00
   39.13634    1.72396    257.865    260.000    13.4982    13.4987     0.0004  45.259833  45.264463   0.004634    38.5067    38.5107     0.0040  1030.1593  1030.1623     0.0030     5.7902 1.9412e+02 1.0000e-12     0.2304 4.0287e-02     10.730    257.866    38.5067    38.5107     0.0040  1030.1592    29.0160  1030.1622    29.0190     0.0030     0.0030        153 0.0000e+00
   39.13633    1.72395    262.822    265.000    13.4954    13.4958     0.0004  45.259262  45.264010   0.004749    38.5067    38.5109     0.0041  1030.1820  1030.1851     0.0031     5.7831 1.9547e+02 1.0000e-12     0.2300 4.0629e-02     12.220    262.822    38.5067    38.5108     0.0041  1030.1819    29.0167  1030.1850    29.0199     0.0031     0.0031        197 0.0000e+00
   39.13632    1.72394    267.777    270.000    13.4924    13.4928     0.0003  45.260665  45.265315   0.004651    38.5088    38.5130     0.0041  1030.2063  1030.2095     0.0031     5.7712 1.9609e+02 1.0000e-12     0.2323 4.0333e-02     12.369    267.777    38.5088    38.5129     0.0041  1030.2063    29.0192  1030.2094    29.0223     0.0031     0.0031        212 0.0000e+00
   39.13630    1.72392    272.731    275.000    13.4946    13.4950     0.0004  45.268638  45.273378   0.004738    38.5120    38.5161     0.0041  1030.2304  1030.2335     0.0031     5.7561 1.9750e+02 1.0000e-12     0.2317 4.0551e-02     11.624    272.733    38.5120    38.5161     0.0041  1030.2304    29.0213  1030.2335    29.0245     0.0031     0.0031        207 0.0000e+00
   39.13628    1.72392    277.690    280.000    13.4938    13.4942     0.0004  45.274147  45.278865   0.004718    38.5158    38.5199     0.0041  1030.2556  1030.2587     0.0031     5.7293 1.9915e+02 1.0000e-12     0.2323 3.9926e-02     11.997    277.688    38.5158    38.5199     0.0041  1030.2556    29.0246  1030.2587    29.0277     0.0031     0.0031        183 0.0000e+00
   39.13627    1.72392    282.645    285.000    13.4889    13.4895     0.0006  45.274386  45.279116   0.004725    38.5188    38.5227     0.0039  1030.2811  1030.2839     0.0029     5.7114 2.0048e+02 1.6415e-07     0.2353 4.0928e-02     12.737    282.643    38.5187    38.5227     0.0039  1030.2810    29.0281  1030.2839    29.0310     0.0029     0.0029        125 0.0000e+00
