example data/fromGithub/from cmunozmas_plot_raw_ctd/ds2_07.cnv
* Sea-Bird SBE 9 Data File:
* FileName = C:\OCEANO\CTD\DATOS\2019-02_SOCIB CanalesWinter19\S_07.hex
* Software Version Seasave V 7.26.7.121
* Temperature SN = 5391
* Conductivity SN = 3718
* Number of Bytes Per Scan = 40
* Number of Voltage Words = 5
* Number of Scans Averaged by the Deck Unit = 1
* NMEA Latitude = 38 59.91 N
* NMEA Longitude = 000 28.79 E
* NMEA UTC (Time) = Mar 06 2019  09:23:45
* NMEA baud rate = 4800
** Ship:B/O SOCIB
** Cruise: SOCIB-Canales Winter19
** Station: S2_ 07
** Date:  2019/03/06
** Time (UTC):  9:24
** Bottom Depth (m):  728
** Operator: NCW JBM
# nquan = 34
# nvalues = 145                         
# units = specified
# name 0 = latitude: Latitude [deg]
# name 1 = longitude: Longitude [deg]
# name 2 = depSM: Depth [salt water, m]
# name 3 = prDM: Pressure, Digiquartz [db]
# name 4 = t090C: Temperature [ITS-90, deg C]
# name 5 = t190C: Temperature, 2 [ITS-90, deg C]
# name 6 = T2-T190C: Temperature Difference, 2 - 1 [ITS-90, deg C]
# name 7 = c0mS/cm: Conductivity [mS/cm]
# name 8 = c1mS/cm: Conductivity, 2 [mS/cm]
# name 9 = C2-C1mS/cm: Conductivity Difference, 2 - 1 [mS/cm]
# name 10 = sal00: Salinity, Practical [PSU]
# name 11 = sal11: Salinity, Practical, 2 [PSU]
# name 12 = secS-priS: Salinity, Practical, Difference, 2 - 1 [PSU]
# name 13 = density00: Density [density, kg/m^3]
# name 14 = density11: Density, 2 [density, kg/m^3]
# name 15 = D2-D1,d: Density Difference, 2 - 1 [density, kg/m^3]
# name 16 = sbeox0Mg/L: Oxygen, SBE 43 [mg/l]
# name 17 = spar: SPAR/Surface Irradiance
# name 18 = par: PAR/Irradiance, Biospherical/Licor
# name 19 = CStarAt0: Beam Attenuation, WET Labs C-Star [1/m]
# name 20 = flSP: Fluorescence, Seapoint
# name 21 = seaTurbMtr: Turbidity, Seapoint [FTU]
# name 22 = depSM: Depth [salt water, m], lat = 38.9985
# name 23 = sal00: Salinity, Practical [PSU]
# name 24 = sal11: Salinity, Practical, 2 [PSU]
# name 25 = secS-priS: Salinity, Practical, Difference, 2 - 1 [PSU]
# name 26 = density00: Density [density, kg/m^3]
# name 27 = sigma-é00: Density [sigma-theta, kg/m^3]
# name 28 = density11: Density, 2 [density, kg/m^3]
# name 29 = sigma-é11: Density, 2 [sigma-theta, kg/m^3]
# name 30 = D2-D1,d: Density Difference, 2 - 1 [density, kg/m^3]
# name 31 = D2-D1: Density Difference, 2 - 1 [sigma-theta, kg/m^3]
# name 32 = nbin: number of scans per bin
# name 33 = flag: flag
# span 0 =   39.00012,   39.00081       
# span 1 =    0.47913,    0.47994       
# span 2 =      4.966,    718.261       
# span 3 =      5.000,    725.000       
# span 4 =    13.1291,    14.6811       
# span 5 =    13.1301,    14.6817       
# span 6 =    -0.0014,     0.0078       
# span 7 =  44.646583,  46.083772       
# span 8 =  44.651404,  46.088037       
# span 9 =   0.001929,   0.011406       
# span 10 =    38.1391,    38.5837      
# span 11 =    38.1426,    38.5873      
# span 12 =     0.0028,     0.0041      
# span 13 =  1028.5472,  1032.2581      
# span 14 =  1028.5501,  1032.2607      
# span 15 =     0.0005,     0.0030      
# span 16 =     5.6047,     7.9125      
# span 17 = 5.1300e+02, 8.5507e+02      
# span 18 = -9.670e-06, 3.2816e+02      
# span 19 =     0.2074,     0.3684      
# span 20 = 3.6765e-02, 1.4703e+00      
# span 21 =      5.359,     27.902      
# span 22 =      4.962,    718.254      
# span 23 =    38.1354,    38.5837      
# span 24 =    38.1389,    38.5872      
# span 25 =     0.0028,     0.0041      
# span 26 =  1028.5472,  1032.2580      
# span 27 =    28.5252,    29.0853      
# span 28 =  1028.5501,  1032.2606      
# span 29 =    28.5281,    29.0880      
# span 30 =     0.0005,     0.0030      
# span 31 =     0.0005,     0.0030      
# span 32 =         65,        205      
# span 33 = 0.0000e+00, 0.0000e+00      
# interval = decibars: 5                
# start_time = Mar 06 2019 09:23:45 [NMEA time, header]
# bad_flag = -9.990e-29
*END*
   39.00017    0.47987      4.966      5.000    14.6811    14.6817     0.0007  46.081364  46.086219   0.004855    38.2155    38.2193     0.0039  1028.5472  1028.5501     0.0028     7.7772 8.5507e+02 3.2816e+02     0.3001 1.3075e-01     13.992      4.962    38.2154    38.2193     0.0039  1028.5472    28.5252  1028.5501    28.5281     0.0028     0.0028        158 0.0000e+00
   39.00020    0.47986      9.924     10.000    14.6781    14.6787     0.0005  46.081362  46.085883   0.004517    38.2162    38.2198     0.0037  1028.5705  1028.5732     0.0027     7.8127 8.3117e+02 2.0080e+02     0.2966 1.6474e-01     13.670      9.924    38.2161    38.2198     0.0037  1028.5705    28.5266  1028.5732    28.5293     0.0027     0.0027        205 0.0000e+00
   39.00021    0.47986     14.884     15.000    14.6700    14.6706     0.0006  46.075592  46.080187   0.004595    38.2167    38.2204     0.0036  1028.5949  1028.5976     0.0027     7.8224 8.3475e+02 1.4057e+02     0.2991 2.1893e-01      9.272     14.886    38.2166    38.2203     0.0036  1028.5948    28.5290  1028.5975    28.5317     0.0027     0.0027        180 0.0000e+00
   39.00022    0.47986     19.846     20.000    14.6715    14.6720     0.0006  46.079751  46.084129   0.004377    38.2168    38.2203     0.0035  1028.6167  1028.6193     0.0026     7.8287 7.7593e+02 1.0074e+02     0.2984 2.5390e-01     10.153     19.848    38.2167    38.2203     0.0035  1028.6167    28.5289  1028.6193    28.5315     0.0026     0.0026        129 0.0000e+00
   39.00022    0.47986     24.810     25.000    14.6716    14.6721     0.0005  46.082279  46.086514   0.004236    38.2167    38.2202     0.0035  1028.6388  1028.6413     0.0026     7.8291 8.0492e+02 7.3128e+01     0.2932 2.9285e-01     10.000     24.809    38.2167    38.2202     0.0035  1028.6387    28.5290  1028.6413    28.5316     0.0026     0.0026         95 0.0000e+00
   39.00022    0.47988     29.769     30.000    14.6707    14.6712     0.0005  46.083772  46.088037   0.004263    38.2168    38.2203     0.0035  1028.6611  1028.6637     0.0026     7.8227 8.0507e+02 5.4284e+01     0.2955 3.3440e-01     10.037     29.771    38.2169    38.2204     0.0035  1028.6612    28.5295  1028.6638    28.5321     0.0026     0.0026        146 0.0000e+00
   39.00020    0.47990     34.735     35.000    14.6323    14.6362     0.0031  46.043717  46.050586   0.006786    38.2165    38.2198     0.0033  1028.6917  1028.6935     0.0018     7.8464 7.9742e+02 3.9577e+01     0.2960 3.3883e-01     10.988     34.732    38.2161    38.2188     0.0033  1028.6911    28.5376  1028.6923    28.5388     0.0018     0.0018         98 0.0000e+00
   39.00018    0.47992     39.694     40.000    14.3236    14.3279     0.0075  45.716719  45.727775   0.010924    38.2190    38.2218     0.0028  1028.7840  1028.7845     0.0005     7.8598 7.8527e+02 2.8746e+01     0.3040 4.9082e-01     13.244     39.693    38.2124    38.2157     0.0028  1028.7788    28.6030  1028.7805    28.6046     0.0005     0.0005        137 0.0000e+00
   39.00015    0.47994     44.653     45.000    14.1314    14.1321     0.0007  45.511743  45.515693   0.004068    38.2140    38.2171     0.0031  1028.8444  1028.8466     0.0022     7.6901 7.8245e+02 2.0038e+01     0.3295 7.8030e-01     16.204     44.654    38.2081    38.2111     0.0031  1028.8398    28.6419  1028.8420    28.6441     0.0022     0.0022        146 0.0000e+00
   39.00014    0.47993     49.617     50.000    13.9490    13.9568     0.0078  45.299015  45.310508   0.011406    38.1925    38.1955     0.0030  1028.8896  1028.8902     0.0006     7.7290 7.7767e+02 1.3253e+01     0.3414 9.0164e-01     16.634     49.615    38.1864    38.1895     0.0030  1028.8848    28.6648  1028.8855    28.6655     0.0006     0.0006        131 0.0000e+00
   39.00012    0.47992     54.575     55.000    13.8354    13.8371     0.0015  45.162664  45.168325   0.005733    38.1727    38.1764     0.0036  1028.9210  1028.9234     0.0024     7.8427 7.7614e+02 8.9241e+00     0.3192 8.5424e-01     16.506     54.576    38.1683    38.1719     0.0036  1028.9175    28.6754  1028.9199    28.6778     0.0024     0.0024        154 0.0000e+00
   39.00012    0.47992     59.537     60.000    13.7367    13.7379     0.0013  45.042686  45.047929   0.005280    38.1544    38.1582     0.0038  1028.9502  1028.9529     0.0026     7.9125 7.7426e+02 5.9921e+00     0.3303 9.7128e-01     16.691     59.537    38.1505    38.1543     0.0038  1028.9472    28.6830  1028.9498    28.6856     0.0026     0.0026        132 0.0000e+00
   39.00012    0.47990     64.498     65.000    13.6384    13.6393     0.0009  44.926084  44.930646   0.004588    38.1391    38.1426     0.0035  1028.9816  1028.9841     0.0025     7.8608 7.6346e+02 3.9490e+00     0.3331 1.1138e+00     21.626     64.498    38.1354    38.1389     0.0035  1028.9788    28.6924  1028.9813    28.6949     0.0025     0.0025        133 0.0000e+00
   39.00014    0.47990     69.459     70.000    13.6610    13.6617     0.0007  44.981639  44.986192   0.004566    38.1647    38.1684     0.0037  1029.0188  1029.0215     0.0027     7.5953 7.4388e+02 2.5069e+00     0.3451 1.4703e+00     27.902     69.458    38.1636    38.1672     0.0037  1029.0179    28.7095  1029.0206    28.7122     0.0027     0.0027        136 0.0000e+00
   39.00014    0.47990     74.418     75.000    13.6602    13.6610     0.0008  44.999806  45.004616   0.004815    38.1799    38.1836     0.0037  1029.0529  1029.0556     0.0027     7.5530 7.3908e+02 1.5540e+00     0.3684 1.4363e+00     26.637     74.419    38.1794    38.1832     0.0037  1029.0525    28.7221  1029.0553    28.7249     0.0027     0.0027        130 0.0000e+00
   39.00016    0.47990     79.380     80.000    13.6387    13.6389     0.0002  44.992116  44.995846   0.003744    38.1921    38.1955     0.0034  1029.0891  1029.0917     0.0026     7.6067 7.2627e+02 9.6733e-01     0.3462 1.2490e+00     25.543     79.379    38.1913    38.1946     0.0034  1029.0885    28.7361  1029.0910    28.7386     0.0026     0.0026        128 0.0000e+00
   39.00017    0.47990     84.341     85.000    13.7088    13.7101     0.0013  45.117683  45.123372   0.005674    38.2373    38.2414     0.0041  1029.1312  1029.1341     0.0029     7.4539 7.1344e+02 6.1032e-01     0.3203 7.2391e-01     21.643     84.339    38.2384    38.2426     0.0041  1029.1321    28.7578  1029.1350    28.7608     0.0029     0.0029        131 0.0000e+00
   39.00018    0.47990     89.299     90.000    13.6757    13.6762     0.0005  45.100647  45.104983   0.004345    38.2533    38.2569     0.0036  1029.1728  1029.1755     0.0027     7.2517 7.0424e+02 4.1156e-01     0.2953 4.2517e-01     22.964     89.299    38.2532    38.2568     0.0036  1029.1728    28.7764  1029.1754    28.7791     0.0027     0.0027        131 0.0000e+00
   39.00020    0.47990     94.255     95.000    13.6686    13.6700     0.0009  45.111844  45.117051   0.005187    38.2690    38.2724     0.0035  1029.2086  1029.2110     0.0024     7.1908 6.9538e+02 2.9223e-01     0.2573 1.7860e-01     14.838     94.259    38.2687    38.2722     0.0035  1029.2085    28.7901  1029.2108    28.7925     0.0024     0.0024        116 0.0000e+00
   39.00022    0.47988     99.217    100.000    13.6315    13.6333     0.0015  45.072609  45.078460   0.005849    38.2670    38.2708     0.0038  1029.2373  1029.2398     0.0025     7.2470 6.8516e+02 2.1025e-01     0.2497 1.4449e-01     16.749     99.219    38.2662    38.2700     0.0037  1029.2367    28.7963  1029.2392    28.7988     0.0025     0.0025        119 0.0000e+00
   39.00022    0.47988    104.181    105.000    13.6192    13.6195     0.0003  45.074467  45.078476   0.004042    38.2786    38.2822     0.0036  1029.2711  1029.2738     0.0027     7.1464 6.7829e+02 1.5500e-01     0.2575 1.3948e-01     17.388    104.178    38.2780    38.2816     0.0036  1029.2706    28.8082  1029.2733    28.8109     0.0027     0.0027        123 0.0000e+00
   39.00024    0.47988    109.136    110.000    13.6211    13.6217     0.0006  45.088978  45.093433   0.004463    38.2879    38.2916     0.0037  1029.3000  1029.3027     0.0027     7.0830 6.7480e+02 1.0914e-01     0.2564 9.5408e-02     18.895    109.138    38.2877    38.2914     0.0037  1029.2999    28.8155  1029.3025    28.8182     0.0027     0.0027        133 0.0000e+00
   39.00024    0.47988    114.097    115.000    13.5998    13.6004     0.0006  45.071506  45.075886   0.004385    38.2906    38.2942     0.0036  1029.3288  1029.3314     0.0027     7.0941 6.6610e+02 7.2926e-02     0.2526 1.0354e-01     14.032    114.097    38.2902    38.2938     0.0036  1029.3285    28.8221  1029.3311    28.8247     0.0027     0.0027        131 0.0000e+00
   39.00024    0.47988    119.058    120.000    13.5408    13.5416     0.0008  45.004018  45.008675   0.004656    38.2842    38.2878     0.0036  1029.3587  1029.3613     0.0026     7.2243 6.6074e+02 4.4879e-02     0.2424 8.3676e-02     12.542    119.057    38.2827    38.2863     0.0036  1029.3575    28.8289  1029.3601    28.8316     0.0027     0.0027        123 0.0000e+00
   39.00024    0.47988    124.016    125.000    13.5008    13.5015     0.0007  44.958910  44.963354   0.004445    38.2790    38.2825     0.0036  1029.3853  1029.3879     0.0026     7.2483 6.5669e+02 2.8452e-02     0.2331 8.7650e-02      9.144    124.016    38.2775    38.2811     0.0036  1029.3841    28.8335  1029.3868    28.8362     0.0026     0.0026        131 0.0000e+00
   39.00023    0.47988    128.974    130.000    13.4587    13.4592     0.0005  44.912273  44.916676   0.004407    38.2744    38.2781     0.0037  1029.4130  1029.4157     0.0028     7.2674 6.4618e+02 1.5100e-02     0.2304 9.4142e-02      9.981    128.975    38.2730    38.2767     0.0037  1029.4118    28.8391  1029.4146    28.8419     0.0028     0.0028        124 0.0000e+00
   39.00022    0.47988    133.932    135.000    13.4444    13.4455     0.0011  44.901061  44.906005   0.004937    38.2753    38.2789     0.0036  1029.4388  1029.4414     0.0025     7.2610 6.3760e+02 4.0854e-03     0.2286 9.0462e-02      7.701    133.934    38.2743    38.2779     0.0036  1029.4381    28.8433  1029.4407    28.8459     0.0025     0.0025         99 0.0000e+00
   39.00020    0.47988    138.899    140.000    13.4321    13.4332     0.0011  44.891096  44.895977   0.004877    38.2749    38.2785     0.0035  1029.4632  1029.4657     0.0025     7.3255 6.3319e+02 2.4115e-04     0.2273 9.7256e-02      7.879    138.893    38.2740    38.2776     0.0035  1029.4627    28.8458  1029.4652    28.8484     0.0025     0.0025        110 0.0000e+00
   39.00018    0.47988    143.851    145.000    13.4056    13.4062     0.0006  44.859493  44.863948   0.004462    38.2699    38.2735     0.0036  1029.4872  1029.4899     0.0027     7.3651 6.2851e+02 -9.670e-06     0.2270 9.9133e-02      6.875    143.852    38.2690    38.2727     0.0036  1029.4866    28.8477  1029.4893    28.8504     0.0027     0.0027        124 0.0000e+00
   39.00017    0.47986    148.809    150.000    13.4400    13.4394    -0.0004  44.911393  44.914495   0.003127    38.2816    38.2851     0.0036  1029.5111  1029.5140     0.0029     7.2317 6.2659e+02 1.0000e-12     0.2262 8.7464e-02      7.706    148.810    38.2819    38.2854     0.0035  1029.5113    28.8506  1029.5141    28.8534     0.0029     0.0029        149 0.0000e+00
   39.00016    0.47986    153.763    155.000    13.4772    13.4776     0.0004  44.967036  44.971419   0.004375    38.2946    38.2983     0.0037  1029.5353  1029.5381     0.0028     7.1546 6.2600e+02 1.0000e-12     0.2309 7.4659e-02     13.445    153.769    38.2954    38.2991     0.0038  1029.5359    28.8533  1029.5388    28.8562     0.0028     0.0028         93 0.0000e+00
   39.00014    0.47988    158.735    160.000    13.4862    13.4866     0.0004  44.985289  44.989576   0.004283    38.3010    38.3046     0.0037  1029.5605  1029.5632     0.0027     7.1024 6.2731e+02 1.0000e-12     0.2302 6.4118e-02     10.022    158.727    38.3016    38.3052     0.0037  1029.5610    28.8564  1029.5637    28.8592     0.0027     0.0027        100 0.0000e+00
   39.00014    0.47988    163.680    165.000    13.5070    13.5065     0.0004  45.019162  45.023209   0.004032    38.3108    38.3142     0.0034  1029.5859  1029.5885     0.0026     7.0247 6.2673e+02 1.0000e-12     0.2303 6.1212e-02     12.079    163.685    38.3122    38.3151     0.0034  1029.5875    28.8604  1029.5892    28.8628     0.0026     0.0026        103 0.0000e+00
   39.00014    0.47988    168.647    170.000    13.4798    13.4802     0.0005  44.991912  44.996068   0.004158    38.3102    38.3137     0.0035  1029.6133  1029.6159     0.0026     7.0484 6.2392e+02 1.0000e-12     0.2322 6.4590e-02      9.583    168.643    38.3099    38.3134     0.0035  1029.6131    28.8645  1029.6156    28.8671     0.0026     0.0026        134 0.0000e+00
   39.00014    0.47988    173.600    175.000    13.4249    13.4248    -0.0000  44.925766  44.929000   0.003249    38.3004    38.3036     0.0032  1029.6395  1029.6420     0.0025     7.2074 6.1793e+02 1.0000e-12     0.2312 9.4666e-02      9.584    173.601    38.2995    38.3027     0.0032  1029.6389    28.8682  1029.6413    28.8707     0.0024     0.0024        123 0.0000e+00
   39.00014    0.47988    178.560    180.000    13.3461    13.3463     0.0004  44.825671  44.829061   0.003390    38.2831    38.2862     0.0030  1029.6653  1029.6676     0.0023     7.3832 6.1408e+02 1.0000e-12     0.2340 1.7116e-01     10.600    178.559    38.2806    38.2836     0.0030  1029.6633    28.8703  1029.6655    28.8726     0.0023     0.0023        115 0.0000e+00
   39.00014    0.47988    183.518    185.000    13.3074    13.3078     0.0005  44.780777  44.784858   0.004076    38.2759    38.2794     0.0035  1029.6900  1029.6926     0.0026     7.3307 6.1062e+02 1.0000e-12     0.2484 2.0518e-01     11.669    183.517    38.2742    38.2777     0.0035  1029.6887    28.8736  1029.6913    28.8762     0.0026     0.0026        141 0.0000e+00
   39.00014    0.47989    188.474    190.000    13.2895    13.2900     0.0006  44.760739  44.764934   0.004190    38.2719    38.2754     0.0035  1029.7129  1029.7154     0.0026     7.3029 6.1016e+02 1.0000e-12     0.2473 1.3844e-01     12.437    188.475    38.2708    38.2742     0.0035  1029.7120    28.8748  1029.7145    28.8774     0.0026     0.0026        129 0.0000e+00
   39.00015    0.47989    193.432    195.000    13.2857    13.2861     0.0005  44.760689  44.764813   0.004124    38.2729    38.2764     0.0035  1029.7366  1029.7392     0.0026     7.2871 6.0879e+02 1.0000e-12     0.2437 1.0046e-01     12.976    193.432    38.2723    38.2758     0.0035  1029.7361    28.8770  1029.7387    28.8796     0.0026     0.0026        127 0.0000e+00
   39.00016    0.47988    198.390    200.000    13.2829    13.2833     0.0004  44.762611  44.766722   0.004113    38.2750    38.2785     0.0035  1029.7610  1029.7636     0.0026     7.2662 6.0860e+02 1.0000e-12     0.2450 8.0140e-02     15.400    198.390    38.2747    38.2782     0.0035  1029.7607    28.8796  1029.7633    28.8822     0.0026     0.0026        120 0.0000e+00
   39.00016    0.47988    203.346    205.000    13.2828    13.2833     0.0005  44.769318  44.773538   0.004219    38.2791    38.2826     0.0035  1029.7862  1029.7889     0.0026     7.2335 6.0918e+02 1.0000e-12     0.2448 6.8079e-02     15.691    203.347    38.2789    38.2825     0.0035  1029.7861    28.8830  1029.7887    28.8857     0.0026     0.0026        126 0.0000e+00
   39.00015    0.47988    208.303    210.000    13.2847    13.2852     0.0005  44.781522  44.785729   0.004206    38.2865    38.2900     0.0036  1029.8137  1029.8163     0.0027     7.2060 6.0917e+02 1.0000e-12     0.2437 6.9615e-02     19.109    208.304    38.2864    38.2900     0.0036  1029.8137    28.8886  1029.8163    28.8913     0.0027     0.0027        126 0.0000e+00
