example data/fromGithub/from cmunozmas_plot_raw_ctd/ds2_04.cnv
* Sea-Bird SBE 9 Data File:
* FileName = C:\OCEANO\CTD\DATOS\2019-02_SOCIB CanalesWinter19\S_04.hex
* Software Version Seasave V 7.26.7.121
* Temperature SN = 5391
* Conductivity SN = 3718
* Number of Bytes Per Scan = 40
* Number of Voltage Words = 5
* Number of Scans Averaged by the Deck Unit = 1
* NMEA Latitude = 38 59.96 N
* NMEA Longitude = 000 51.77 E
* NMEA UTC (Time) = Mar 06 2019  12:45:19
* NMEA baud rate = 4800
** Ship:B/O SOCIB
** Cruise: SOCIB-Canales Winter19
** Station: S2_ 04
** Date:  2019/03/06
** Time (UTC):  12:44
** Bottom Depth (m):  833
** Operator: NCW JBM
# nquan = 34
# nvalues = 167                         
# units = specified
# name 0 = latitude: Latitude [deg]
# name 1 = longitude: Longitude [deg]
# name 2 = depSM: Depth [salt water, m]
# name 3 = prDM: Pressure, Digiquartz [db]
# name 4 = t090C: Temperature [ITS-90, deg C]
# name 5 = t190C: Temperature, 2 [ITS-90, deg C]
# name 6 = T2-T190C: Temperature Difference, 2 - 1 [ITS-90, deg C]
# name 7 = c0mS/cm: Conductivity [mS/cm]
# name 8 = c1mS/cm: Conductivity, 2 [mS/cm]
# name 9 = C2-C1mS/cm: Conductivity Difference, 2 - 1 [mS/cm]
# name 10 = sal00: Salinity, Practical [PSU]
# name 11 = sal11: Salinity, Practical, 2 [PSU]
# name 12 = secS-priS: Salinity, Practical, Difference, 2 - 1 [PSU]
# name 13 = density00: Density [density, kg/m^3]
# name 14 = density11: Density, 2 [density, kg/m^3]
# name 15 = D2-D1,d: Density Difference, 2 - 1 [density, kg/m^3]
# name 16 = sbeox0Mg/L: Oxygen, SBE 43 [mg/l]
# name 17 = spar: SPAR/Surface Irradiance
# name 18 = par: PAR/Irradiance, Biospherical/Licor
# name 19 = CStarAt0: Beam Attenuation, WET Labs C-Star [1/m]
# name 20 = flSP: Fluorescence, Seapoint
# name 21 = seaTurbMtr: Turbidity, Seapoint [FTU]
# name 22 = depSM: Depth [salt water, m], lat = 38.9993
# name 23 = sal00: Salinity, Practical [PSU]
# name 24 = sal11: Salinity, Practical, 2 [PSU]
# name 25 = secS-priS: Salinity, Practical, Difference, 2 - 1 [PSU]
# name 26 = density00: Density [density, kg/m^3]
# name 27 = sigma-é00: Density [sigma-theta, kg/m^3]
# name 28 = density11: Density, 2 [density, kg/m^3]
# name 29 = sigma-é11: Density, 2 [sigma-theta, kg/m^3]
# name 30 = D2-D1,d: Density Difference, 2 - 1 [density, kg/m^3]
# name 31 = D2-D1: Density Difference, 2 - 1 [sigma-theta, kg/m^3]
# name 32 = nbin: number of scans per bin
# name 33 = flag: flag
# span 0 =   39.00099,   39.00318       
# span 1 =    0.86682,    0.86760       
# span 2 =      4.965,    827.038       
# span 3 =      5.000,    835.000       
# span 4 =    13.1508,    14.2632       
# span 5 =    13.1512,    14.2635       
# span 6 =    -0.0005,     0.0017       
# span 7 =  45.038173,  45.702481       
# span 8 =  45.042237,  45.706474       
# span 9 =   0.002893,   0.005397       
# span 10 =    38.2539,    38.5842      
# span 11 =    38.2571,    38.5875      
# span 12 =     0.0031,     0.0036      
# span 13 =  1028.6854,  1032.7617      
# span 14 =  1028.6880,  1032.7644      
# span 15 =     0.0021,     0.0027      
# span 16 =     5.5892,     7.8302      
# span 17 = 6.8913e+02, 8.2432e+02      
# span 18 = -2.315e-05, 3.0359e+02      
# span 19 =     0.1995,     0.4184      
# span 20 = 3.5740e-02, 1.1369e+00      
# span 21 =      3.274,     21.292      
# span 22 =      4.962,    827.012      
# span 23 =    38.2505,    38.5842      
# span 24 =    38.2537,    38.5876      
# span 25 =     0.0031,     0.0036      
# span 26 =  1028.6853,  1032.7615      
# span 27 =    28.6634,    29.1066      
# span 28 =  1028.6880,  1032.7641      
# span 29 =    28.6660,    29.1093      
# span 30 =     0.0021,     0.0027      
# span 31 =     0.0021,     0.0027      
# span 32 =         53,        205      
# span 33 = 0.0000e+00, 0.0000e+00      
# interval = decibars: 5                
# start_time = Mar 06 2019 12:45:19 [NMEA time, header]
# bad_flag = -9.990e-29
*END*
[from data line 86]
   39.00180    0.86686    431.257    435.000    13.4640    13.4645     0.0006  45.375808  45.379946   0.004139    38.5735    38.5769     0.0034  1030.9899  1030.9924     0.0025     5.6437 7.5286e+02 1.0000e-12     0.2148 3.6850e-02      6.242    431.253    38.5735    38.5768     0.0034  1030.9898    29.0805  1030.9923    29.0830     0.0025     0.0025         90 0.0000e+00
   39.00179    0.86686    436.206    440.000    13.4620    13.4625     0.0005  45.375867  45.380010   0.004144    38.5734    38.5768     0.0034  1031.0122  1031.0148     0.0026     5.6526 7.5106e+02 1.0000e-12     0.2137 3.7199e-02      6.107    436.204    38.5733    38.5768     0.0034  1031.0122    29.0810  1031.0147    29.0836     0.0025     0.0025        115 0.0000e+00
   39.00178    0.86684    441.158    445.000    13.4588    13.4593     0.0005  45.374414  45.378538   0.004125    38.5730    38.5764     0.0034  1031.0346  1031.0372     0.0026     5.6466 7.4940e+02 1.0000e-12     0.2132 3.7101e-02      5.990    441.156    38.5729    38.5764     0.0034  1031.0345    29.0815  1031.0371    29.0841     0.0025     0.0025        124 0.0000e+00
   39.00178    0.86684    446.106    450.000    13.4527    13.4533     0.0006  45.369000  45.373246   0.004244    38.5718    38.5753     0.0034  1031.0570  1031.0596     0.0025     5.6548 7.4896e+02 1.0000e-12     0.2121 3.6909e-02      5.337    446.107    38.5717    38.5751     0.0034  1031.0569    29.0820  1031.0594    29.0845     0.0025     0.0025        128 0.0000e+00
   39.00177    0.86684    451.058    455.000    13.4422    13.4427     0.0006  45.358091  45.362299   0.004208    38.5699    38.5734     0.0035  1031.0798  1031.0824     0.0025     5.6591 7.5181e+02 1.0000e-12     0.2098 3.6912e-02      5.387    451.059    38.5696    38.5731     0.0035  1031.0796    29.0828  1031.0822    29.0853     0.0026     0.0026        130 0.0000e+00
   39.00176    0.86683    456.011    460.000    13.4330    13.4337     0.0007  45.348943  45.353253   0.004309    38.5682    38.5716     0.0034  1031.1025  1031.1051     0.0025     5.6667 7.5366e+02 1.0000e-12     0.2076 3.7167e-02      4.894    456.010    38.5679    38.5713     0.0034  1031.1023    29.0835  1031.1048    29.0860     0.0025     0.0025        119 0.0000e+00
   39.00176    0.86682    460.960    465.000    13.4311    13.4316     0.0005  45.348916  45.353179   0.004264    38.5678    38.5713     0.0035  1031.1246  1031.1272     0.0026     5.6508 7.5459e+02 1.0000e-12     0.2066 3.7158e-02      4.738    460.961    38.5676    38.5711     0.0035  1031.1245    29.0838  1031.1271    29.0865     0.0026     0.0026        132 0.0000e+00
   39.00177    0.86682    465.911    470.000    13.4286    13.4291     0.0005  45.348144  45.352238   0.004095    38.5672    38.5707     0.0034  1031.1468  1031.1493     0.0025     5.6585 7.5541e+02 1.0000e-12     0.2067 3.6992e-02      5.090    465.912    38.5671    38.5705     0.0034  1031.1466    29.0842  1031.1492    29.0867     0.0025     0.0025        124 0.0000e+00
   39.00178    0.86682    470.862    475.000    13.4262    13.4267     0.0005  45.347576  45.351704   0.004129    38.5669    38.5703     0.0034  1031.1690  1031.1715     0.0025     5.6537 7.5606e+02 1.0000e-12     0.2054 3.6878e-02      4.782    470.863    38.5668    38.5702     0.0034  1031.1689    29.0846  1031.1715    29.0871     0.0025     0.0025        119 0.0000e+00
   39.00178    0.86682    475.813    480.000    13.4220    13.4225     0.0005  45.345030  45.349170   0.004140    38.5665    38.5700     0.0035  1031.1916  1031.1942     0.0026     5.6496 7.5454e+02 1.0000e-12     0.2044 3.6727e-02      4.525    475.813    38.5664    38.5698     0.0035  1031.1915    29.0853  1031.1940    29.0878     0.0026     0.0026        122 0.0000e+00
   39.00179    0.86682    480.764    485.000    13.4214    13.4219     0.0005  45.347160  45.351068   0.003908    38.5668    38.5700     0.0032  1031.2140  1031.2163     0.0024     5.6434 7.4998e+02 1.0000e-12     0.2051 3.6947e-02      4.396    480.764    38.5667    38.5700     0.0032  1031.2139    29.0859  1031.2163    29.0883     0.0024     0.0024        135 0.0000e+00
   39.00180    0.86682    485.714    490.000    13.4218    13.4224     0.0005  45.350717  45.354831   0.004114    38.5675    38.5709     0.0034  1031.2364  1031.2389     0.0025     5.6388 7.4537e+02 1.0000e-12     0.2070 3.6784e-02      5.275    485.715    38.5675    38.5709     0.0034  1031.2364    29.0865  1031.2389    29.0890     0.0025     0.0025        124 0.0000e+00
   39.00182    0.86682    490.663    495.000    13.4198    13.4203     0.0005  45.350591  45.354779   0.004187    38.5673    38.5708     0.0035  1031.2586  1031.2612     0.0026     5.6418 7.4104e+02 1.0000e-12     0.2084 3.6779e-02      5.817    490.665    38.5672    38.5707     0.0035  1031.2586    29.0869  1031.2612    29.0895     0.0026     0.0026        123 0.0000e+00
   39.00182    0.86682    495.619    500.000    13.4157    13.4163     0.0006  45.347651  45.352013   0.004362    38.5665    38.5700     0.0035  1031.2809  1031.2836     0.0026     5.6480 7.3818e+02 1.0000e-12     0.2093 3.6764e-02      5.438    495.615    38.5664    38.5699     0.0035  1031.2808    29.0872  1031.2834    29.0899     0.0026     0.0026        110 0.0000e+00
   39.00185    0.86682    500.562    505.000    13.4133    13.4139     0.0005  45.347141  45.351315   0.004177    38.5661    38.5695     0.0035  1031.3031  1031.3056     0.0026     5.6484 7.3699e+02 1.0000e-12     0.2093 3.6772e-02      5.441    500.565    38.5660    38.5694     0.0035  1031.3030    29.0876  1031.3056    29.0902     0.0026     0.0026        103 0.0000e+00
   39.00186    0.86682    505.518    510.000    13.4131    13.4136     0.0005  45.349105  45.353169   0.004066    38.5659    38.5693     0.0034  1031.3250  1031.3275     0.0025     5.6476 7.3235e+02 1.0000e-12     0.2095 3.6970e-02      5.376    505.515    38.5659    38.5693     0.0034  1031.3250    29.0877  1031.3275    29.0902     0.0025     0.0025        108 0.0000e+00
   39.00189    0.86683    510.467    515.000    13.4110    13.4115     0.0006  45.348782  45.352965   0.004183    38.5656    38.5690     0.0034  1031.3472  1031.3497     0.0025     5.6546 7.3100e+02 1.0000e-12     0.2095 3.6839e-02      5.507    510.465    38.5655    38.5689     0.0034  1031.3471    29.0880  1031.3496    29.0906     0.0025     0.0025        102 0.0000e+00
   39.00191    0.86684    515.417    520.000    13.4077    13.4085     0.0008  45.347131  45.351496   0.004360    38.5651    38.5685     0.0034  1031.3695  1031.3719     0.0024     5.6432 7.3084e+02 1.0000e-12     0.2090 3.6714e-02      5.426    515.415    38.5650    38.5684     0.0033  1031.3694    29.0885  1031.3719    29.0909     0.0024     0.0024         93 0.0000e+00
   39.00194    0.86685    520.365    525.000    13.4035    13.4041     0.0006  45.344266  45.348413   0.004149    38.5644    38.5678     0.0034  1031.3919  1031.3944     0.0025     5.6509 7.3178e+02 1.0000e-12     0.2088 3.6819e-02      5.218    520.365    38.5643    38.5677     0.0034  1031.3918    29.0890  1031.3942    29.0915     0.0025     0.0025        138 0.0000e+00
   39.00196    0.86686    525.312    530.000    13.3975    13.3980     0.0005  45.339175  45.343325   0.004153    38.5635    38.5669     0.0034  1031.4144  1031.4169     0.0025     5.6502 7.3193e+02 1.0000e-12     0.2080 3.6568e-02      5.146    525.314    38.5633    38.5667     0.0034  1031.4143    29.0896  1031.4168    29.0922     0.0025     0.0025        121 0.0000e+00
   39.00199    0.86688    530.260    535.000    13.3957    13.3963     0.0006  45.339402  45.343594   0.004193    38.5632    38.5666     0.0034  1031.4365  1031.4390     0.0025     5.6456 7.3279e+02 1.0000e-12     0.2075 3.6667e-02      5.060    530.264    38.5631    38.5665     0.0034  1031.4365    29.0900  1031.4390    29.0925     0.0025     0.0025         95 0.0000e+00
   39.00201    0.86690    535.217    540.000    13.3926    13.3931     0.0005  45.337873  45.341916   0.004046    38.5627    38.5660     0.0033  1031.4588  1031.4613     0.0025     5.6507 7.3527e+02 1.0000e-12     0.2074 3.6731e-02      6.064    535.213    38.5626    38.5659     0.0033  1031.4587    29.0904  1031.4612    29.0929     0.0025     0.0025        105 0.0000e+00
   39.00204    0.86693    540.161    545.000    13.3905    13.3910     0.0005  45.337547  45.341751   0.004205    38.5622    38.5657     0.0035  1031.4809  1031.4834     0.0026     5.6486 7.2854e+02 1.0000e-12     0.2062 3.6795e-02      4.664    540.162    38.5621    38.5656     0.0035  1031.4808    29.0907  1031.4834    29.0932     0.0026     0.0026        135 0.0000e+00
   39.00207    0.86695    545.111    550.000    13.3880    13.3885     0.0005  45.336720  45.340838   0.004118    38.5617    38.5651     0.0034  1031.5030  1031.5055     0.0025     5.6454 7.2953e+02 1.0000e-12     0.2057 3.6656e-02      4.806    545.111    38.5616    38.5650     0.0034  1031.5029    29.0910  1031.5054    29.0935     0.0025     0.0025        130 0.0000e+00
   39.00209    0.86696    550.059    555.000    13.3791    13.3797     0.0006  45.327946  45.332133   0.004188    38.5602    38.5636     0.0034  1031.5257  1031.5283     0.0025     5.6438 7.2593e+02 1.0000e-12     0.2048 3.6630e-02      4.244    550.060    38.5600    38.5634     0.0034  1031.5255    29.0917  1031.5281    29.0942     0.0025     0.0025        128 0.0000e+00
   39.00212    0.86696    555.009    560.000    13.3725    13.3730     0.0005  45.321940  45.326069   0.004130    38.5589    38.5624     0.0034  1031.5481  1031.5507     0.0026     5.6551 7.2268e+02 1.0000e-12     0.2038 3.6840e-02      4.034    555.009    38.5587    38.5621     0.0034  1031.5480    29.0922  1031.5505    29.0948     0.0026     0.0026        124 0.0000e+00
   39.00214    0.86696    559.957    565.000    13.3696    13.3701     0.0004  45.320562  45.324626   0.004064    38.5582    38.5617     0.0034  1031.5702  1031.5728     0.0026     5.6534 7.1887e+02 1.0000e-12     0.2027 3.6715e-02      4.142    559.958    38.5581    38.5615     0.0034  1031.5701    29.0925  1031.5726    29.0951     0.0026     0.0026        130 0.0000e+00
   39.00216    0.86696    564.906    570.000    13.3621    13.3628     0.0008  45.313236  45.317702   0.004462    38.5568    38.5602     0.0035  1031.5927  1031.5952     0.0025     5.6638 7.1646e+02 1.0000e-12     0.2033 3.6577e-02      4.249    564.906    38.5565    38.5600     0.0035  1031.5925    29.0931  1031.5951    29.0956     0.0025     0.0025        123 0.0000e+00
   39.00217    0.86694    569.856    575.000    13.3586    13.3591     0.0005  45.311121  45.315268   0.004148    38.5560    38.5594     0.0034  1031.6148  1031.6174     0.0025     5.6743 7.1517e+02 1.0000e-12     0.2028 3.6573e-02      4.209    569.855    38.5558    38.5592     0.0034  1031.6147    29.0934  1031.6172    29.0960     0.0025     0.0025        128 0.0000e+00
   39.00218    0.86694    574.803    580.000    13.3563    13.3568     0.0004  45.310502  45.314592   0.004092    38.5554    38.5588     0.0035  1031.6368  1031.6394     0.0026     5.6789 7.1474e+02 1.0000e-12     0.2030 3.6760e-02      4.049    574.803    38.5553    38.5587     0.0035  1031.6367    29.0936  1031.6393    29.0962     0.0026     0.0026        131 0.0000e+00
   39.00220    0.86694    579.748    585.000    13.3526    13.3531     0.0005  45.308085  45.312357   0.004271    38.5547    38.5582     0.0035  1031.6590  1031.6616     0.0026     5.6869 7.1608e+02 1.0000e-12     0.2029 3.6667e-02      4.721    579.751    38.5545    38.5580     0.0035  1031.6589    29.0940  1031.6615    29.0966     0.0026     0.0026        101 0.0000e+00
   39.00221    0.86694    584.699    590.000    13.3496    13.3501     0.0005  45.306722  45.310808   0.004089    38.5541    38.5575     0.0034  1031.6812  1031.6837     0.0025     5.6945 7.1784e+02 1.0000e-12     0.2028 3.6630e-02      4.305    584.699    38.5540    38.5574     0.0034  1031.6811    29.0944  1031.6836    29.0969     0.0025     0.0025        116 0.0000e+00
   39.00224    0.86696    589.648    595.000    13.3430    13.3434     0.0004  45.300687  45.304690   0.004005    38.5529    38.5563     0.0034  1031.7036  1031.7062     0.0026     5.7063 7.1815e+02 1.0000e-12     0.2031 3.6630e-02      4.253    589.647    38.5527    38.5561     0.0034  1031.7035    29.0949  1031.7060    29.0974     0.0026     0.0026        138 0.0000e+00
   39.00227    0.86697    594.596    600.000    13.3370    13.3375     0.0006  45.295347  45.299587   0.004239    38.5517    38.5552     0.0035  1031.7260  1031.7285     0.0026     5.7090 7.2226e+02 1.0000e-12     0.2030 3.6575e-02      4.151    594.595    38.5515    38.5550     0.0035  1031.7258    29.0953  1031.7284    29.0979     0.0026     0.0026        132 0.0000e+00
   39.00230    0.86699    599.540    605.000    13.3334    13.3339     0.0005  45.293123  45.297256   0.004133    38.5509    38.5543     0.0034  1031.7481  1031.7506     0.0025     5.7121 7.2327e+02 1.0000e-12     0.2034 3.6386e-02      4.208    599.543    38.5507    38.5542     0.0034  1031.7480    29.0957  1031.7506    29.0983     0.0025     0.0025        137 0.0000e+00
   39.00233    0.86700    604.491    610.000    13.3313    13.3319     0.0006  45.292747  45.296941   0.004192    38.5504    38.5537     0.0034  1031.7701  1031.7726     0.0025     5.7039 7.2719e+02 1.0000e-12     0.2032 3.6527e-02      4.179    604.491    38.5502    38.5537     0.0034  1031.7700    29.0959  1031.7725    29.0984     0.0025     0.0025        104 0.0000e+00
   39.00238    0.86702    609.441    615.000    13.3287    13.3293     0.0006  45.291549  45.295753   0.004204    38.5496    38.5531     0.0035  1031.7920  1031.7946     0.0025     5.7046 7.2746e+02 1.0000e-12     0.2033 3.6630e-02      6.474    609.438    38.5495    38.5530     0.0035  1031.7919    29.0960  1031.7945    29.0986     0.0026     0.0026         99 0.0000e+00
   39.00241    0.86705    614.386    620.000    13.3282    13.3287     0.0005  45.293081  45.297258   0.004178    38.5494    38.5528     0.0034  1031.8139  1031.8164     0.0025     5.7075 7.2797e+02 1.0000e-12     0.2032 3.6557e-02      4.082    614.386    38.5493    38.5528     0.0035  1031.8138    29.0961  1031.8164    29.0987     0.0025     0.0025         99 0.0000e+00
   39.00246    0.86708    619.336    625.000    13.3275    13.3279     0.0005  45.294353  45.298496   0.004145    38.5491    38.5526     0.0035  1031.8357  1031.8383     0.0026     5.7046 7.2132e+02 1.0000e-12     0.2030 3.6701e-02      4.241    619.333    38.5490    38.5525     0.0035  1031.8357    29.0962  1031.8383    29.0989     0.0026     0.0026        134 0.0000e+00
   39.00250    0.86711    624.279    630.000    13.3231    13.3237     0.0006  45.290935  45.295189   0.004251    38.5480    38.5515     0.0035  1031.8578  1031.8603     0.0026     5.6955 7.1735e+02 1.0000e-12     0.2033 3.6522e-02      4.217    624.280    38.5479    38.5514     0.0035  1031.8577    29.0964  1031.8603    29.0990     0.0026     0.0026        155 0.0000e+00
   39.00254    0.86714    629.226    635.000    13.3098    13.3104     0.0006  45.275935  45.280082   0.004145    38.5452    38.5485     0.0034  1031.8805  1031.8829     0.0025     5.6702 7.1770e+02 1.0000e-12     0.2027 3.6654e-02      4.110    629.227    38.5449    38.5482     0.0034  1031.8802    29.0970  1031.8827    29.0995     0.0025     0.0025        140 0.0000e+00
   39.00258    0.86718    634.175    640.000    13.3041    13.3047     0.0006  45.270721  45.275020   0.004298    38.5436    38.5471     0.0035  1031.9024  1031.9050     0.0026     5.6564 7.1755e+02 1.0000e-12     0.2024 3.6459e-02      4.185    634.174    38.5433    38.5468     0.0035  1031.9024    29.0972  1031.9050    29.0998     0.0026     0.0026        168 0.0000e+00
