example data/fromGithub/from cmunozmas_plot_raw_ctd/ds2_08.cnv
* Sea-Bird SBE 9 Data File:
* FileName = C:\OCEANO\CTD\DATOS\2019-02_SOCIB CanalesWinter19\S_08.hex
* Software Version Seasave V 7.26.7.121
* Temperature SN = 5391
* Conductivity SN = 3718
* Number of Bytes Per Scan = 40
* Number of Voltage Words = 5
* Number of Scans Averaged by the Deck Unit = 1
* NMEA Latitude = 38 59.95 N
* NMEA Longitude = 000 20.82 E
* NMEA UTC (Time) = Mar 06 2019  08:30:21
* NMEA baud rate = 4800
** Ship:B/O SOCIB
** Cruise: SOCIB-Canales Winter19
** Station: S2_ 08
** Date:  2019/03/06
** Time (UTC):  8:30
** Bottom Depth (m):  279
** Operator: NCW PBH
# nquan = 34
# nvalues = 57                          
# units = specified
# name 0 = latitude: Latitude [deg]
# name 1 = longitude: Longitude [deg]
# name 2 = depSM: Depth [salt water, m]
# name 3 = prDM: Pressure, Digiquartz [db]
# name 4 = t090C: Temperature [ITS-90, deg C]
# name 5 = t190C: Temperature, 2 [ITS-90, deg C]
# name 6 = T2-T190C: Temperature Difference, 2 - 1 [ITS-90, deg C]
# name 7 = c0mS/cm: Conductivity [mS/cm]
# name 8 = c1mS/cm: Conductivity, 2 [mS/cm]
# name 9 = C2-C1mS/cm: Conductivity Difference, 2 - 1 [mS/cm]
# name 10 = sal00: Salinity, Practical [PSU]
# name 11 = sal11: Salinity, Practical, 2 [PSU]
# name 12 = secS-priS: Salinity, Practical, Difference, 2 - 1 [PSU]
# name 13 = density00: Density [density, kg/m^3]
# name 14 = density11: Density, 2 [density, kg/m^3]
# name 15 = D2-D1,d: Density Difference, 2 - 1 [density, kg/m^3]
# name 16 = sbeox0Mg/L: Oxygen, SBE 43 [mg/l]
# name 17 = spar: SPAR/Surface Irradiance
# name 18 = par: PAR/Irradiance, Biospherical/Licor
# name 19 = CStarAt0: Beam Attenuation, WET Labs C-Star [1/m]
# name 20 = flSP: Fluorescence, Seapoint
# name 21 = seaTurbMtr: Turbidity, Seapoint [FTU]
# name 22 = depSM: Depth [salt water, m], lat = 38.9992
# name 23 = sal00: Salinity, Practical [PSU]
# name 24 = sal11: Salinity, Practical, 2 [PSU]
# name 25 = secS-priS: Salinity, Practical, Difference, 2 - 1 [PSU]
# name 26 = density00: Density [density, kg/m^3]
# name 27 = sigma-é00: Density [sigma-theta, kg/m^3]
# name 28 = density11: Density, 2 [density, kg/m^3]
# name 29 = sigma-é11: Density, 2 [sigma-theta, kg/m^3]
# name 30 = D2-D1,d: Density Difference, 2 - 1 [density, kg/m^3]
# name 31 = D2-D1: Density Difference, 2 - 1 [sigma-theta, kg/m^3]
# name 32 = nbin: number of scans per bin
# name 33 = flag: flag
# span 0 =   39.00075,   39.00262       
# span 1 =    0.34780,    0.34938       
# span 2 =      4.963,    282.653       
# span 3 =      5.000,    285.000       
# span 4 =    13.3284,    14.6215       
# span 5 =    13.3288,    14.6221       
# span 6 =     0.0002,     0.0030       
# span 7 =  44.838563,  46.030039       
# span 8 =  44.842860,  46.035000       
# span 9 =   0.003916,   0.006502       
# span 10 =    38.2166,    38.2954      
# span 11 =    38.2200,    38.2989      
# span 12 =     0.0031,     0.0041      
# span 13 =  1028.5656,  1030.1378      
# span 14 =  1028.5686,  1030.1405      
# span 15 =     0.0017,     0.0030      
# span 16 =     7.1362,     7.8415      
# span 17 = 3.0949e+02, 3.7717e+02      
# span 18 = -4.232e-05, 1.0994e+02      
# span 19 =     0.2312,     0.3286      
# span 20 = 5.5584e-02, 9.0860e-01      
# span 21 =      6.611,     28.062      
# span 22 =      4.962,    282.647      
# span 23 =    38.2085,    38.2953      
# span 24 =    38.2119,    38.2988      
# span 25 =     0.0031,     0.0041      
# span 26 =  1028.5656,  1030.1379      
# span 27 =    28.5437,    28.8837      
# span 28 =  1028.5686,  1030.1404      
# span 29 =    28.5467,    28.8863      
# span 30 =     0.0017,     0.0030      
# span 31 =     0.0017,     0.0030      
# span 32 =         73,        223      
# span 33 = 0.0000e+00, 0.0000e+00      
# interval = decibars: 5                
# start_time = Mar 06 2019 08:30:21 [NMEA time, header]
# bad_flag = -9.990e-29
*END*
   39.00075    0.34938      4.963      5.000    14.6215    14.6221     0.0005  46.025462  46.030378   0.004919    38.2221    38.2261     0.0041  1028.5656  1028.5686     0.0030     7.8415 3.7717e+02 1.0994e+02     0.3029 1.9543e-01      9.009      4.962    38.2221    38.2262     0.0041  1028.5656    28.5437  1028.5686    28.5467     0.0030     0.0030        101 0.0000e+00
   39.00081    0.34936      9.922     10.000    14.6204    14.6209     0.0004  46.026910  46.031657   0.004750    38.2223    38.2263     0.0040  1028.5881  1028.5911     0.0030     7.8044 3.6805e+02 7.1998e+01     0.2931 2.4143e-01      8.795      9.924    38.2223    38.2263     0.0040  1028.5881    28.5442  1028.5911    28.5472     0.0030     0.0030        143 0.0000e+00
   39.00085    0.34935     14.884     15.000    14.6212    14.6217     0.0006  46.030039  46.035000   0.004960    38.2223    38.2264     0.0041  1028.6101  1028.6131     0.0030     7.8004 3.7498e+02 5.5370e+01     0.2878 2.8288e-01      7.787     14.886    38.2223    38.2264     0.0041  1028.6101    28.5442  1028.6131    28.5473     0.0030     0.0030        180 0.0000e+00
   39.00089    0.34934     19.847     20.000    14.6166    14.6175     0.0008  46.027570  46.032754   0.005178    38.2224    38.2264     0.0039  1028.6333  1028.6361     0.0028     7.7993 3.7639e+02 4.1630e+01     0.2902 3.1473e-01      7.929     19.848    38.2223    38.2262     0.0039  1028.6332    28.5454  1028.6361    28.5483     0.0028     0.0028        135 0.0000e+00
   39.00092    0.34934     24.809     25.000    14.6161    14.6168     0.0007  46.029899  46.034582   0.004681    38.2226    38.2263     0.0037  1028.6556  1028.6583     0.0027     7.8172 3.7436e+02 3.1422e+01     0.2880 3.2799e-01      8.965     24.809    38.2227    38.2264     0.0037  1028.6557    28.5460  1028.6584    28.5487     0.0027     0.0027        118 0.0000e+00
   39.00094    0.34932     29.771     30.000    14.5219    14.5243     0.0023  45.928874  45.934996   0.006093    38.2213    38.2246     0.0033  1028.6977  1028.6997     0.0020     7.8127 3.7016e+02 2.3275e+01     0.2925 4.0690e-01     11.331     29.771    38.2192    38.2225     0.0033  1028.6960    28.5643  1028.6981    28.5664     0.0020     0.0020        113 0.0000e+00
   39.00096    0.34929     34.735     35.000    14.2430    14.2461     0.0030  45.629802  45.636337   0.006502    38.2197    38.2228     0.0031  1028.7800  1028.7817     0.0017     7.6961 3.6810e+02 1.6841e+01     0.3065 5.7088e-01     11.628     34.732    38.2128    38.2159     0.0031  1028.7746    28.6208  1028.7764    28.6225     0.0017     0.0017        122 0.0000e+00
   39.00098    0.34926     39.692     40.000    13.9831    13.9841     0.0009  45.353543  45.358213   0.004695    38.2166    38.2200     0.0035  1028.8565  1028.8589     0.0025     7.5552 3.6709e+02 1.1565e+01     0.3286 9.0860e-01     16.835     39.693    38.2085    38.2119     0.0035  1028.8502    28.6742  1028.8527    28.6767     0.0025     0.0025        129 0.0000e+00
   39.00100    0.34922     44.653     45.000    13.9095    13.9103     0.0008  45.286200  45.290760   0.004575    38.2211    38.2246     0.0035  1028.8981  1028.9006     0.0025     7.4184 3.6655e+02 7.6046e+00     0.3247 9.0339e-01     14.079     44.654    38.2160    38.2195     0.0035  1028.8941    28.6961  1028.8967    28.6986     0.0025     0.0025        124 0.0000e+00
   39.00102    0.34918     49.617     50.000    13.8543    13.8551     0.0008  45.237783  45.242458   0.004682    38.2264    38.2300     0.0036  1028.9363  1028.9389     0.0026     7.3647 3.6334e+02 5.0374e+00     0.2971 7.5881e-01     14.365     49.615    38.2229    38.2265     0.0036  1028.9336    28.7135  1028.9362    28.7161     0.0026     0.0026        124 0.0000e+00
   39.00104    0.34915     54.576     55.000    13.8083    13.8090     0.0007  45.194994  45.199673   0.004684    38.2283    38.2321     0.0038  1028.9699  1028.9726     0.0028     7.3957 3.6066e+02 3.4122e+00     0.3085 5.7360e-01     17.800     54.576    38.2260    38.2297     0.0038  1028.9681    28.7259  1028.9708    28.7286     0.0028     0.0028        141 0.0000e+00
   39.00107    0.34911     59.538     60.000    13.7405    13.7412     0.0007  45.127113  45.131801   0.004692    38.2293    38.2331     0.0038  1029.0074  1029.0102     0.0028     7.5075 3.5896e+02 2.3403e+00     0.2927 3.6482e-01     18.940     59.537    38.2270    38.2308     0.0038  1029.0056    28.7414  1029.0084    28.7441     0.0028     0.0028        142 0.0000e+00
   39.00108    0.34907     64.497     65.000    13.6748    13.6755     0.0007  45.062223  45.066768   0.004547    38.2310    38.2346     0.0036  1029.0450  1029.0477     0.0027     7.6815 3.5897e+02 1.6422e+00     0.2830 3.0340e-01     16.470     64.498    38.2287    38.2323     0.0036  1029.0432    28.7569  1029.0459    28.7596     0.0027     0.0027        121 0.0000e+00
   39.00110    0.34905     69.459     70.000    13.6547    13.6550     0.0003  45.047562  45.051723   0.004168    38.2339    38.2376     0.0037  1029.0737  1029.0765     0.0028     7.6398 3.6000e+02 1.1763e+00     0.2713 2.5041e-01     15.006     69.458    38.2326    38.2363     0.0037  1029.0727    28.7644  1029.0755    28.7672     0.0028     0.0028        150 0.0000e+00
   39.00113    0.34902     74.418     75.000    13.6339    13.6345     0.0006  45.031889  45.036432   0.004539    38.2372    38.2409     0.0037  1029.1028  1029.1056     0.0027     7.6308 3.6095e+02 8.4851e-01     0.2686 2.1841e-01     14.394     74.419    38.2363    38.2400     0.0037  1029.1022    28.7718  1029.1049    28.7746     0.0027     0.0027        139 0.0000e+00
   39.00116    0.34900     79.379     80.000    13.6077    13.6086     0.0009  45.010825  45.015771   0.004944    38.2409    38.2448     0.0038  1029.1336  1029.1363     0.0028     7.7069 3.5780e+02 6.1536e-01     0.2589 1.7971e-01     11.884     79.379    38.2402    38.2440     0.0038  1029.1330    28.7806  1029.1358    28.7834     0.0028     0.0028        119 0.0000e+00
   39.00120    0.34898     84.340     85.000    13.5649    13.5656     0.0007  44.972056  44.976678   0.004626    38.2450    38.2487     0.0037  1029.1680  1029.1708     0.0027     7.6182 3.5541e+02 4.5293e-01     0.2530 1.4692e-01     10.959     84.339    38.2438    38.2476     0.0037  1029.1671    28.7926  1029.1699    28.7954     0.0027     0.0027        137 0.0000e+00
   39.00125    0.34896     89.298     90.000    13.5454    13.5458     0.0004  44.956020  44.960453   0.004439    38.2466    38.2504     0.0038  1029.1956  1029.1985     0.0029     7.5681 3.5526e+02 3.2820e-01     0.2480 1.4033e-01     11.326     89.299    38.2459    38.2497     0.0038  1029.1950    28.7985  1029.1979    28.8014     0.0029     0.0029        159 0.0000e+00
   39.00129    0.34895     94.260     95.000    13.5216    13.5221     0.0005  44.931437  44.935853   0.004418    38.2447    38.2484     0.0038  1029.2214  1029.2242     0.0028     7.4840 3.5382e+02 2.4130e-01     0.2469 1.3027e-01      9.666     94.259    38.2439    38.2477     0.0038  1029.2208    28.8022  1029.2236    28.8050     0.0028     0.0028        170 0.0000e+00
   39.00133    0.34893     99.217    100.000    13.5095    13.5099     0.0005  44.919636  44.923981   0.004344    38.2431    38.2468     0.0037  1029.2449  1029.2476     0.0028     7.4561 3.5448e+02 1.7537e-01     0.2464 1.2181e-01      9.452     99.219    38.2426    38.2463     0.0037  1029.2445    28.8039  1029.2473    28.8067     0.0028     0.0028        124 0.0000e+00
   39.00137    0.34892    104.178    105.000    13.5148    13.5152     0.0004  44.930395  44.934750   0.004357    38.2453    38.2491     0.0038  1029.2676  1029.2705     0.0028     7.4386 3.5802e+02 1.2747e-01     0.2434 1.1176e-01      9.000    104.178    38.2453    38.2490     0.0038  1029.2676    28.8050  1029.2704    28.8078     0.0028     0.0028        185 0.0000e+00
   39.00141    0.34890    109.139    110.000    13.5145    13.5150     0.0005  44.934383  44.938738   0.004353    38.2471    38.2508     0.0037  1029.2913  1029.2940     0.0027     7.4397 3.6489e+02 8.9274e-02     0.2392 9.3142e-02      8.672    109.138    38.2471    38.2507     0.0037  1029.2912    28.8066  1029.2939    28.8093     0.0027     0.0027        114 0.0000e+00
   39.00144    0.34888    114.097    115.000    13.5213    13.5216     0.0003  44.947414  44.951692   0.004279    38.2503    38.2541     0.0038  1029.3144  1029.3173     0.0029     7.4056 3.6237e+02 5.9588e-02     0.2371 9.3986e-02      8.128    114.097    38.2505    38.2542     0.0038  1029.3145    28.8079  1029.3174    28.8108     0.0029     0.0029        155 0.0000e+00
   39.00149    0.34888    119.057    120.000    13.5272    13.5277     0.0005  44.960490  44.964818   0.004325    38.2546    38.2582     0.0036  1029.3387  1029.3414     0.0027     7.3584 3.6023e+02 3.8633e-02     0.2342 7.5802e-02      8.244    119.057    38.2548    38.2584     0.0036  1029.3388    28.8102  1029.3415    28.8129     0.0027     0.0027        146 0.0000e+00
   39.00152    0.34887    124.015    125.000    13.5284    13.5289     0.0005  44.965315  44.970037   0.004722    38.2558    38.2598     0.0040  1029.3614  1029.3644     0.0030     7.3899 3.5567e+02 2.4177e-02     0.2328 8.7033e-02      7.459    124.016    38.2559    38.2599     0.0040  1029.3615    28.8109  1029.3646    28.8140     0.0030     0.0030        144 0.0000e+00
   39.00156    0.34885    128.978    130.000    13.5210    13.5213     0.0002  44.965172  44.969083   0.003916    38.2611    38.2646     0.0035  1029.3893  1029.3920     0.0027     7.3895 3.5645e+02 1.1939e-02     0.2352 1.0048e-01      7.242    128.975    38.2610    38.2644     0.0035  1029.3892    28.8166  1029.3918    28.8192     0.0027     0.0027        128 0.0000e+00
   39.00158    0.34882    133.933    135.000    13.5494    13.5497     0.0003  45.015436  45.019668   0.004232    38.2777    38.2814     0.0037  1029.4182  1029.4210     0.0028     7.4676 3.5275e+02 3.4923e-03     0.2344 1.2696e-01      7.230    133.934    38.2782    38.2819     0.0037  1029.4186    28.8241  1029.4214    28.8269     0.0028     0.0028        141 0.0000e+00
   39.00159    0.34878    138.889    140.000    13.5547    13.5551     0.0004  45.027015  45.031170   0.004155    38.2813    38.2849     0.0036  1029.4420  1029.4447     0.0027     7.3868 3.5354e+02 -4.232e-05     0.2321 1.2288e-01      6.611    138.893    38.2816    38.2852     0.0036  1029.4423    28.8258  1029.4450    28.8285     0.0027     0.0027        118 0.0000e+00
   39.00160    0.34872    143.855    145.000    13.5585    13.5589     0.0005  45.036319  45.040542   0.004220    38.2842    38.2878     0.0036  1029.4656  1029.4683     0.0027     7.2967 3.5067e+02 -5.570e-07     0.2328 1.1088e-01      9.046    143.852    38.2844    38.2880     0.0036  1029.4658    28.8273  1029.4684    28.8300     0.0027     0.0027         73 0.0000e+00
   39.00161    0.34866    148.812    150.000    13.5581    13.5586     0.0004  45.039375  45.043671   0.004294    38.2854    38.2890     0.0036  1029.4887  1029.4914     0.0027     7.2743 3.5046e+02 1.0000e-12     0.2318 1.1198e-01      6.736    148.810    38.2855    38.2891     0.0036  1029.4888    28.8284  1029.4914    28.8311     0.0027     0.0027        130 0.0000e+00
   39.00162    0.34860    153.766    155.000    13.5445    13.5449     0.0003  45.026999  45.030995   0.003999    38.2853    38.2888     0.0035  1029.5137  1029.5163     0.0026     7.2542 3.5384e+02 1.0000e-12     0.2321 1.0443e-01      7.349    153.769    38.2850    38.2885     0.0035  1029.5135    28.8311  1029.5161    28.8337     0.0026     0.0026        113 0.0000e+00
   39.00162    0.34854    158.730    160.000    13.5405    13.5410     0.0006  45.025051  45.029464   0.004409    38.2852    38.2888     0.0036  1029.5366  1029.5393     0.0027     7.2473 3.5831e+02 1.0000e-12     0.2315 1.0279e-01      7.497    158.727    38.2850    38.2886     0.0036  1029.5365    28.8321  1029.5392    28.8348     0.0027     0.0027        103 0.0000e+00
   39.00160    0.34848    163.684    165.000    13.5363    13.5368     0.0005  45.023530  45.027913   0.004382    38.2857    38.2893     0.0036  1029.5600  1029.5627     0.0027     7.2123 3.6792e+02 1.0000e-12     0.2312 8.6913e-02      6.906    163.685    38.2855    38.2891     0.0036  1029.5599    28.8335  1029.5626    28.8362     0.0027     0.0027        120 0.0000e+00
   39.00159    0.34844    168.646    170.000    13.5293    13.5298     0.0005  45.017500  45.021723   0.004223    38.2847    38.2882     0.0036  1029.5829  1029.5855     0.0027     7.2206 3.6913e+02 1.0000e-12     0.2319 7.3650e-02      7.680    168.643    38.2845    38.2880     0.0036  1029.5827    28.8343  1029.5854    28.8370     0.0027     0.0027        109 0.0000e+00
   39.00158    0.34840    173.601    175.000    13.5216    13.5221     0.0005  45.010421  45.014756   0.004334    38.2835    38.2871     0.0037  1029.6057  1029.6085     0.0027     7.2005 3.6682e+02 1.0000e-12     0.2327 6.3234e-02      9.678    173.601    38.2832    38.2869     0.0037  1029.6055    28.8351  1029.6082    28.8379     0.0027     0.0027        140 0.0000e+00
   39.00158    0.34837    178.559    180.000    13.5395    13.5400     0.0005  45.039557  45.043848   0.004290    38.2904    38.2940     0.0036  1029.6293  1029.6320     0.0027     7.1463 3.6775e+02 1.0000e-12     0.2322 5.5584e-02      7.443    178.559    38.2907    38.2943     0.0036  1029.6296    28.8373  1029.6323    28.8400     0.0027     0.0027        119 0.0000e+00
   39.00160    0.34834    183.518    185.000    13.5418    13.5423     0.0005  45.047769  45.052106   0.004337    38.2939    38.2975     0.0036  1029.6537  1029.6564     0.0027     7.1362 3.6528e+02 1.0000e-12     0.2328 5.7689e-02      9.605    183.517    38.2941    38.2977     0.0036  1029.6538    28.8396  1029.6565    28.8423     0.0027     0.0027        134 0.0000e+00
   39.00161    0.34832    188.475    190.000    13.5341    13.5347     0.0005  45.043354  45.047648   0.004293    38.2954    38.2989     0.0036  1029.6786  1029.6812     0.0026     7.1451 3.6624e+02 1.0000e-12     0.2362 6.0723e-02      9.271    188.475    38.2953    38.2988     0.0036  1029.6785    28.8423  1029.6812    28.8449     0.0026     0.0026        144 0.0000e+00
   39.00163    0.34829    193.427    195.000    13.4879    13.4890     0.0010  44.992227  44.997066   0.004829    38.2916    38.2951     0.0035  1029.7077  1029.7102     0.0025     7.2259 3.6501e+02 1.0000e-12     0.2343 1.0620e-01      9.629    193.432    38.2906    38.2942     0.0035  1029.7070    28.8486  1029.7095    28.8512     0.0025     0.0025        111 0.0000e+00
   39.00166    0.34827    198.395    200.000    13.4596    13.4603     0.0007  44.962138  44.966549   0.004414    38.2890    38.2925     0.0035  1029.7340  1029.7365     0.0026     7.2721 3.6607e+02 1.0000e-12     0.2382 1.4933e-01      7.715    198.390    38.2880    38.2916     0.0035  1029.7332    28.8528  1029.7358    28.8553     0.0026     0.0026        107 0.0000e+00
   39.00169    0.34826    203.345    205.000    13.4480    13.4487     0.0007  44.952032  44.956536   0.004508    38.2883    38.2920     0.0036  1029.7580  1029.7607     0.0027     7.2779 3.6337e+02 1.0000e-12     0.2389 1.3892e-01      7.972    203.347    38.2877    38.2914     0.0036  1029.7576    28.8551  1029.7602    28.8578     0.0027     0.0027        142 0.0000e+00
   39.00173    0.34824    208.304    210.000    13.4349    13.4358     0.0009  44.939259  44.943945   0.004682    38.2869    38.2905     0.0036  1029.7819  1029.7845     0.0026     7.2933 3.6042e+02 1.0000e-12     0.2398 1.4384e-01      9.120    208.304    38.2865    38.2901     0.0036  1029.7815    28.8571  1029.7841    28.8597     0.0026     0.0026        114 0.0000e+00
