example data/fromGithub/from cmunozmas_plot_raw_ctd/ds2_07.cnv
* Sea-Bird SBE 9 Data File:
* FileName = C:\OCEANO\CTD\DATOS\2019-02_SOCIB CanalesWinter19\S_07.hex
* Software Version Seasave V 7.26.7.121
* Temperature SN = 5391
* Conductivity SN = 3718
* Number of Bytes Per Scan = 40
* Number of Voltage Words = 5
* Number of Scans Averaged by the Deck Unit = 1
* NMEA Latitude = 38 59.91 N
* NMEA Longitude = 000 28.79 E
* NMEA UTC (Time) = Mar 06 2019  09:23:45
* NMEA baud rate = 4800
** Ship:B/O SOCIB
** Cruise: SOCIB-Canales Winter19
** Station: S2_ 07
** Date:  2019/03/06
** Time (UTC):  9:24
** Bottom Depth (m):  728
** Operator: NCW JBM
# nquan = 34
# nvalues = 145                         
# units = specified
# name 0 = latitude: Latitude [deg]
# name 1 = longitude: Longitude [deg]
# name 2 = depSM: Depth [salt water, m]
# name 3 = prDM: Pressure, Digiquartz [db]
# name 4 = t090C: Temperature [ITS-90, deg C]
# name 5 = t190C: Temperature, 2 [ITS-90, deg C]
# name 6 = T2-T190C: Temperature Difference, 2 - 1 [ITS-90, deg C]
# name 7 = c0mS/cm: Conductivity [mS/cm]
# name 8 = c1mS/cm: Conductivity, 2 [mS/cm]
# name 9 = C2-C1mS/cm: Conductivity Difference, 2 - 1 [mS/cm]
# name 10 = sal00: Salinity, Practical [PSU]
# name 11 = sal11: Salinity, Practical, 2 [PSU]
# name 12 = secS-priS: Salinity, Practical, Difference, 2 - 1 [PSU]
# name 13 = density00: Density [density, kg/m^3]
# name 14 = density11: Density, 2 [density, kg/m^3]
# name 15 = D2-D1,d: Density Difference, 2 - 1 [density, kg/m^3]
# name 16 = sbeox0Mg/L: Oxygen, SBE 43 [mg/l]
# name 17 = spar: SPAR/Surface Irradiance
# name 18 = par: PAR/Irradiance, Biospherical/Licor
# name 19 = CStarAt0: Beam Attenuation, WET Labs C-Star [1/m]
# name 20 = flSP: Fluorescence, Seapoint
# name 21 = seaTurbMtr: Turbidity, Seapoint [FTU]
# name 22 = depSM: Depth [salt water, m], lat = 38.9985
# name 23 = sal00: Salinity, Practical [PSU]
# name 24 = sal11: Salinity, Practical, 2 [PSU]
# name 25 = secS-priS: Salinity, Practical, Difference, 2 - 1 [PSU]
# name 26 = density00: Density [density, kg/m^3]
# name 27 = sigma-é00: Density [sigma-theta, kg/m^3]
# name 28 = density11: Density, 2 [density, kg/m^3]
# name 29 = sigma-é11: Density, 2 [sigma-theta, kg/m^3]
# name 30 = D2-D1,d: Density Difference, 2 - 1 [density, kg/m^3]
# name 31 = D2-D1: Density Difference, 2 - 1 [sigma-theta, kg/m^3]
# name 32 = nbin: number of scans per bin
# name 33 = flag: flag
# span 0 =   39.00012,   39.00081       
# span 1 =    0.47913,    0.47994       
# span 2 =      4.966,    718.261       
# span 3 =      5.000,    725.000       
# span 4 =    13.1291,    14.6811       
# span 5 =    13.1301,    14.6817       
# span 6 =    -0.0014,     0.0078       
# span 7 =  44.646583,  46.083772       
# span 8 =  44.651404,  46.088037       
# span 9 =   0.001929,   0.011406       
# span 10 =    38.1391,    38.5837      
# span 11 =    38.1426,    38.5873      
# span 12 =     0.0028,     0.0041      
# span 13 =  1028.5472,  1032.2581      
# span 14 =  1028.5501,  1032.2607      
# span 15 =     0.0005,     0.0030      
# span 16 =     5.6047,     7.9125      
# span 17 = 5.1300e+02, 8.5507e+02      
# span 18 = -9.670e-06, 3.2816e+02      
# span 19 =     0.2074,     0.3684      
# span 20 = 3.6765e-02, 1.4703e+00      
# span 21 =      5.359,     27.902      
# span 22 =      4.962,    718.254      
# span 23 =    38.1354,    38.5837      
# span 24 =    38.1389,    38.5872      
# span 25 =     0.0028,     0.0041      
# span 26 =  1028.5472,  1032.2580      
# span 27 =    28.5252,    29.0853      
# span 28 =  1028.5501,  1032.2606      
# span 29 =    28.5281,    29.0880      
# span 30 =     0.0005,     0.0030      
# span 31 =     0.0005,     0.0030      
# span 32 =         65,        205      
# span 33 = 0.0000e+00, 0.0000e+00      
# interval = decibars: 5                
# start_time = Mar 06 2019 09:23:45 [NMEA time, header]
# bad_flag = -9.990e-29
*END*
[from data line 43]
   39.00014    0.47986    218.215    220.000    13.2964    13.2969     0.0005  44.811337  44.815548   0.004210    38.2987    38.3022     0.0035  1029.8649  1029.8675     0.0026     7.1783 6.0583e+02 1.0000e-12     0.2352 6.1083e-02     11.640    218.218    38.2988    38.3023     0.0035  1029.8650    28.8960  1029.8676    28.8986     0.0026     0.0026        126 0.0000e+00
   39.00014    0.47986    223.174    225.000    13.2944    13.2948     0.0004  44.814592  44.818782   0.004190    38.3016    38.3052     0.0036  1029.8897  1029.8924     0.0027     7.1697 6.0315e+02 1.0000e-12     0.2358 6.0226e-02     11.436    223.175    38.3017    38.3052     0.0036  1029.8897    28.8988  1029.8924    28.9015     0.0027     0.0027        134 0.0000e+00
   39.00014    0.47986    228.129    230.000    13.2944    13.2949     0.0005  44.819941  44.824172   0.004230    38.3045    38.3080     0.0036  1029.9140  1029.9167     0.0026     7.1564 6.0221e+02 1.0000e-12     0.2342 6.0835e-02     11.596    228.131    38.3045    38.3080     0.0036  1029.9140    28.9012  1029.9167    28.9038     0.0026     0.0026        117 0.0000e+00
   39.00015    0.47986    233.091    235.000    13.2905    13.2910     0.0006  44.821282  44.825544   0.004259    38.3076    38.3111     0.0035  1029.9394  1029.9420     0.0026     7.1600 6.0518e+02 1.0000e-12     0.2328 6.0444e-02     11.636    233.088    38.3075    38.3110     0.0035  1029.9393    28.9045  1029.9419    28.9071     0.0026     0.0026        123 0.0000e+00
   39.00016    0.47984    238.046    240.000    13.2783    13.2789     0.0005  44.812756  44.816920   0.004164    38.3096    38.3130     0.0035  1029.9657  1029.9682     0.0026     7.1714 6.0257e+02 1.0000e-12     0.2331 6.3203e-02     12.060    238.044    38.3093    38.3127     0.0035  1029.9654    28.9086  1029.9680    28.9111     0.0026     0.0026        134 0.0000e+00
   39.00016    0.47984    242.997    245.000    13.2665    13.2670     0.0005  44.805841  44.809953   0.004112    38.3126    38.3160     0.0034  1029.9926  1029.9951     0.0025     7.1516 5.9901e+02 1.0000e-12     0.2323 6.1579e-02     11.207    243.001    38.3123    38.3157     0.0034  1029.9924    28.9135  1029.9949    28.9161     0.0025     0.0025        120 0.0000e+00
   39.00016    0.47986    247.957    250.000    13.2315    13.2320     0.0005  44.764534  44.768473   0.003936    38.3066    38.3099     0.0033  1030.0176  1030.0200     0.0024     7.2036 5.9593e+02 1.0000e-12     0.2326 6.1570e-02     10.987    247.957    38.3056    38.3089     0.0033  1030.0169    28.9158  1030.0193    28.9183     0.0024     0.0024        120 0.0000e+00
   39.00016    0.47986    252.910    255.000    13.1665    13.1671     0.0006  44.686266  44.690481   0.004214    38.2954    38.2989     0.0034  1030.0450  1030.0475     0.0025     7.2641 5.9458e+02 1.0000e-12     0.2326 6.5255e-02     11.039    252.913    38.2937    38.2971     0.0034  1030.0436    28.9203  1030.0461    28.9228     0.0025     0.0025        117 0.0000e+00
   39.00016    0.47986    257.878    260.000    13.1397    13.1401     0.0004  44.656240  44.660233   0.003996    38.2909    38.2944     0.0035  1030.0693  1030.0719     0.0026     7.2781 5.9717e+02 1.0000e-12     0.2342 6.3704e-02     10.729    257.869    38.2896    38.2930     0.0035  1030.0682    28.9228  1030.0708    28.9254     0.0026     0.0026        102 0.0000e+00
   39.00016    0.47986    262.823    265.000    13.1291    13.1301     0.0009  44.646583  44.651404   0.004815    38.2895    38.2932     0.0037  1030.0925  1030.0952     0.0027     7.2708 5.9576e+02 1.0000e-12     0.2347 6.5954e-02     11.421    262.825    38.2887    38.2924     0.0037  1030.0919    28.9245  1030.0946    28.9271     0.0027     0.0027        148 0.0000e+00
   39.00016    0.47986    267.778    270.000    13.1784    13.1764    -0.0006  44.716623  44.719016   0.002434    38.3044    38.3079     0.0035  1030.1159  1030.1188     0.0030     7.1771 5.9560e+02 1.0000e-12     0.2346 6.3481e-02     11.026    267.781    38.3055    38.3084     0.0035  1030.1168    28.9275  1030.1192    28.9301     0.0030     0.0030         89 0.0000e+00
   39.00016    0.47986    272.740    275.000    13.2415    13.2426     0.0011  44.809097  44.814264   0.005146    38.3255    38.3293     0.0038  1030.1407  1030.1434     0.0027     7.0556 5.9601e+02 1.0000e-12     0.2337 6.1383e-02     10.858    272.736    38.3271    38.3309     0.0038  1030.1419    28.9311  1030.1446    28.9339     0.0027     0.0027        128 0.0000e+00
   39.00016    0.47986    277.690    280.000    13.2520    13.2526     0.0006  44.830054  44.834475   0.004417    38.3335    38.3371     0.0036  1030.1667  1030.1693     0.0027     7.0255 5.9559e+02 1.0000e-12     0.2325 5.8155e-02     11.640    277.692    38.3343    38.3379     0.0036  1030.1673    28.9347  1030.1700    28.9374     0.0027     0.0027        130 0.0000e+00
   39.00014    0.47986    282.647    285.000    13.2999    13.2986    -0.0014  44.905724  44.907619   0.001929    38.3549    38.3582     0.0033  1030.1950  1030.1979     0.0029     6.9298 5.9210e+02 1.0000e-12     0.2312 5.4372e-02     10.092    282.647    38.3564    38.3595     0.0033  1030.1962    28.9419  1030.1989    28.9447     0.0029     0.0029        101 0.0000e+00
   39.00014    0.47986    287.605    290.000    13.4189    13.4189    -0.0001  45.074152  45.077913   0.003747    38.3924    38.3960     0.0037  1030.2204  1030.2233     0.0028     6.6643 5.8916e+02 1.0000e-12     0.2303 5.2157e-02     10.941    287.602    38.3955    38.3992     0.0037  1030.2229    28.9475  1030.2257    28.9503     0.0028     0.0028        131 0.0000e+00
   39.00013    0.47986    292.553    295.000    13.4816    13.4824     0.0008  45.163421  45.168190   0.004746    38.4129    38.4166     0.0038  1030.2448  1030.2475     0.0028     6.5445 5.8767e+02 1.0000e-12     0.2319 4.9516e-02     11.873    292.557    38.4155    38.4193     0.0038  1030.2469    28.9499  1030.2496    28.9527     0.0027     0.0027        123 0.0000e+00
   39.00012    0.47986    297.516    300.000    13.4383    13.4403     0.0021  45.109334  45.114915   0.005549    38.4053    38.4085     0.0032  1030.2705  1030.2725     0.0020     6.6899 5.8643e+02 1.0000e-12     0.2324 4.8837e-02     11.635    297.512    38.4052    38.4085     0.0032  1030.2703    28.9512  1030.2725    28.9533     0.0020     0.0020         93 0.0000e+00
   39.00012    0.47984    302.470    305.000    13.3474    13.3468    -0.0005  44.995429  44.998129   0.002718    38.3873    38.3903     0.0031  1030.2982  1030.3007     0.0025     6.8708 5.8383e+02 1.0000e-12     0.2265 5.2236e-02      8.231    302.467    38.3855    38.3886     0.0031  1030.2968    28.9552  1030.2994    28.9577     0.0025     0.0025        105 0.0000e+00
   39.00012    0.47984    307.421    310.000    13.3560    13.3562     0.0002  45.015635  45.019391   0.003757    38.3945    38.3978     0.0034  1030.3240  1030.3265     0.0025     6.8059 5.8141e+02 1.0000e-12     0.2214 5.3766e-02      7.476    307.422    38.3939    38.3973     0.0034  1030.3236    28.9601  1030.3261    28.9626     0.0025     0.0025        117 0.0000e+00
   39.00012    0.47984    312.376    315.000    13.4505    13.4512     0.0007  45.152261  45.156947   0.004683    38.4255    38.4292     0.0038  1030.3496  1030.3523     0.0028     6.5374 5.7973e+02 1.0000e-12     0.2193 4.9112e-02      8.847    312.377    38.4271    38.4309     0.0038  1030.3508    28.9661  1030.3536    28.9689     0.0028     0.0028        133 0.0000e+00
   39.00012    0.47984    317.330    320.000    13.5132    13.5137     0.0006  45.243533  45.247863   0.004326    38.4470    38.4506     0.0036  1030.3746  1030.3773     0.0026     6.4022 5.7914e+02 1.0000e-12     0.2258 4.5560e-02     12.093    317.331    38.4489    38.4526     0.0036  1030.3762    28.9699  1030.3788    28.9726     0.0026     0.0026        110 0.0000e+00
   39.00012    0.47984    322.284    325.000    13.5079    13.5082     0.0003  45.240418  45.244290   0.003874    38.4483    38.4517     0.0034  1030.3989  1030.4014     0.0025     6.4333 5.7752e+02 1.0000e-12     0.2272 4.6565e-02     10.247    322.286    38.4491    38.4525     0.0034  1030.3995    28.9714  1030.4020    28.9739     0.0025     0.0025        127 0.0000e+00
   39.00012    0.47984    327.238    330.000    13.4675    13.4678     0.0003  45.193474  45.197209   0.003738    38.4433    38.4466     0.0033  1030.4259  1030.4284     0.0025     6.5350 5.7780e+02 1.0000e-12     0.2255 4.5829e-02      7.778    327.240    38.4427    38.4460     0.0033  1030.4253    28.9750  1030.4279    28.9776     0.0025     0.0025        118 0.0000e+00
   39.00012    0.47984    332.207    335.000    13.5183    13.5184     0.0002  45.270319  45.274366   0.004043    38.4616    38.4652     0.0036  1030.4510  1030.4538     0.0028     6.3244 5.7829e+02 1.0000e-12     0.2219 4.4369e-02      9.572    332.194    38.4627    38.4664     0.0036  1030.4518    28.9800  1030.4547    28.9829     0.0028     0.0028         79 0.0000e+00
   39.00012    0.47984    337.148    340.000    13.5338    13.5342     0.0004  45.295110  45.298984   0.003860    38.4677    38.4710     0.0033  1030.4743  1030.4768     0.0024     6.3029 5.7863e+02 1.0000e-12     0.2276 4.4639e-02     10.820    337.148    38.4684    38.4717     0.0033  1030.4749    28.9813  1030.4774    28.9838     0.0024     0.0024         84 0.0000e+00
   39.00013    0.47984    342.106    345.000    13.5285    13.5285     0.0004  45.293942  45.297259   0.003323    38.4703    38.4735     0.0032  1030.4996  1030.5021     0.0024     6.3014 5.7679e+02 1.0000e-12     0.2267 4.4872e-02      9.806    342.102    38.4705    38.4736     0.0032  1030.4997    28.9842  1030.5022    28.9866     0.0024     0.0024        123 0.0000e+00
   39.00014    0.47984    347.050    350.000    13.5523    13.5527     0.0001  45.333708  45.337234   0.003501    38.4815    38.4848     0.0033  1030.5250  1030.5276     0.0026     6.1801 5.7574e+02 1.0000e-12     0.2254 4.4972e-02     10.017    347.056    38.4817    38.4852     0.0033  1030.5250    28.9880  1030.5278    28.9906     0.0026     0.0026        101 0.0000e+00
   39.00014    0.47982    352.011    355.000    13.5834    13.5840     0.0005  45.384873  45.389104   0.004229    38.4964    38.4999     0.0035  1030.5518  1030.5544     0.0026     6.0581 5.7565e+02 1.0000e-12     0.2287 4.2807e-02     11.401    352.010    38.4974    38.5009     0.0035  1030.5526    28.9937  1030.5552    28.9963     0.0026     0.0026        115 0.0000e+00
   39.00014    0.47982    356.966    360.000    13.5808    13.5814     0.0006  45.388147  45.392402   0.004252    38.5006    38.5040     0.0034  1030.5777  1030.5802     0.0025     6.0667 5.7553e+02 1.0000e-12     0.2279 4.2712e-02      9.730    356.963    38.5009    38.5043     0.0034  1030.5779    28.9971  1030.5804    28.9997     0.0025     0.0025        127 0.0000e+00
   39.00016    0.47982    361.913    365.000    13.5896    13.5896    -0.0001  45.406459  45.409767   0.003322    38.5068    38.5101     0.0033  1030.6025  1030.6051     0.0025     6.0001 5.7504e+02 1.0000e-12     0.2262 4.2374e-02      9.658    361.917    38.5072    38.5104     0.0033  1030.6029    29.0003  1030.6054    29.0029     0.0025     0.0025         94 0.0000e+00
   39.00016    0.47981    366.869    370.000    13.5864    13.5871     0.0007  45.408261  45.412539   0.004267    38.5099    38.5133     0.0034  1030.6277  1030.6302     0.0025     5.9796 5.7575e+02 1.0000e-12     0.2250 4.1811e-02     10.116    366.870    38.5099    38.5134     0.0034  1030.6277    29.0033  1030.6302    29.0058     0.0025     0.0025        101 0.0000e+00
   39.00017    0.47980    371.820    375.000    13.5985    13.5984    -0.0001  45.430133  45.433409   0.003287    38.5161    38.5193     0.0032  1030.6519  1030.6544     0.0025     5.9537 5.7415e+02 1.0000e-12     0.2235 4.2263e-02      9.442    371.823    38.5164    38.5197     0.0032  1030.6521    29.0059  1030.6546    29.0084     0.0025     0.0025         82 0.0000e+00
   39.00018    0.47980    376.791    380.000    13.6020    13.6029     0.0009  45.442284  45.446916   0.004617    38.5221    38.5255     0.0035  1030.6778  1030.6803     0.0025     5.9271 5.7464e+02 1.0000e-12     0.2273 4.0772e-02     11.613    376.776    38.5222    38.5257     0.0035  1030.6779    29.0098  1030.6804    29.0124     0.0025     0.0025         65 0.0000e+00
   39.00020    0.47980    381.735    385.000    13.6136    13.6141     0.0005  45.465751  45.469960   0.004208    38.5302    38.5337     0.0035  1030.7035  1030.7060     0.0026     5.8842 5.7343e+02 1.0000e-12     0.2310 4.0292e-02     11.047    381.729    38.5306    38.5341     0.0035  1030.7038    29.0140  1030.7064    29.0166     0.0026     0.0026         73 0.0000e+00
   39.00023    0.47980    386.687    390.000    13.6160    13.6166     0.0006  45.475544  45.479928   0.004384    38.5351    38.5386     0.0035  1030.7287  1030.7313     0.0026     5.8798 5.7346e+02 1.0000e-12     0.2325 4.0678e-02     12.052    386.682    38.5353    38.5389     0.0035  1030.7289    29.0173  1030.7315    29.0200     0.0026     0.0026         66 0.0000e+00
   39.00026    0.47978    391.645    395.000    13.6050    13.6056     0.0006  45.466415  45.470824   0.004412    38.5356    38.5393     0.0037  1030.7536  1030.7563     0.0027     5.8963 5.7237e+02 1.0000e-12     0.2321 4.0841e-02     12.317    391.635    38.5354    38.5391     0.0036  1030.7534    29.0199  1030.7561    29.0226     0.0027     0.0027         93 0.0000e+00
   39.00029    0.47978    396.586    400.000    13.5893    13.5899     0.0006  45.451028  45.455144   0.004116    38.5347    38.5381     0.0034  1030.7783  1030.7808     0.0025     5.9231 5.7195e+02 1.0000e-12     0.2288 4.1128e-02     12.982    396.588    38.5344    38.5377     0.0034  1030.7781    29.0226  1030.7805    29.0251     0.0025     0.0025        135 0.0000e+00
   39.00031    0.47978    401.539    405.000    13.5942    13.5947     0.0005  45.462862  45.467003   0.004143    38.5386    38.5421     0.0035  1030.8023  1030.8048     0.0026     5.8841 5.7198e+02 1.0000e-12     0.2256 4.1574e-02      9.992    401.540    38.5385    38.5420     0.0035  1030.8022    29.0249  1030.8048    29.0275     0.0026     0.0026        138 0.0000e+00
   39.00032    0.47978    406.490    410.000    13.5921    13.5927     0.0006  45.466207  45.470418   0.004210    38.5417    38.5451     0.0034  1030.8271  1030.8296     0.0025     5.8582 5.7112e+02 1.0000e-12     0.2248 4.0497e-02      9.441    406.492    38.5416    38.5450     0.0034  1030.8270    29.0279  1030.8296    29.0304     0.0025     0.0025        121 0.0000e+00
   39.00034    0.47976    411.447    415.000    13.5943    13.5948     0.0005  45.475628  45.479900   0.004273    38.5461    38.5496     0.0036  1030.8520  1030.8547     0.0027     5.8266 5.6997e+02 1.0000e-12     0.2182 4.0478e-02      8.279    411.445    38.5461    38.5497     0.0036  1030.8520    29.0311  1030.8547    29.0337     0.0027     0.0027        119 0.0000e+00
   39.00034    0.47976    416.395    420.000    13.6238    13.6242     0.0004  45.523020  45.527145   0.004128    38.5587    38.5622     0.0035  1030.8773  1030.8799     0.0027     5.7512 5.7015e+02 1.0000e-12     0.2182 4.1353e-02      8.924    416.397    38.5593    38.5628     0.0035  1030.8777    29.0352  1030.8804    29.0379     0.0027     0.0027        125 0.0000e+00
   39.00033    0.47976    421.352    425.000    13.6342    13.6348     0.0006  45.541490  45.545810   0.004317    38.5637    38.5673     0.0036  1030.9009  1030.9035     0.0026     5.7263 5.7093e+02 1.0000e-12     0.2243 3.9616e-02     12.975    421.349    38.5642    38.5677     0.0036  1030.9012    29.0369  1030.9038    29.0396     0.0026     0.0026        128 0.0000e+00
