example data/fromGithub/from cmunozmas_plot_raw_ctd/ds2_04.cnv
* Sea-Bird SBE 9 Data File:
* FileName = C:\OCEANO\CTD\DATOS\2019-02_SOCIB CanalesWinter19\S_04.hex
* Software Version Seasave V 7.26.7.121
* Temperature SN = 5391
* Conductivity SN = 3718
* Number of Bytes Per Scan = 40
* Number of Voltage Words = 5
* Number of Scans Averaged by the Deck Unit = 1
* NMEA Latitude = 38 59.96 N
* NMEA Longitude = 000 51.77 E
* NMEA UTC (Time) = Mar 06 2019  12:45:19
* NMEA baud rate = 4800
** Ship:B/O SOCIB
** Cruise: SOCIB-Canales Winter19
** Station: S2_ 04
** Date:  2019/03/06
** Time (UTC):  12:44
** Bottom Depth (m):  833
** Operator: NCW JBM
# nquan = 34
# nvalues = 167                         
# units = specified
# name 0 = latitude: Latitude [deg]
# name 1 = longitude: Longitude [deg]
# name 2 = depSM: Depth [salt water, m]
# name 3 = prDM: Pressure, Digiquartz [db]
# name 4 = t090C: Temperature [ITS-90, deg C]
# name 5 = t190C: Temperature, 2 [ITS-90, deg C]
# name 6 = T2-T190C: Temperature Difference, 2 - 1 [ITS-90, deg C]
# name 7 = c0mS/cm: Conductivity [mS/cm]
# name 8 = c1mS/cm: Conductivity, 2 [mS/cm]
# name 9 = C2-C1mS/cm: Conductivity Difference, 2 - 1 [mS/cm]
# name 10 = sal00: Salinity, Practical [PSU]
# name 11 = sal11: Salinity, Practical, 2 [PSU]
# name 12 = secS-priS: Salinity, Practical, Difference, 2 - 1 [PSU]
# name 13 = density00: Density [density, kg/m^3]
# name 14 = density11: Density, 2 [density, kg/m^3]
# name 15 = D2-D1,d: Density Difference, 2 - 1 [density, kg/m^3]
# name 16 = sbeox0Mg/L: Oxygen, SBE 43 [mg/l]
# name 17 = spar: SPAR/Surface Irradiance
# name 18 = par: PAR/Irradiance, Biospherical/Licor
# name 19 = CStarAt0: Beam Attenuation, WET Labs C-Star [1/m]
# name 20 = flSP: Fluorescence, Seapoint
# name 21 = seaTurbMtr: Turbidity, Seapoint [FTU]
# name 22 = depSM: Depth [salt water, m], lat = 38.9993
# name 23 = sal00: Salinity, Practical [PSU]
# name 24 = sal11: Salinity, Practical, 2 [PSU]
# name 25 = secS-priS: Salinity, Practical, Difference, 2 - 1 [PSU]
# name 26 = density00: Density [density, kg/m^3]
# name 27 = sigma-é00: Density [sigma-theta, kg/m^3]
# name 28 = density11: Density, 2 [density, kg/m^3]
# name 29 = sigma-é11: Density, 2 [sigma-theta, kg/m^3]
# name 30 = D2-D1,d: Density Difference, 2 - 1 [density, kg/m^3]
# name 31 = D2-D1: Density Difference, 2 - 1 [sigma-theta, kg/m^3]
# name 32 = nbin: number of scans per bin
# name 33 = flag: flag
# span 0 =   39.00099,   39.00318       
# span 1 =    0.86682,    0.86760       
# span 2 =      4.965,    827.038       
# span 3 =      5.000,    835.000       
# span 4 =    13.1508,    14.2632       
# span 5 =    13.1512,    14.2635       
# span 6 =    -0.0005,     0.0017       
# span 7 =  45.038173,  45.702481       
# span 8 =  45.042237,  45.706474       
# span 9 =   0.002893,   0.005397       
# span 10 =    38.2539,    38.5842      
# span 11 =    38.2571,    38.5875      
# span 12 =     0.0031,     0.0036      
# span 13 =  1028.6854,  1032.7617      
# span 14 =  1028.6880,  1032.7644      
# span 15 =     0.0021,     0.0027      
# span 16 =     5.5892,     7.8302      
# span 17 = 6.8913e+02, 8.2432e+02      
# span 18 = -2.315e-05, 3.0359e+02      
# span 19 =     0.1995,     0.4184      
# span 20 = 3.5740e-02, 1.1369e+00      
# span 21 =      3.274,     21.292      
# span 22 =      4.962,    827.012      
# span 23 =    38.2505,    38.5842      
# span 24 =    38.2537,    38.5876      
# span 25 =     0.0031,     0.0036      
# span 26 =  1028.6853,  1032.7615      
# span 27 =    28.6634,    29.1066      
# span 28 =  1028.6880,  1032.7641      
# span 29 =    28.6660,    29.1093      
# span 30 =     0.0021,     0.0027      
# span 31 =     0.0021,     0.0027      
# span 32 =         53,        205      
# span 33 = 0.0000e+00, 0.0000e+00      
# interval = decibars: 5                
# start_time = Mar 06 2019 12:45:19 [NMEA time, header]
# bad_flag = -9.990e-29
*END*
[from data line 43]
   39.00155    0.86716    218.222    220.000    13.5743    13.5747     0.0004  45.333790  45.337749   0.003961    38.5185    38.5219     0.0034  1029.9753  1029.9778     0.0025     5.9671 7.3949e+02 1.0000e-12     0.2089 4.2700e-02      5.555    218.218    38.5186    38.5220     0.0034  1029.9753    29.0079  1029.9778    29.0104     0.0025     0.0025        131 0.0000e+00
   39.00157    0.86717    223.175    225.000    13.5666    13.5669     0.0003  45.332902  45.336695   0.003797    38.5234    38.5267     0.0033  1030.0027  1030.0053     0.0025     5.9434 7.3821e+02 1.0000e-12     0.2089 4.3034e-02      7.050    223.175    38.5232    38.5266     0.0033  1030.0026    29.0132  1030.0052    29.0158     0.0025     0.0025        129 0.0000e+00
   39.00159    0.86718    228.130    230.000    13.5570    13.5574     0.0004  45.331115  45.334970   0.003853    38.5291    38.5325     0.0033  1030.0314  1030.0339     0.0025     5.9301 7.3723e+02 1.0000e-12     0.2076 4.1047e-02      5.093    228.131    38.5289    38.5323     0.0033  1030.0312    29.0198  1030.0337    29.0223     0.0025     0.0025        122 0.0000e+00
   39.00161    0.86719    233.087    235.000    13.5419    13.5423     0.0004  45.318546  45.322431   0.003884    38.5304    38.5337     0.0033  1030.0577  1030.0602     0.0025     5.9314 7.3694e+02 1.0000e-12     0.2063 4.0931e-02      5.044    233.088    38.5300    38.5333     0.0033  1030.0574    29.0240  1030.0599    29.0265     0.0025     0.0025        138 0.0000e+00
   39.00162    0.86720    238.043    240.000    13.5462    13.5463     0.0001  45.330950  45.334503   0.003560    38.5352    38.5386     0.0033  1030.0826  1030.0852     0.0025     5.9028 7.3735e+02 1.0000e-12     0.2055 4.1369e-02      4.505    238.044    38.5352    38.5385     0.0033  1030.0826    29.0273  1030.0851    29.0298     0.0025     0.0025        122 0.0000e+00
   39.00164    0.86721    243.000    245.000    13.5735    13.5739     0.0004  45.373680  45.377775   0.004089    38.5457    38.5492     0.0035  1030.1069  1030.1095     0.0026     5.8467 7.3805e+02 1.0000e-12     0.2054 4.2316e-02      5.074    243.001    38.5462    38.5497     0.0035  1030.1072    29.0302  1030.1099    29.0328     0.0026     0.0026        125 0.0000e+00
   39.00166    0.86722    247.962    250.000    13.5951    13.5956     0.0005  45.409607  45.413646   0.004036    38.5557    38.5591     0.0034  1030.1320  1030.1346     0.0025     5.8003 7.4113e+02 1.0000e-12     0.2064 4.0660e-02      4.709    247.957    38.5564    38.5598     0.0034  1030.1325    29.0337  1030.1350    29.0362     0.0025     0.0025        132 0.0000e+00
   39.00167    0.86722    252.910    255.000    13.6108    13.6112     0.0004  45.434756  45.438629   0.003873    38.5617    38.5651     0.0033  1030.1553  1030.1578     0.0025     5.7774 7.4443e+02 1.0000e-12     0.2063 4.0636e-02      4.840    252.913    38.5623    38.5656     0.0033  1030.1557    29.0351  1030.1582    29.0376     0.0025     0.0025        129 0.0000e+00
   39.00169    0.86722    257.869    260.000    13.6134    13.6138     0.0004  45.442047  45.446020   0.003972    38.5640    38.5674     0.0034  1030.1786  1030.1811     0.0025     5.7649 7.5390e+02 1.0000e-12     0.2068 4.0915e-02      4.538    257.869    38.5643    38.5677     0.0034  1030.1788    29.0362  1030.1813    29.0388     0.0025     0.0025        127 0.0000e+00
   39.00170    0.86722    262.824    265.000    13.6136    13.6141     0.0005  45.445795  45.449799   0.004002    38.5653    38.5687     0.0033  1030.2017  1030.2041     0.0024     5.7757 7.6267e+02 1.0000e-12     0.2069 4.0155e-02      4.533    262.825    38.5655    38.5688     0.0033  1030.2018    29.0373  1030.2042    29.0397     0.0024     0.0024        113 0.0000e+00
   39.00172    0.86722    267.783    270.000    13.6007    13.6014     0.0006  45.434954  45.439133   0.004176    38.5660    38.5694     0.0034  1030.2271  1030.2295     0.0025     5.7660 7.7294e+02 1.0000e-12     0.2057 3.9592e-02      4.406    267.781    38.5659    38.5692     0.0034  1030.2269    29.0404  1030.2294    29.0429     0.0025     0.0025        143 0.0000e+00
   39.00174    0.86722    272.733    275.000    13.5888    13.5896     0.0007  45.425169  45.429484   0.004310    38.5666    38.5699     0.0033  1030.2521  1030.2545     0.0024     5.7659 7.8141e+02 1.0000e-12     0.2046 3.9174e-02      4.072    272.736    38.5663    38.5696     0.0033  1030.2519    29.0435  1030.2543    29.0459     0.0024     0.0024        117 0.0000e+00
   39.00175    0.86722    277.692    280.000    13.6042    13.6043     0.0003  45.453039  45.456503   0.003475    38.5749    38.5781     0.0032  1030.2773  1030.2798     0.0025     5.7294 7.9077e+02 1.0000e-12     0.2031 3.8828e-02      3.757    277.692    38.5751    38.5783     0.0032  1030.2775    29.0472  1030.2799    29.0497     0.0025     0.0025        123 0.0000e+00
   39.00177    0.86720    282.648    285.000    13.6157    13.6162     0.0005  45.473548  45.477505   0.003956    38.5805    38.5838     0.0033  1030.3012  1030.3036     0.0024     5.6896 7.9294e+02 1.0000e-12     0.2009 3.7698e-02      3.782    282.647    38.5808    38.5841     0.0033  1030.3014    29.0493  1030.3039    29.0518     0.0024     0.0024        129 0.0000e+00
   39.00179    0.86720    287.603    290.000    13.6169    13.6173     0.0004  45.479848  45.483775   0.003927    38.5832    38.5865     0.0033  1030.3251  1030.3275     0.0025     5.6885 7.8969e+02 1.0000e-12     0.2006 3.8103e-02      3.766    287.602    38.5834    38.5867     0.0033  1030.3252    29.0512  1030.3277    29.0537     0.0025     0.0025        130 0.0000e+00
   39.00180    0.86720    292.555    295.000    13.6173    13.6178     0.0005  45.483584  45.487591   0.004006    38.5842    38.5875     0.0033  1030.3478  1030.3502     0.0025     5.6868 7.7645e+02 1.0000e-12     0.2001 3.8193e-02      3.532    292.557    38.5842    38.5876     0.0033  1030.3478    29.0520  1030.3503    29.0544     0.0025     0.0025        129 0.0000e+00
   39.00182    0.86719    297.513    300.000    13.6114    13.6119     0.0005  45.478684  45.482683   0.003998    38.5834    38.5867     0.0033  1030.3705  1030.3729     0.0024     5.6850 7.6909e+02 1.0000e-12     0.2006 3.7420e-02      3.510    297.512    38.5833    38.5866     0.0033  1030.3704    29.0526  1030.3728    29.0551     0.0024     0.0024        124 0.0000e+00
   39.00183    0.86717    302.469    305.000    13.5944    13.5950     0.0005  45.460186  45.464202   0.004017    38.5809    38.5842     0.0033  1030.3943  1030.3968     0.0025     5.7012 7.7016e+02 1.0000e-12     0.2002 3.7892e-02      3.429    302.467    38.5805    38.5838     0.0033  1030.3940    29.0543  1030.3965    29.0567     0.0025     0.0025        128 0.0000e+00
   39.00184    0.86716    307.418    310.000    13.5890    13.5895     0.0005  45.456599  45.460544   0.003945    38.5806    38.5839     0.0033  1030.4173  1030.4198     0.0024     5.6977 7.7426e+02 1.0000e-12     0.2001 3.7342e-02      3.523    307.422    38.5804    38.5837     0.0033  1030.4172    29.0555  1030.4196    29.0579     0.0024     0.0024        111 0.0000e+00
   39.00185    0.86714    312.375    315.000    13.5890    13.5903     0.0012  45.459939  45.464793   0.004838    38.5813    38.5847     0.0034  1030.4399  1030.4423     0.0023     5.7028 7.8115e+02 1.0000e-12     0.2002 3.7709e-02      3.488    312.377    38.5812    38.5846     0.0034  1030.4399    29.0563  1030.4422    29.0587     0.0023     0.0023         93 0.0000e+00
   39.00186    0.86712    317.331    320.000    13.5740    13.5747     0.0007  45.443637  45.447884   0.004251    38.5790    38.5823     0.0034  1030.4634  1030.4659     0.0025     5.7163 7.8141e+02 1.0000e-12     0.2002 3.7543e-02      3.274    317.331    38.5786    38.5820     0.0034  1030.4632    29.0576  1030.4656    29.0601     0.0025     0.0025        126 0.0000e+00
   39.00187    0.86711    322.287    325.000    13.5473    13.5482     0.0009  45.412163  45.416581   0.004418    38.5740    38.5773     0.0033  1030.4875  1030.4898     0.0024     5.7242 7.7993e+02 1.0000e-12     0.2002 3.7252e-02      3.385    322.286    38.5733    38.5766     0.0033  1030.4869    29.0593  1030.4893    29.0617     0.0024     0.0024         95 0.0000e+00
   39.00188    0.86710    327.240    330.000    13.5413    13.5419     0.0006  45.407744  45.411945   0.004209    38.5734    38.5768     0.0034  1030.5104  1030.5129     0.0025     5.7199 7.7825e+02 1.0000e-12     0.1995 3.7648e-02      3.954    327.240    38.5729    38.5763     0.0034  1030.5100    29.0604  1030.5125    29.0629     0.0025     0.0025        127 0.0000e+00
   39.00188    0.86708    332.193    335.000    13.5500    13.5500     0.0000  45.422515  45.425936   0.003436    38.5760    38.5793     0.0033  1030.5325  1030.5351     0.0026     5.7051 7.7630e+02 1.0000e-12     0.2004 3.7566e-02      3.400    332.194    38.5760    38.5792     0.0033  1030.5325    29.0611  1030.5350    29.0636     0.0026     0.0026        117 0.0000e+00
   39.00188    0.86706    337.147    340.000    13.5553    13.5558     0.0005  45.433586  45.437687   0.004099    38.5789    38.5823     0.0034  1030.5557  1030.5581     0.0025     5.6917 7.7436e+02 1.0000e-12     0.2002 3.7489e-02      3.378    337.148    38.5790    38.5823     0.0034  1030.5557    29.0625  1030.5582    29.0650     0.0025     0.0025        111 0.0000e+00
   39.00188    0.86705    342.106    345.000    13.5531    13.5536     0.0005  45.434395  45.438384   0.003989    38.5797    38.5830     0.0033  1030.5788  1030.5813     0.0025     5.6904 7.7343e+02 1.0000e-12     0.2007 3.8046e-02      4.274    342.102    38.5797    38.5830     0.0033  1030.5788    29.0637  1030.5813    29.0661     0.0025     0.0025        111 0.0000e+00
   39.00188    0.86703    347.053    350.000    13.5493    13.5498     0.0004  45.433067  45.437022   0.003956    38.5801    38.5834     0.0033  1030.6019  1030.6044     0.0025     5.6773 7.7425e+02 1.0000e-12     0.2013 3.7336e-02      3.705    347.056    38.5800    38.5833     0.0033  1030.6019    29.0648  1030.6043    29.0673     0.0025     0.0025        125 0.0000e+00
   39.00186    0.86702    352.010    355.000    13.5439    13.5444     0.0004  45.429394  45.433436   0.004042    38.5798    38.5833     0.0034  1030.6250  1030.6275     0.0025     5.6732 7.6972e+02 1.0000e-12     0.2010 3.7813e-02      4.281    352.010    38.5797    38.5831     0.0034  1030.6249    29.0659  1030.6274    29.0685     0.0025     0.0025        136 0.0000e+00
   39.00186    0.86700    356.961    360.000    13.5347    13.5354     0.0008  45.420822  45.425227   0.004414    38.5789    38.5823     0.0034  1030.6483  1030.6507     0.0025     5.6635 7.6604e+02 1.0000e-12     0.2013 3.7649e-02      3.609    356.963    38.5785    38.5819     0.0034  1030.6478    29.0671  1030.6504    29.0696     0.0025     0.0025        108 0.0000e+00
   39.00184    0.86699    361.921    365.000    13.5252    13.5256     0.0004  45.412571  45.416600   0.004027    38.5784    38.5818     0.0034  1030.6720  1030.6746     0.0026     5.6673 7.6259e+02 1.0000e-12     0.2014 3.7659e-02      3.567    361.917    38.5781    38.5815     0.0034  1030.6718    29.0689  1030.6743    29.0715     0.0026     0.0026        121 0.0000e+00
   39.00184    0.86698    366.864    370.000    13.5212    13.5217     0.0005  45.411041  45.415205   0.004161    38.5786    38.5820     0.0035  1030.6950  1030.6976     0.0026     5.6597 7.5754e+02 1.0000e-12     0.2006 3.7639e-02      3.496    366.870    38.5783    38.5818     0.0035  1030.6949    29.0702  1030.6975    29.0727     0.0026     0.0026        116 0.0000e+00
   39.00184    0.86697    371.826    375.000    13.5165    13.5172     0.0007  45.408292  45.412512   0.004217    38.5784    38.5818     0.0033  1030.7180  1030.7204     0.0024     5.6479 7.5543e+02 1.0000e-12     0.2006 3.7881e-02      3.751    371.823    38.5782    38.5816     0.0033  1030.7178    29.0712  1030.7203    29.0737     0.0024     0.0024         94 0.0000e+00
   39.00184    0.86696    376.777    380.000    13.5116    13.5121     0.0005  45.405402  45.409653   0.004253    38.5784    38.5820     0.0036  1030.7411  1030.7437     0.0026     5.6456 7.5182e+02 1.0000e-12     0.2050 3.7022e-02      4.482    376.776    38.5782    38.5818     0.0036  1030.7409    29.0724  1030.7436    29.0751     0.0026     0.0026        112 0.0000e+00
   39.00182    0.86695    381.730    385.000    13.5051    13.5057     0.0006  45.400459  45.404643   0.004182    38.5780    38.5814     0.0034  1030.7642  1030.7667     0.0025     5.6469 7.4989e+02 1.0000e-12     0.2076 3.7032e-02      5.108    381.729    38.5778    38.5812     0.0034  1030.7640    29.0736  1030.7666    29.0761     0.0025     0.0025        128 0.0000e+00
   39.00183    0.86694    386.679    390.000    13.4959    13.4965     0.0006  45.391709  45.395959   0.004249    38.5768    38.5803     0.0035  1030.7873  1030.7899     0.0025     5.6494 7.4712e+02 1.0000e-12     0.2091 3.7101e-02      5.169    386.682    38.5766    38.5800     0.0035  1030.7871    29.0748  1030.7897    29.0773     0.0025     0.0025        124 0.0000e+00
   39.00183    0.86694    391.636    395.000    13.4869    13.4875     0.0006  45.383149  45.387362   0.004213    38.5755    38.5789     0.0034  1030.8103  1030.8128     0.0025     5.6519 7.4394e+02 1.0000e-12     0.2111 3.7455e-02      5.444    391.635    38.5752    38.5786     0.0034  1030.8101    29.0758  1030.8126    29.0783     0.0025     0.0025        120 0.0000e+00
   39.00183    0.86693    396.589    400.000    13.4806    13.4812     0.0005  45.377667  45.381806   0.004139    38.5744    38.5778     0.0034  1030.8328  1030.8353     0.0025     5.6650 7.4282e+02 1.0000e-12     0.2114 3.6781e-02      5.430    396.588    38.5741    38.5775     0.0034  1030.8326    29.0764  1030.8351    29.0789     0.0025     0.0025        141 0.0000e+00
   39.00182    0.86692    401.541    405.000    13.4783    13.4787     0.0004  45.377573  45.381568   0.003998    38.5742    38.5776     0.0034  1030.8552  1030.8578     0.0025     5.6562 7.4320e+02 1.0000e-12     0.2105 3.7197e-02      5.430    401.540    38.5741    38.5775     0.0034  1030.8551    29.0770  1030.8576    29.0796     0.0025     0.0025        123 0.0000e+00
   39.00182    0.86691    406.492    410.000    13.4755    13.4761     0.0006  45.376741  45.380920   0.004177    38.5740    38.5774     0.0034  1030.8777  1030.8802     0.0025     5.6572 7.4472e+02 1.0000e-12     0.2122 3.7257e-02      5.547    406.492    38.5739    38.5773     0.0034  1030.8776    29.0776  1030.8801    29.0802     0.0025     0.0025        134 0.0000e+00
   39.00182    0.86690    411.437    415.000    13.4720    13.4727     0.0007  45.374826  45.379164   0.004334    38.5735    38.5769     0.0034  1030.9001  1030.9025     0.0025     5.6589 7.4739e+02 1.0000e-12     0.2128 3.7460e-02      5.820    411.445    38.5734    38.5768     0.0034  1030.9000    29.0781  1030.9025    29.0806     0.0025     0.0025         97 0.0000e+00
   39.00182    0.86689    416.398    420.000    13.4680    13.4687     0.0007  45.372600  45.376916   0.004315    38.5731    38.5766     0.0034  1030.9227  1030.9252     0.0025     5.6564 7.4829e+02 1.0000e-12     0.2156 3.7221e-02      6.374    416.397    38.5730    38.5764     0.0034  1030.9226    29.0788  1030.9250    29.0813     0.0025     0.0025        100 0.0000e+00
   39.00181    0.86688    421.351    425.000    13.4673    13.4677     0.0005  45.374591  45.378641   0.004054    38.5735    38.5769     0.0034  1030.9451  1030.9477     0.0025     5.6591 7.4611e+02 1.0000e-12     0.2153 3.6939e-02      6.312    421.349    38.5735    38.5768     0.0034  1030.9451    29.0795  1030.9476    29.0820     0.0025     0.0025        130 0.0000e+00
