example data/fromGithub/from cmunozmas_plot_raw_ctd/ds2_03.cnv
* Sea-Bird SBE 9 Data File:
* FileName = C:\OCEANO\CTD\DATOS\2019-02_SOCIB CanalesWinter19\S_03.hex
* Software Version Seasave V 7.26.7.121
* Temperature SN = 5391
* Conductivity SN = 3718
* Number of Bytes Per Scan = 40
* Number of Voltage Words = 5
* Number of Scans Averaged by the Deck Unit = 1
* NMEA Latitude = 38 59.99 N
* NMEA Longitude = 000 59.57 E
* NMEA UTC (Time) = Mar 06 2019  13:55:55
* NMEA baud rate = 4800
** Ship:B/O SOCIB
** Cruise: SOCIB-Canales Winter19
** Station: S2_ 03
** Date:  2019/03/06
** Time (UTC):  14:00
** Bottom Depth (m):  833
** Operator: NCW PBH
# nquan = 34
# nvalues = 128                         
# units = specified
# name 0 = latitude: Latitude [deg]
# name 1 = longitude: Longitude [deg]
# name 2 = depSM: Depth [salt water, m]
# name 3 = prDM: Pressure, Digiquartz [db]
# name 4 = t090C: Temperature [ITS-90, deg C]
# name 5 = t190C: Temperature, 2 [ITS-90, deg C]
# name 6 = T2-T190C: Temperature Difference, 2 - 1 [ITS-90, deg C]
# name 7 = c0mS/cm: Conductivity [mS/cm]
# name 8 = c1mS/cm: Conductivity, 2 [mS/cm]
# name 9 = C2-C1mS/cm: Conductivity Difference, 2 - 1 [mS/cm]
# name 10 = sal00: Salinity, Practical [PSU]
# name 11 = sal11: Salinity, Practical, 2 [PSU]
# name 12 = secS-priS: Salinity, Practical, Difference, 2 - 1 [PSU]
# name 13 = density00: Density [density, kg/m^3]
# name 14 = density11: Density, 2 [density, kg/m^3]
# name 15 = D2-D1,d: Density Difference, 2 - 1 [density, kg/m^3]
# name 16 = sbeox0Mg/L: Oxygen, SBE 43 [mg/l]
# name 17 = spar: SPAR/Surface Irradiance
# name 18 = par: PAR/Irradiance, Biospherical/Licor
# name 19 = CStarAt0: Beam Attenuation, WET Labs C-Star [1/m]
# name 20 = flSP: Fluorescence, Seapoint
# name 21 = seaTurbMtr: Turbidity, Seapoint [FTU]
# name 22 = depSM: Depth [salt water, m], lat = 38.9998
# name 23 = sal00: Salinity, Practical [PSU]
# name 24 = sal11: Salinity, Practical, 2 [PSU]
# name 25 = secS-priS: Salinity, Practical, Difference, 2 - 1 [PSU]
# name 26 = density00: Density [density, kg/m^3]
# name 27 = sigma-é00: Density [sigma-theta, kg/m^3]
# name 28 = density11: Density, 2 [density, kg/m^3]
# name 29 = sigma-é11: Density, 2 [sigma-theta, kg/m^3]
# name 30 = D2-D1,d: Density Difference, 2 - 1 [density, kg/m^3]
# name 31 = D2-D1: Density Difference, 2 - 1 [sigma-theta, kg/m^3]
# name 32 = nbin: number of scans per bin
# name 33 = flag: flag
# span 0 =   39.00245,   39.00338       
# span 1 =    0.99442,    0.99674       
# span 2 =      4.969,    634.185       
# span 3 =      5.000,    640.000       
# span 4 =    13.1505,    14.7098       
# span 5 =    13.1510,    14.7103       
# span 6 =    -0.0035,     0.0019       
# span 7 =  44.961534,  46.077328       
# span 8 =  44.965475,  46.081362       
# span 9 =  -0.001260,   0.004898       
# span 10 =    38.1833,    38.5630      
# span 11 =    38.1867,    38.5662      
# span 12 =     0.0023,     0.0035      
# span 13 =  1028.5160,  1031.9119      
# span 14 =  1028.5185,  1031.9145      
# span 15 =     0.0020,     0.0026      
# span 16 =     5.3642,     7.8004      
# span 17 = 4.6106e+02, 4.9834e+02      
# span 18 = 1.0000e-12, 2.0607e+02      
# span 19 =     0.2094,     0.4592      
# span 20 = 3.6599e-02, 5.6987e-01      
# span 21 =      4.929,     77.802      
# span 22 =      4.962,    634.174      
# span 23 =    38.1834,    38.5630      
# span 24 =    38.1867,    38.5662      
# span 25 =     0.0023,     0.0035      
# span 26 =  1028.5160,  1031.9118      
# span 27 =    28.4941,    29.1047      
# span 28 =  1028.5185,  1031.9143      
# span 29 =    28.4965,    29.1072      
# span 30 =     0.0020,     0.0026      
# span 31 =     0.0020,     0.0026      
# span 32 =         70,        216      
# span 33 = 0.0000e+00, 0.0000e+00      
# interval = decibars: 5                
# start_time = Mar 06 2019 13:55:55 [NMEA time, header]
# bad_flag = -9.990e-29
*END*
[from data line 43]
   39.00290    0.99522    218.217    220.000    13.5033    13.5036     0.0002  45.193778  45.197439   0.003667    38.4566    38.4598     0.0033  1029.9426  1029.9451     0.0025     6.0935 4.7864e+02 1.0000e-12     0.2116 4.0951e-02      6.239    218.218    38.4564    38.4597     0.0033  1029.9425    28.9747  1029.9450    28.9772     0.0025     0.0025        107 0.0000e+00
   39.00290    0.99524    223.176    225.000    13.5081    13.5086     0.0005  45.207411  45.211285   0.003871    38.4624    38.4656     0.0032  1029.9682  1029.9706     0.0023     6.0712 4.7824e+02 1.0000e-12     0.2140 4.1040e-02      5.911    223.175    38.4624    38.4656     0.0032  1029.9682    28.9785  1029.9706    28.9809     0.0024     0.0024        108 0.0000e+00
   39.00290    0.99526    228.132    230.000    13.4871    13.4876     0.0005  45.189310  45.193241   0.003931    38.4645    38.4677     0.0032  1029.9965  1029.9989     0.0024     6.0704 4.7745e+02 1.0000e-12     0.2138 4.0838e-02      5.431    228.131    38.4641    38.4673     0.0032  1029.9962    28.9844  1029.9985    28.9868     0.0024     0.0024        133 0.0000e+00
   39.00292    0.99528    233.086    235.000    13.4853    13.4857     0.0004  45.191693  45.195592   0.003901    38.4661    38.4694     0.0033  1030.0202  1030.0227     0.0025     6.0552 4.7712e+02 1.0000e-12     0.2111 4.0581e-02      5.997    233.088    38.4659    38.4692     0.0033  1030.0201    28.9863  1030.0225    28.9888     0.0025     0.0025        125 0.0000e+00
   39.00291    0.99531    238.047    240.000    13.4784    13.4789     0.0005  45.190340  45.194299   0.003958    38.4695    38.4728     0.0033  1030.0464  1030.0489     0.0024     6.0203 4.7708e+02 1.0000e-12     0.2112 4.0507e-02      5.876    238.044    38.4693    38.4725     0.0033  1030.0462    28.9906  1030.0486    28.9930     0.0024     0.0024        102 0.0000e+00
   39.00290    0.99533    243.002    245.000    13.4781    13.4784     0.0004  45.199467  45.203337   0.003873    38.4762    38.4795     0.0033  1030.0738  1030.0763     0.0025     5.9762 4.7640e+02 1.0000e-12     0.2103 4.0476e-02      5.564    243.001    38.4761    38.4794     0.0033  1030.0737    28.9961  1030.0762    28.9986     0.0025     0.0025        140 0.0000e+00
   39.00290    0.99536    247.957    250.000    13.4824    13.4827     0.0003  45.212694  45.216394   0.003704    38.4820    38.4853     0.0033  1030.0994  1030.1019     0.0025     5.9412 4.7593e+02 1.0000e-12     0.2094 4.0103e-02      6.016    247.957    38.4821    38.4853     0.0033  1030.0995    28.9999  1030.1019    29.0024     0.0025     0.0025        116 0.0000e+00
   39.00288    0.99538    252.913    255.000    13.4885    13.4887     0.0002  45.225582  45.229147   0.003571    38.4859    38.4891     0.0032  1030.1232  1030.1257     0.0024     5.9375 4.7517e+02 1.0000e-12     0.2100 4.0018e-02      4.929    252.913    38.4859    38.4892     0.0032  1030.1232    29.0018  1030.1257    29.0043     0.0024     0.0024        145 0.0000e+00
   39.00288    0.99541    257.864    260.000    13.5384    13.5384    -0.0000  45.301225  45.304605   0.003380    38.5043    38.5076     0.0033  1030.1487  1030.1512     0.0025     5.9117 4.7473e+02 1.0000e-12     0.2109 3.9829e-02      5.606    257.869    38.5056    38.5089     0.0033  1030.1497    29.0067  1030.1522    29.0092     0.0025     0.0025         94 0.0000e+00
   39.00288    0.99542    262.824    265.000    13.5549    13.5562     0.0012  45.331793  45.336716   0.004898    38.5151    38.5185     0.0035  1030.1755  1030.1779     0.0024     5.8897 4.7554e+02 1.0000e-12     0.2135 4.0206e-02      5.819    262.825    38.5160    38.5194     0.0035  1030.1762    29.0114  1030.1786    29.0137     0.0024     0.0024         88 0.0000e+00
   39.00288    0.99544    267.786    270.000    13.5246    13.5249     0.0004  45.297456  45.301174   0.003724    38.5118    38.5150     0.0032  1030.2017  1030.2041     0.0024     5.8692 4.7486e+02 1.0000e-12     0.2126 3.9922e-02      6.000    267.781    38.5115    38.5147     0.0032  1030.2014    29.0145  1030.2038    29.0169     0.0024     0.0024         95 0.0000e+00
   39.00288    0.99546    272.731    275.000    13.5525    13.5524    -0.0001  45.341832  45.345190   0.003371    38.5229    38.5262     0.0033  1030.2262  1030.2288     0.0026     5.8353 4.7397e+02 1.0000e-12     0.2122 3.9752e-02      5.620    272.736    38.5234    38.5267     0.0033  1030.2267    29.0179  1030.2292    29.0205     0.0026     0.0026        116 0.0000e+00
   39.00288    0.99548    277.695    280.000    13.6047    13.6052     0.0005  45.419307  45.423327   0.004014    38.5412    38.5445     0.0033  1030.2511  1030.2536     0.0024     5.8406 4.7333e+02 1.0000e-12     0.2120 3.9480e-02      5.478    277.692    38.5424    38.5457     0.0033  1030.2520    29.0217  1030.2545    29.0242     0.0024     0.0024        138 0.0000e+00
   39.00290    0.99549    282.646    285.000    13.6174    13.6177     0.0003  45.442701  45.446401   0.003700    38.5488    38.5521     0.0032  1030.2763  1030.2787     0.0024     5.8175 4.7307e+02 1.0000e-12     0.2125 3.9817e-02      5.587    282.647    38.5497    38.5529     0.0032  1030.2770    29.0248  1030.2794    29.0273     0.0024     0.0024        122 0.0000e+00
   39.00290    0.99551    287.602    290.000    13.5887    13.5897     0.0010  45.412048  45.416451   0.004389    38.5475    38.5507     0.0032  1030.3036  1030.3058     0.0023     5.7917 4.7278e+02 1.0000e-12     0.2109 3.9839e-02      6.499    287.602    38.5472    38.5504     0.0032  1030.3033    29.0291  1030.3056    29.0314     0.0023     0.0023        121 0.0000e+00
   39.00290    0.99553    292.558    295.000    13.5842    13.5839    -0.0003  45.414844  45.417617   0.002791    38.5522    38.5551     0.0030  1030.3302  1030.3326     0.0024     5.7718 4.7252e+02 1.0000e-12     0.2108 3.8899e-02      6.735    292.557    38.5521    38.5550     0.0030  1030.3302    29.0341  1030.3325    29.0364     0.0024     0.0024        112 0.0000e+00
   39.00290    0.99554    297.515    300.000    13.6006    13.6011     0.0005  45.443865  45.447886   0.004016    38.5607    38.5641     0.0033  1030.3553  1030.3578     0.0025     5.7658 4.7249e+02 1.0000e-12     0.2104 3.9037e-02      5.076    297.512    38.5610    38.5643     0.0033  1030.3555    29.0376  1030.3580    29.0401     0.0025     0.0025        125 0.0000e+00
   39.00291    0.99556    302.463    305.000    13.5967    13.5971     0.0004  45.442635  45.446465   0.003829    38.5615    38.5647     0.0032  1030.3788  1030.3812     0.0024     5.7670 4.7153e+02 1.0000e-12     0.2096 3.9178e-02      5.178    302.467    38.5615    38.5648     0.0032  1030.3789    29.0391  1030.3813    29.0415     0.0024     0.0024        124 0.0000e+00
   39.00292    0.99557    307.424    310.000    13.5776    13.5782     0.0005  45.424965  45.428962   0.003994    38.5621    38.5654     0.0033  1030.4055  1030.4080     0.0024     5.7665 4.7124e+02 1.0000e-12     0.2107 3.8736e-02      5.428    307.422    38.5617    38.5649     0.0033  1030.4052    29.0434  1030.4076    29.0458     0.0024     0.0024        124 0.0000e+00
   39.00292    0.99558    312.377    315.000    13.5760    13.5763     0.0004  45.426035  45.429928   0.003894    38.5623    38.5656     0.0033  1030.4281  1030.4306     0.0025     5.7705 4.7069e+02 1.0000e-12     0.2115 3.9314e-02      5.282    312.377    38.5621    38.5654     0.0033  1030.4279    29.0442  1030.4304    29.0467     0.0025     0.0025        124 0.0000e+00
   39.00292    0.99560    317.330    320.000    13.5730    13.5735     0.0005  45.425197  45.429136   0.003940    38.5622    38.5655     0.0033  1030.4507  1030.4532     0.0024     5.7575 4.7035e+02 1.0000e-12     0.2131 3.9088e-02      5.187    317.331    38.5620    38.5653     0.0033  1030.4506    29.0450  1030.4530    29.0474     0.0024     0.0024        120 0.0000e+00
   39.00292    0.99562    322.284    325.000    13.5606    13.5612     0.0006  45.413569  45.417632   0.004061    38.5616    38.5649     0.0033  1030.4750  1030.4774     0.0024     5.7324 4.6983e+02 1.0000e-12     0.2121 3.8709e-02      5.373    322.286    38.5612    38.5645     0.0033  1030.4747    29.0471  1030.4771    29.0496     0.0024     0.0024        119 0.0000e+00
   39.00294    0.99564    327.238    330.000    13.5372    13.5381     0.0009  45.386830  45.391164   0.004326    38.5576    38.5608     0.0033  1030.4990  1030.5013     0.0023     5.7016 4.7025e+02 1.0000e-12     0.2123 3.8815e-02      5.620    327.240    38.5570    38.5603     0.0033  1030.4986    29.0490  1030.5009    29.0513     0.0023     0.0023        101 0.0000e+00
   39.00294    0.99566    332.200    335.000    13.5105    13.5109     0.0005  45.355128  45.359243   0.004125    38.5524    38.5559     0.0035  1030.5230  1030.5255     0.0026     5.6625 4.6964e+02 1.0000e-12     0.2129 3.9160e-02      6.379    332.194    38.5515    38.5550     0.0035  1030.5222    29.0505  1030.5248    29.0531     0.0026     0.0026        102 0.0000e+00
   39.00294    0.99567    337.146    340.000    13.5100    13.5104     0.0004  45.357982  45.361772   0.003798    38.5528    38.5561     0.0033  1030.5454  1030.5478     0.0024     5.6579 4.6898e+02 1.0000e-12     0.2135 3.7923e-02      5.701    337.148    38.5525    38.5558     0.0033  1030.5451    29.0515  1030.5476    29.0540     0.0024     0.0024        112 0.0000e+00
   39.00295    0.99568    342.107    345.000    13.4948    13.4955     0.0008  45.341493  45.345873   0.004374    38.5504    38.5538     0.0034  1030.5689  1030.5714     0.0025     5.6172 4.6863e+02 1.0000e-12     0.2134 3.8916e-02      5.955    342.102    38.5499    38.5533     0.0034  1030.5685    29.0529  1030.5710    29.0554     0.0025     0.0025        129 0.0000e+00
   39.00296    0.99570    347.054    350.000    13.4562    13.4567     0.0006  45.296485  45.300545   0.004062    38.5446    38.5479     0.0033  1030.5948  1030.5972     0.0024     5.5196 4.6822e+02 1.0000e-12     0.2161 3.8598e-02      7.107    347.056    38.5436    38.5469     0.0033  1030.5941    29.0564  1030.5965    29.0588     0.0024     0.0024        128 0.0000e+00
   39.00296    0.99572    352.008    355.000    13.4462    13.4467     0.0005  45.288157  45.292085   0.003930    38.5441    38.5473     0.0032  1030.6187  1030.6210     0.0024     5.5030 4.6810e+02 1.0000e-12     0.2196 3.8338e-02      7.296    352.010    38.5435    38.5467     0.0032  1030.6182    29.0585  1030.6206    29.0609     0.0024     0.0024        124 0.0000e+00
   39.00294    0.99574    356.965    360.000    13.4537    13.4542     0.0006  45.302071  45.305947   0.003877    38.5471    38.5504     0.0034  1030.6414  1030.6439     0.0025     5.5274 4.6717e+02 1.0000e-12     0.2217 3.8088e-02      7.552    356.963    38.5469    38.5504     0.0034  1030.6412    29.0598  1030.6437    29.0623     0.0025     0.0025        136 0.0000e+00
   39.00294    0.99576    361.916    365.000    13.4869    13.4875     0.0006  45.352704  45.356896   0.004190    38.5590    38.5623     0.0034  1030.6653  1030.6678     0.0025     5.5958 4.6759e+02 1.0000e-12     0.2199 3.8058e-02      6.776    361.917    38.5596    38.5630     0.0034  1030.6658    29.0627  1030.6683    29.0652     0.0025     0.0025        118 0.0000e+00
   39.00294    0.99576    366.870    370.000    13.4638    13.4645     0.0007  45.326583  45.330882   0.004298    38.5559    38.5593     0.0034  1030.6901  1030.6926     0.0025     5.5355 4.6688e+02 1.0000e-12     0.2185 3.8189e-02      6.924    366.870    38.5557    38.5591     0.0034  1030.6899    29.0647  1030.6924    29.0672     0.0025     0.0025        141 0.0000e+00
   39.00294    0.99578    371.821    375.000    13.4607    13.4612     0.0005  45.325537  45.329583   0.004048    38.5557    38.5591     0.0034  1030.7126  1030.7151     0.0025     5.5285 4.6634e+02 1.0000e-12     0.2206 3.9194e-02      7.357    371.823    38.5556    38.5589     0.0033  1030.7125    29.0655  1030.7150    29.0679     0.0025     0.0025        131 0.0000e+00
   39.00294    0.99580    376.777    380.000    13.4746    13.4750     0.0004  45.349255  45.353077   0.003825    38.5617    38.5650     0.0033  1030.7363  1030.7387     0.0025     5.6030 4.6676e+02 1.0000e-12     0.2189 3.7892e-02      6.582    376.776    38.5620    38.5653     0.0033  1030.7365    29.0676  1030.7389    29.0701     0.0025     0.0025        122 0.0000e+00
   39.00294    0.99582    381.727    385.000    13.4726    13.4734     0.0008  45.350303  45.354653   0.004342    38.5627    38.5661     0.0034  1030.7595  1030.7620     0.0024     5.5919 4.6604e+02 1.0000e-12     0.2150 3.8122e-02      6.588    381.729    38.5628    38.5662     0.0034  1030.7595    29.0688  1030.7620    29.0713     0.0024     0.0024        125 0.0000e+00
   39.00294    0.99584    386.686    390.000    13.4683    13.4685     0.0002  45.348368  45.351892   0.003535    38.5630    38.5662     0.0032  1030.7827  1030.7852     0.0024     5.5925 4.6617e+02 1.0000e-12     0.2142 3.8218e-02      5.871    386.682    38.5630    38.5662     0.0032  1030.7826    29.0700  1030.7851    29.0725     0.0024     0.0024        120 0.0000e+00
   39.00292    0.99585    391.628    395.000    13.4487    13.4498     0.0011  45.325357  45.329984   0.004607    38.5590    38.5623     0.0033  1030.8059  1030.8082     0.0023     5.4876 4.6559e+02 1.0000e-12     0.2157 3.7494e-02      7.040    391.635    38.5586    38.5619     0.0033  1030.8056    29.0710  1030.8079    29.0733     0.0023     0.0023         92 0.0000e+00
   39.00294    0.99587    396.588    400.000    13.4330    13.4336     0.0006  45.308792  45.312845   0.004054    38.5568    38.5601     0.0033  1030.8297  1030.8321     0.0024     5.4465 4.6569e+02 1.0000e-12     0.2197 3.7246e-02      7.568    396.588    38.5563    38.5596     0.0033  1030.8293    29.0727  1030.8317    29.0751     0.0024     0.0024         96 0.0000e+00
   39.00294    0.99589    401.544    405.000    13.4310    13.4315     0.0005  45.310323  45.314337   0.004017    38.5578    38.5612     0.0033  1030.8529  1030.8554     0.0025     5.4671 4.6535e+02 1.0000e-12     0.2190 3.7874e-02      6.822    401.540    38.5576    38.5609     0.0033  1030.8527    29.0742  1030.8552    29.0767     0.0025     0.0025        123 0.0000e+00
   39.00294    0.99591    406.489    410.000    13.4281    13.4284     0.0003  45.310518  45.314250   0.003741    38.5586    38.5619     0.0033  1030.8761  1030.8786     0.0025     5.4808 4.6466e+02 1.0000e-12     0.2173 3.7804e-02      6.374    406.492    38.5585    38.5617     0.0033  1030.8760    29.0757  1030.8785    29.0782     0.0025     0.0025        125 0.0000e+00
   39.00294    0.99593    411.440    415.000    13.4290    13.4297     0.0006  45.316259  45.320394   0.004133    38.5608    38.5641     0.0033  1030.8996  1030.9021     0.0024     5.5286 4.6524e+02 1.0000e-12     0.2142 3.7152e-02      5.622    411.445    38.5608    38.5641     0.0033  1030.8997    29.0774  1030.9021    29.0799     0.0024     0.0024         90 0.0000e+00
   39.00294    0.99594    416.408    420.000    13.4121    13.4125     0.0004  45.297385  45.301311   0.003933    38.5580    38.5614     0.0034  1030.9233  1030.9258     0.0025     5.4708 4.6556e+02 1.0000e-12     0.2142 3.7723e-02      6.343    416.397    38.5576    38.5609     0.0034  1030.9229    29.0787  1030.9254    29.0812     0.0025     0.0025         89 0.0000e+00
   39.00296    0.99596    421.346    425.000    13.4072    13.4077     0.0005  45.293395  45.297422   0.004030    38.5567    38.5601     0.0034  1030.9453  1030.9478     0.0025     5.4605 4.6381e+02 1.0000e-12     0.2178 3.7181e-02      7.548    421.349    38.5565    38.5598     0.0034  1030.9451    29.0790  1030.9476    29.0815     0.0025     0.0025        134 0.0000e+00
