example data/fromGithub/from cmunozmas_plot_raw_ctd/ds2_03.cnv
* Sea-Bird SBE 9 Data File:
* FileName = C:\OCEANO\CTD\DATOS\2019-02_SOCIB CanalesWinter19\S_03.hex
* Software Version Seasave V 7.26.7.121
* Temperature SN = 5391
* Conductivity SN = 3718
* Number of Bytes Per Scan = 40
* Number of Voltage Words = 5
* Number of Scans Averaged by the Deck Unit = 1
* NMEA Latitude = 38 59.99 N
* NMEA Longitude = 000 59.57 E
* NMEA UTC (Time) = Mar 06 2019  13:55:55
* NMEA baud rate = 4800
** Ship:B/O SOCIB
** Cruise: SOCIB-Canales Winter19
** Station: S2_ 03
** Date:  2019/03/06
** Time (UTC):  14:00
** Bottom Depth (m):  833
** Operator: NCW PBH
# nquan = 34
# nvalues = 128                         
# units = specified
# name 0 = latitude: Latitude [deg]
# name 1 = longitude: Longitude [deg]
# name 2 = depSM: Depth [salt water, m]
# name 3 = prDM: Pressure, Digiquartz [db]
# name 4 = t090C: Temperature [ITS-90, deg C]
# name 5 = t190C: Temperature, 2 [ITS-90, deg C]
# name 6 = T2-T190C: Temperature Difference, 2 - 1 [ITS-90, deg C]
# name 7 = c0mS/cm: Conductivity [mS/cm]
# name 8 = c1mS/cm: Conductivity, 2 [mS/cm]
# name 9 = C2-C1mS/cm: Conductivity Difference, 2 - 1 [mS/cm]
# name 10 = sal00: Salinity, Practical [PSU]
# name 11 = sal11: Salinity, Practical, 2 [PSU]
# name 12 = secS-priS: Salinity, Practical, Difference, 2 - 1 [PSU]
# name 13 = density00: Density [density, kg/m^3]
# name 14 = density11: Density, 2 [density, kg/m^3]
# name 15 = D2-D1,d: Density Difference, 2 - 1 [density, kg/m^3]
# name 16 = sbeox0Mg/L: Oxygen, SBE 43 [mg/l]
# name 17 = spar: SPAR/Surface Irradiance
# name 18 = par: PAR/Irradiance, Biospherical/Licor
# name 19 = CStarAt0: Beam Attenuation, WET Labs C-Star [1/m]
# name 20 = flSP: Fluorescence, Seapoint
# name 21 = seaTurbMtr: Turbidity, Seapoint [FTU]
# name 22 = depSM: Depth [salt water, m], lat = 38.9998
# name 23 = sal00: Salinity, Practical [PSU]
# name 24 = sal11: Salinity, Practical, 2 [PSU]
# name 25 = secS-priS: Salinity, Practical, Difference, 2 - 1 [PSU]
# name 26 = density00: Density [density, kg/m^3]
# name 27 = sigma-é00: Density [sigma-theta, kg/m^3]
# name 28 = density11: Density, 2 [density, kg/m^3]
# name 29 = sigma-é11: Density, 2 [sigma-theta, kg/m^3]
# name 30 = D2-D1,d: Density Difference, 2 - 1 [density, kg/m^3]
# name 31 = D2-D1: Density Difference, 2 - 1 [sigma-theta, kg/m^3]
# name 32 = nbin: number of scans per bin
# name 33 = flag: flag
# span 0 =   39.00245,   39.00338       
# span 1 =    0.99442,    0.99674       
# span 2 =      4.969,    634.185       
# span 3 =      5.000,    640.000       
# span 4 =    13.1505,    14.7098       
# span 5 =    13.1510,    14.7103       
# span 6 =    -0.0035,     0.0019       
# span 7 =  44.961534,  46.077328       
# span 8 =  44.965475,  46.081362       
# span 9 =  -0.001260,   0.004898       
# span 10 =    38.1833,    38.5630      
# span 11 =    38.1867,    38.5662      
# span 12 =     0.0023,     0.0035      
# span 13 =  1028.5160,  1031.9119      
# span 14 =  1028.5185,  1031.9145      
# span 15 =     0.0020,     0.0026      
# span 16 =     5.3642,     7.8004      
# span 17 = 4.6106e+02, 4.9834e+02      
# span 18 = 1.0000e-12, 2.0607e+02      
# span 19 =     0.2094,     0.4592      
# span 20 = 3.6599e-02, 5.6987e-01      
# span 21 =      4.929,     77.802      
# span 22 =      4.962,    634.174      
# span 23 =    38.1834,    38.5630      
# span 24 =    38.1867,    38.5662      
# span 25 =     0.0023,     0.0035      
# span 26 =  1028.5160,  1031.9118      
# span 27 =    28.4941,    29.1047      
# span 28 =  1028.5185,  1031.9143      
# span 29 =    28.4965,    29.1072      
# span 30 =     0.0020,     0.0026      
# span 31 =     0.0020,     0.0026      
# span 32 =         70,        216      
# span 33 = 0.0000e+00, 0.0000e+00      
# interval = decibars: 5                
# start_time = Mar 06 2019 13:55:55 [NMEA time, header]
# bad_flag = -9.990e-29
*END*
   39.00245    0.99442      4.969      5.000    14.7098    14.7103     0.0004  46.077328  46.081362   0.004049    38.1833    38.1867     0.0033  1028.5160  1028.5185     0.0025     7.7954 4.9834e+02 2.0607e+02     0.3647 2.6761e-01     14.498      4.962    38.1834    38.1867     0.0034  1028.5160    28.4941  1028.5185    28.4965     0.0025     0.0025         71 0.0000e+00
   39.00256    0.99443      9.924     10.000    14.6971    14.6969    -0.0002  46.066695  46.069662   0.002984    38.1838    38.1868     0.0030  1028.5413  1028.5436     0.0023     7.8004 4.9568e+02 1.1204e+02     0.3480 3.5328e-01     13.385      9.924    38.1837    38.1867     0.0030  1028.5412    28.4973  1028.5436    28.4997     0.0023     0.0023        216 0.0000e+00
   39.00261    0.99444     14.887     15.000    14.3134    14.3100    -0.0035  45.679294  45.677995  -0.001260    38.2056    38.2078     0.0023  1028.6651  1028.6676     0.0025     7.6647 4.9516e+02 7.5475e+01     0.3472 4.9524e-01     18.140     14.886    38.1985    38.2006     0.0023  1028.6596    28.5937  1028.6620    28.5961     0.0025     0.0025        177 0.0000e+00
   39.00262    0.99447     19.845     20.000    14.1167    14.1170     0.0003  45.498875  45.502179   0.003280    38.2273    38.2301     0.0028  1028.7471  1028.7492     0.0021     7.1916 4.9445e+02 5.2286e+01     0.3377 5.6987e-01     18.695     19.848    38.2218    38.2247     0.0028  1028.7429    28.6549  1028.7451    28.6571     0.0021     0.0021        136 0.0000e+00
   39.00264    0.99449     24.806     25.000    14.0375    14.0373     0.0001  45.440523  45.443354   0.002844    38.2475    38.2504     0.0029  1028.8021  1028.8045     0.0023     6.9192 4.9393e+02 3.6213e+01     0.3141 3.8629e-01     21.756     24.809    38.2433    38.2462     0.0029  1028.7989    28.6889  1028.8012    28.6912     0.0023     0.0023         89 0.0000e+00
   39.00265    0.99451     29.776     30.000    13.9155    13.9164     0.0019  45.318409  45.322535   0.004120    38.2518    38.2547     0.0029  1028.8542  1028.8562     0.0020     7.0781 4.9411e+02 2.6167e+01     0.2751 2.1017e-01     13.939     29.771    38.2473    38.2503     0.0029  1028.8506    28.7186  1028.8527    28.7207     0.0020     0.0020        100 0.0000e+00
   39.00266    0.99452     34.729     35.000    13.8460    13.8466     0.0006  45.245354  45.249595   0.004244    38.2485    38.2519     0.0034  1028.8887  1028.8912     0.0025     7.1695 4.9371e+02 1.9610e+01     0.2539 1.6979e-01     12.004     34.732    38.2452    38.2486     0.0034  1028.8862    28.7321  1028.8887    28.7346     0.0025     0.0025        120 0.0000e+00
   39.00268    0.99454     39.695     40.000    13.8006    13.8014     0.0008  45.198343  45.202771   0.004425    38.2462    38.2496     0.0034  1028.9189  1028.9214     0.0024     7.2260 4.9380e+02 1.5029e+01     0.2472 1.7123e-01     10.563     39.693    38.2437    38.2471     0.0034  1028.9170    28.7408  1028.9194    28.7433     0.0024     0.0024        134 0.0000e+00
   39.00270    0.99455     44.651     45.000    13.7646    13.7650     0.0004  45.166374  45.170334   0.003969    38.2488    38.2523     0.0034  1028.9508  1028.9534     0.0026     7.2361 4.9329e+02 1.1553e+01     0.2398 1.3627e-01      9.274     44.654    38.2470    38.2504     0.0034  1028.9494    28.7512  1028.9520    28.7538     0.0026     0.0026        114 0.0000e+00
   39.00272    0.99456     49.619     50.000    13.7527    13.7532     0.0005  45.156697  45.160862   0.004167    38.2486    38.2520     0.0034  1028.9754  1028.9780     0.0025     7.2625 4.9331e+02 8.9723e+00     0.2358 1.2560e-01      7.954     49.615    38.2475    38.2510     0.0034  1028.9746    28.7544  1028.9771    28.7569     0.0026     0.0026        129 0.0000e+00
   39.00274    0.99458     54.575     55.000    13.7271    13.7276     0.0005  45.135978  45.140139   0.004163    38.2522    38.2557     0.0034  1029.0059  1029.0084     0.0025     7.2365 4.9256e+02 6.9920e+00     0.2307 1.1598e-01      7.552     54.576    38.2511    38.2546     0.0034  1029.0050    28.7628  1029.0076    28.7653     0.0025     0.0025        120 0.0000e+00
   39.00276    0.99458     59.537     60.000    13.7270    13.7270     0.0000  45.156963  45.160177   0.003223    38.2694    38.2724     0.0030  1029.0414  1029.0437     0.0023     7.0767 4.9244e+02 5.4925e+00     0.2326 1.3923e-01     10.026     59.537    38.2689    38.2719     0.0030  1029.0410    28.7768  1029.0433    28.7791     0.0023     0.0023        135 0.0000e+00
   39.00278    0.99460     64.496     65.000    13.7314    13.7316     0.0002  45.172642  45.176453   0.003814    38.2773    38.2808     0.0034  1029.0687  1029.0713     0.0026     7.0276 4.9213e+02 4.2712e+00     0.2433 1.5873e-01     12.520     64.498    38.2772    38.2806     0.0034  1029.0686    28.7824  1029.0712    28.7850     0.0026     0.0026        116 0.0000e+00
   39.00278    0.99461     69.461     70.000    13.7275    13.7278     0.0002  45.173911  45.177699   0.003788    38.2802    38.2835     0.0034  1029.0939  1029.0965     0.0025     7.0080 4.9199e+02 3.2948e+00     0.2468 1.7199e-01     12.328     69.458    38.2800    38.2834     0.0034  1029.0938    28.7856  1029.0963    28.7881     0.0025     0.0025        116 0.0000e+00
   39.00280    0.99463     74.416     75.000    13.7294    13.7298     0.0004  45.178936  45.182959   0.004019    38.2806    38.2840     0.0034  1029.1160  1029.1185     0.0026     7.0297 4.9131e+02 2.5389e+00     0.2498 2.1266e-01     12.348     74.419    38.2806    38.2840     0.0034  1029.1160    28.7858  1029.1185    28.7883     0.0026     0.0026        133 0.0000e+00
   39.00281    0.99464     79.380     80.000    13.6578    13.6589     0.0011  45.095118  45.099635   0.004503    38.2719    38.2751     0.0032  1029.1468  1029.1491     0.0022     7.3837 4.9164e+02 1.9447e+00     0.2534 3.5850e-01     13.180     79.379    38.2703    38.2736     0.0032  1029.1456    28.7933  1029.1479    28.7955     0.0023     0.0023        120 0.0000e+00
   39.00282    0.99465     84.337     85.000    13.6024    13.6032     0.0008  45.034922  45.039139   0.004214    38.2680    38.2712     0.0032  1029.1778  1029.1801     0.0023     7.4599 4.9165e+02 1.4482e+00     0.2593 4.0516e-01     12.511     84.339    38.2662    38.2694     0.0032  1029.1765    28.8020  1029.1787    28.8043     0.0023     0.0023        118 0.0000e+00
   39.00284    0.99466     89.302     90.000    13.5698    13.5704     0.0006  45.010181  45.014283   0.004108    38.2744    38.2778     0.0033  1029.2120  1029.2144     0.0025     7.4418 4.9109e+02 1.0691e+00     0.2582 4.3036e-01      8.694     89.299    38.2730    38.2764     0.0033  1029.2109    28.8144  1029.2133    28.8169     0.0025     0.0025        137 0.0000e+00
   39.00286    0.99468     94.258     95.000    13.5603    13.5608     0.0005  45.007522  45.011508   0.003990    38.2786    38.2819     0.0033  1029.2393  1029.2418     0.0025     7.4560 4.9036e+02 7.9355e-01     0.2508 3.5788e-01      8.192     94.259    38.2778    38.2811     0.0034  1029.2387    28.8202  1029.2412    28.8227     0.0025     0.0025        127 0.0000e+00
   39.00288    0.99469     99.217    100.000    13.5343    13.5347     0.0004  44.984843  44.988793   0.003953    38.2809    38.2843     0.0034  1029.2689  1029.2714     0.0025     7.3124 4.9107e+02 5.8798e-01     0.2443 2.3182e-01      8.257     99.219    38.2800    38.2833     0.0034  1029.2682    28.8276  1029.2707    28.8301     0.0025     0.0025        112 0.0000e+00
   39.00290    0.99471    104.181    105.000    13.5242    13.5246     0.0004  44.978449  44.982311   0.003864    38.2824    38.2857     0.0033  1029.2944  1029.2969     0.0025     7.2904 4.9065e+02 4.5128e-01     0.2348 1.5540e-01      8.064    104.178    38.2817    38.2851     0.0033  1029.2939    28.8313  1029.2964    28.8338     0.0025     0.0025        129 0.0000e+00
   39.00290    0.99473    109.138    110.000    13.5271    13.5275     0.0004  44.991079  44.994969   0.003889    38.2889    38.2922     0.0033  1029.3209  1029.3234     0.0025     7.2456 4.9034e+02 3.4968e-01     0.2294 1.3098e-01      7.427    109.138    38.2886    38.2919     0.0033  1029.3207    28.8362  1029.3232    28.8386     0.0025     0.0025        125 0.0000e+00
   39.00292    0.99476    114.094    115.000    13.5074    13.5076     0.0003  44.970706  44.974410   0.003707    38.2872    38.2905     0.0033  1029.3460  1029.3485     0.0025     7.2728 4.8961e+02 2.7139e-01     0.2261 1.3168e-01      6.561    114.097    38.2867    38.2900     0.0033  1029.3456    28.8390  1029.3481    28.8415     0.0025     0.0025        120 0.0000e+00
   39.00293    0.99478    119.061    120.000    13.4965    13.4969     0.0004  44.961534  44.965475   0.003940    38.2870    38.2904     0.0033  1029.3704  1029.3729     0.0025     7.2409 4.8970e+02 2.0388e-01     0.2250 1.3189e-01      6.657    119.057    38.2866    38.2899     0.0033  1029.3700    28.8414  1029.3725    28.8439     0.0025     0.0025        121 0.0000e+00
   39.00294    0.99481    124.013    125.000    13.5027    13.5029     0.0003  44.979953  44.983695   0.003745    38.2958    38.2992     0.0033  1029.3980  1029.4005     0.0025     7.2124 4.8884e+02 1.5832e-01     0.2237 1.0571e-01     11.979    124.016    38.2958    38.2991     0.0033  1029.3979    28.8473  1029.4005    28.8499     0.0025     0.0025        125 0.0000e+00
   39.00294    0.99483    128.974    130.000    13.4910    13.4915     0.0006  44.973324  44.977446   0.004116    38.2992    38.3026     0.0033  1029.4253  1029.4277     0.0025     7.2045 4.8919e+02 1.1991e-01     0.2214 1.0038e-01      5.959    128.975    38.2989    38.3023     0.0033  1029.4250    28.8524  1029.4275    28.8549     0.0025     0.0025        113 0.0000e+00
   39.00294    0.99486    133.935    135.000    13.4926    13.4929     0.0002  44.981243  44.984936   0.003696    38.3026    38.3059     0.0033  1029.4497  1029.4522     0.0025     7.1255 4.8879e+02 8.7910e-02     0.2215 8.6867e-02      6.831    133.934    38.3025    38.3059     0.0033  1029.4496    28.8550  1029.4521    28.8575     0.0025     0.0025        126 0.0000e+00
   39.00294    0.99489    138.888    140.000    13.5299    13.5302     0.0002  45.038580  45.042398   0.003821    38.3169    38.3203     0.0034  1029.4749  1029.4775     0.0026     6.9670 4.8775e+02 6.2406e-02     0.2212 7.6371e-02      7.262    138.893    38.3176    38.3210     0.0034  1029.4754    28.8589  1029.4780    28.8615     0.0026     0.0026        116 0.0000e+00
   39.00294    0.99492    143.856    145.000    13.5931    13.5924    -0.0003  45.136475  45.138879   0.002420    38.3437    38.3467     0.0031  1029.5042  1029.5067     0.0025     6.7645 4.8786e+02 3.9827e-02     0.2294 8.4620e-02      9.706    143.851    38.3453    38.3483     0.0031  1029.5054    28.8671  1029.5079    28.8696     0.0025     0.0025        129 0.0000e+00
   39.00294    0.99495    148.809    150.000    13.6221    13.6224     0.0003  45.195574  45.199360   0.003776    38.3689    38.3722     0.0033  1029.5395  1029.5420     0.0025     6.5756 4.8722e+02 2.6370e-02     0.2307 6.5716e-02      9.856    148.810    38.3702    38.3735     0.0033  1029.5406    28.8804  1029.5431    28.8829     0.0025     0.0025        120 0.0000e+00
   39.00294    0.99497    153.768    155.000    13.6229    13.6233     0.0004  45.211754  45.215546   0.003785    38.3819    38.3852     0.0032  1029.5716  1029.5740     0.0024     6.5151 4.8721e+02 1.4727e-02     0.2307 6.5363e-02      8.349    153.769    38.3826    38.3858     0.0032  1029.5721    28.8900  1029.5745    28.8924     0.0024     0.0024        131 0.0000e+00
   39.00292    0.99500    158.731    160.000    13.6205    13.6209     0.0004  45.223826  45.227558   0.003727    38.3940    38.3971     0.0031  1029.6036  1029.6060     0.0023     6.4059 4.8741e+02 6.8143e-03     0.2259 6.7120e-02      7.405    158.727    38.3944    38.3975     0.0031  1029.6040    28.8998  1029.6063    28.9021     0.0023     0.0023        115 0.0000e+00
   39.00291    0.99502    163.684    165.000    13.6162    13.6166     0.0004  45.235386  45.239169   0.003782    38.4074    38.4106     0.0032  1029.6370  1029.6394     0.0024     6.2674 4.8655e+02 6.8196e-04     0.2205 6.4568e-02      7.061    163.685    38.4074    38.4106     0.0032  1029.6370    28.9110  1029.6394    28.9134     0.0024     0.0024        127 0.0000e+00
   39.00290    0.99504    168.643    170.000    13.6141    13.6145     0.0005  45.239959  45.243794   0.003832    38.4116    38.4148     0.0032  1029.6629  1029.6652     0.0023     6.2471 4.8557e+02 1.1007e-05     0.2190 5.9682e-02      6.602    168.643    38.4116    38.4148     0.0032  1029.6628    28.9149  1029.6652    28.9172     0.0023     0.0023        119 0.0000e+00
   39.00290    0.99505    173.599    175.000    13.6047    13.6052     0.0005  45.239078  45.242890   0.003811    38.4181    38.4212     0.0032  1029.6920  1029.6943     0.0023     6.1941 4.8492e+02 1.0000e-12     0.2181 5.2368e-02      6.533    173.601    38.4179    38.4210     0.0032  1029.6918    28.9219  1029.6942    28.9242     0.0023     0.0023        114 0.0000e+00
   39.00288    0.99507    178.558    180.000    13.5918    13.5921     0.0004  45.237476  45.241124   0.003650    38.4275    38.4306     0.0031  1029.7242  1029.7265     0.0023     6.1400 4.8518e+02 1.0000e-12     0.2178 4.9227e-02      6.480    178.559    38.4272    38.4303     0.0031  1029.7239    28.9320  1029.7262    28.9343     0.0023     0.0023         70 0.0000e+00
   39.00290    0.99508    183.524    185.000    13.5835    13.5837     0.0002  45.237237  45.241002   0.003769    38.4333    38.4367     0.0034  1029.7526  1029.7552     0.0025     6.1341 4.8323e+02 1.0000e-12     0.2171 4.9441e-02      6.198    183.517    38.4330    38.4363     0.0034  1029.7523    28.9384  1029.7549    28.9410     0.0025     0.0025        108 0.0000e+00
   39.00290    0.99510    188.474    190.000    13.5674    13.5678     0.0005  45.229203  45.233102   0.003898    38.4397    38.4430     0.0033  1029.7832  1029.7856     0.0025     6.1113 4.8181e+02 1.0000e-12     0.2159 4.6330e-02      6.017    188.475    38.4393    38.4426     0.0033  1029.7828    28.9469  1029.7853    28.9494     0.0025     0.0025        139 0.0000e+00
   39.00290    0.99511    193.428    195.000    13.5618    13.5623     0.0004  45.228392  45.232195   0.003802    38.4421    38.4454     0.0032  1029.8083  1029.8107     0.0024     6.1011 4.8091e+02 1.0000e-12     0.2155 4.5950e-02     12.133    193.432    38.4418    38.4450     0.0032  1029.8081    28.9502  1029.8105    28.9526     0.0024     0.0024        105 0.0000e+00
   39.00292    0.99513    198.392    200.000    13.5630    13.5635     0.0004  45.234181  45.238021   0.003840    38.4440    38.4473     0.0033  1029.8316  1029.8341     0.0024     6.1001 4.8074e+02 1.0000e-12     0.2149 4.5221e-02      8.759    198.389    38.4439    38.4471     0.0033  1029.8315    28.9517  1029.8340    28.9541     0.0024     0.0024        119 0.0000e+00
   39.00292    0.99515    203.345    205.000    13.5671    13.5675     0.0004  45.245513  45.249297   0.003784    38.4483    38.4515     0.0032  1029.8561  1029.8585     0.0024     6.0848 4.8029e+02 1.0000e-12     0.2147 4.4489e-02      5.857    203.347    38.4484    38.4516     0.0032  1029.8562    28.9544  1029.8586    28.9568     0.0024     0.0024        117 0.0000e+00
   39.00292    0.99518    208.306    210.000    13.5113    13.5125     0.0012  45.189238  45.193950   0.004699    38.4498    38.4531     0.0033  1029.8915  1029.8938     0.0023     6.0952 4.7990e+02 1.0000e-12     0.2138 4.2219e-02      9.229    208.304    38.4486    38.4519     0.0033  1029.8906    28.9666  1029.8929    28.9689     0.0023     0.0023        120 0.0000e+00
