example data/fromGithub/from cmunozmas_plot_raw_ctd/ds2_05.cnv
* Sea-Bird SBE 9 Data File:
* FileName = C:\OCEANO\CTD\DATOS\2019-02_SOCIB CanalesWinter19\S_05.hex
* Software Version Seasave V 7.26.7.121
* Temperature SN = 5391
* Conductivity SN = 3718
* Number of Bytes Per Scan = 40
* Number of Voltage Words = 5
* Number of Scans Averaged by the Deck Unit = 1
* NMEA Latitude = 38 59.96 N
* NMEA Longitude = 000 44.15 E
* NMEA UTC (Time) = Mar 06 2019  11:36:33
* NMEA baud rate = 4800
** Ship:B/O SOCIB
** Cruise: SOCIB-Canales Winter19
** Station: S2_ 05
** Date:  2019/03/06
** Time (UTC):  11:36
** Bottom Depth (m):  960
** Operator: NCW JBM
# nquan = 34
# nvalues = 192                         
# units = specified
# name 0 = latitude: Latitude [deg]
# name 1 = longitude: Longitude [deg]
# name 2 = depSM: Depth [salt water, m]
# name 3 = prDM: Pressure, Digiquartz [db]
# name 4 = t090C: Temperature [ITS-90, deg C]
# name 5 = t190C: Temperature, 2 [ITS-90, deg C]
# name 6 = T2-T190C: Temperature Difference, 2 - 1 [ITS-90, deg C]
# name 7 = c0mS/cm: Conductivity [mS/cm]
# name 8 = c1mS/cm: Conductivity, 2 [mS/cm]
# name 9 = C2-C1mS/cm: Conductivity Difference, 2 - 1 [mS/cm]
# name 10 = sal00: Salinity, Practical [PSU]
# name 11 = sal11: Salinity, Practical, 2 [PSU]
# name 12 = secS-priS: Salinity, Practical, Difference, 2 - 1 [PSU]
# name 13 = density00: Density [density, kg/m^3]
# name 14 = density11: Density, 2 [density, kg/m^3]
# name 15 = D2-D1,d: Density Difference, 2 - 1 [density, kg/m^3]
# name 16 = sbeox0Mg/L: Oxygen, SBE 43 [mg/l]
# name 17 = spar: SPAR/Surface Irradiance
# name 18 = par: PAR/Irradiance, Biospherical/Licor
# name 19 = CStarAt0: Beam Attenuation, WET Labs C-Star [1/m]
# name 20 = flSP: Fluorescence, Seapoint
# name 21 = seaTurbMtr: Turbidity, Seapoint [FTU]
# name 22 = depSM: Depth [salt water, m], lat = 38.9993
# name 23 = sal00: Salinity, Practical [PSU]
# name 24 = sal11: Salinity, Practical, 2 [PSU]
# name 25 = secS-priS: Salinity, Practical, Difference, 2 - 1 [PSU]
# name 26 = density00: Density [density, kg/m^3]
# name 27 = sigma-é00: Density [sigma-theta, kg/m^3]
# name 28 = density11: Density, 2 [density, kg/m^3]
# name 29 = sigma-é11: Density, 2 [sigma-theta, kg/m^3]
# name 30 = D2-D1,d: Density Difference, 2 - 1 [density, kg/m^3]
# name 31 = D2-D1: Density Difference, 2 - 1 [sigma-theta, kg/m^3]
# name 32 = nbin: number of scans per bin
# name 33 = flag: flag
# span 0 =   38.99989,   39.00076       
# span 1 =    0.73614,    0.73636       
# span 2 =      4.959,    950.557       
# span 3 =      5.000,    960.000       
# span 4 =    13.1497,    14.3673       
# span 5 =    13.1500,    14.3677       
# span 6 =    -0.0024,     0.0034       
# span 7 =  44.814846,  45.745976       
# span 8 =  44.818789,  45.750536       
# span 9 =   0.000450,   0.015409       
# span 10 =    38.2096,    38.5815      
# span 11 =    38.2127,    38.5848      
# span 12 =     0.0028,     0.0141      
# span 13 =  1028.6123,  1033.3039      
# span 14 =  1028.6146,  1033.3066      
# span 15 =     0.0017,     0.0107      
# span 16 =     5.5980,     8.1883      
# span 17 = 4.9689e+02, 5.1620e+02      
# span 18 = -1.008e-08, 1.5921e+02      
# span 19 =     0.2007,     0.4593      
# span 20 = 3.5889e-02, 1.5210e+00      
# span 21 =      3.648,     24.495      
# span 22 =      4.962,    950.533      
# span 23 =    38.2097,    38.5813      
# span 24 =    38.2128,    38.5846      
# span 25 =     0.0028,     0.0141      
# span 26 =  1028.6124,  1033.3037      
# span 27 =    28.5904,    29.1072      
# span 28 =  1028.6148,  1033.3064      
# span 29 =    28.5928,    29.1099      
# span 30 =     0.0017,     0.0107      
# span 31 =     0.0017,     0.0107      
# span 32 =         46,        178      
# span 33 = 0.0000e+00, 0.0000e+00      
# interval = decibars: 5                
# start_time = Mar 06 2019 11:36:33 [NMEA time, header]
# bad_flag = -9.990e-29
*END*
[from data line 171]
   39.00064    0.73634    851.721    860.000    13.2195    13.2201     0.0006  45.256918  45.261428   0.004514    38.5193    38.5230     0.0037  1032.8652  1032.8679     0.0027     5.7024 4.9870e+02 1.0000e-12     0.2026 3.6406e-02      4.903    851.722    38.5192    38.5229     0.0037  1032.8651    29.1029  1032.8678    29.1057     0.0027     0.0027        114 0.0000e+00
   39.00064    0.73634    856.664    865.000    13.2165    13.2171     0.0006  45.255367  45.259728   0.004364    38.5186    38.5222     0.0036  1032.8871  1032.8898     0.0026     5.6922 4.9866e+02 1.0000e-12     0.2064 3.6142e-02      4.235    856.664    38.5185    38.5221     0.0036  1032.8871    29.1032  1032.8897    29.1059     0.0026     0.0026        120 0.0000e+00
   39.00064    0.73634    861.601    870.000    13.2170    13.2176     0.0005  45.258357  45.262658   0.004303    38.5187    38.5222     0.0036  1032.9089  1032.9115     0.0026     5.7088 4.9870e+02 1.0000e-12     0.2012 3.6353e-02      4.277    861.606    38.5186    38.5222     0.0036  1032.9089    29.1033  1032.9115    29.1060     0.0026     0.0026         88 0.0000e+00
   39.00066    0.73634    866.559    875.000    13.2144    13.2150     0.0006  45.256925  45.261274   0.004350    38.5179    38.5214     0.0036  1032.9308  1032.9334     0.0026     5.7054 4.9854e+02 1.0000e-12     0.2026 3.6284e-02      4.067    866.547    38.5178    38.5213     0.0036  1032.9307    29.1034  1032.9332    29.1060     0.0026     0.0026         84 0.0000e+00
   39.00067    0.73634    871.488    880.000    13.2130    13.2136     0.0006  45.257454  45.261870   0.004416    38.5176    38.5212     0.0036  1032.9526  1032.9552     0.0026     5.7055 4.9868e+02 1.0000e-12     0.2025 3.5973e-02      4.490    871.488    38.5175    38.5211     0.0036  1032.9525    29.1036  1032.9552    29.1063     0.0026     0.0026        115 0.0000e+00
   39.00068    0.73634    876.431    885.000    13.2120    13.2125     0.0005  45.258368  45.262549   0.004185    38.5172    38.5208     0.0035  1032.9744  1032.9770     0.0026     5.7241 4.9863e+02 1.0000e-12     0.2029 3.6365e-02      5.418    876.429    38.5172    38.5207     0.0035  1032.9744    29.1038  1032.9770    29.1064     0.0026     0.0026        130 0.0000e+00
   39.00069    0.73634    881.369    890.000    13.2078    13.2084     0.0006  45.255085  45.259504   0.004416    38.5163    38.5198     0.0036  1032.9964  1032.9990     0.0026     5.7135 4.9862e+02 1.0000e-12     0.2029 3.6157e-02      4.477    881.370    38.5161    38.5197     0.0036  1032.9963    29.1040  1032.9989    29.1066     0.0026     0.0026        130 0.0000e+00
   39.00070    0.73634    886.310    895.000    13.2020    13.2027     0.0006  45.249903  45.254323   0.004418    38.5150    38.5186     0.0036  1033.0185  1033.0212     0.0026     5.7267 4.9815e+02 1.0000e-12     0.2034 3.5889e-02      4.462    886.311    38.5148    38.5184     0.0036  1033.0184    29.1043  1033.0210    29.1069     0.0026     0.0026        126 0.0000e+00
   39.00070    0.73634    891.253    900.000    13.1960    13.1965     0.0005  45.244381  45.248624   0.004246    38.5137    38.5172     0.0036  1033.0407  1033.0433     0.0026     5.7299 4.9762e+02 1.0000e-12     0.2046 3.6463e-02      4.598    891.252    38.5135    38.5170     0.0036  1033.0405    29.1046  1033.0432    29.1073     0.0026     0.0026        116 0.0000e+00
   39.00070    0.73634    896.194    905.000    13.1907    13.1915     0.0009  45.239766  45.244530   0.004757    38.5124    38.5161     0.0037  1033.0627  1033.0654     0.0026     5.7341 4.9703e+02 1.0000e-12     0.2048 3.6364e-02      4.795    896.193    38.5122    38.5159     0.0037  1033.0626    29.1049  1033.0652    29.1076     0.0026     0.0026        125 0.0000e+00
   39.00070    0.73635    901.130    910.000    13.1868    13.1874     0.0006  45.236926  45.241436   0.004513    38.5115    38.5151     0.0037  1033.0847  1033.0873     0.0027     5.7383 4.9699e+02 1.0000e-12     0.2048 3.6111e-02      5.087    901.133    38.5113    38.5149     0.0037  1033.0845    29.1052  1033.0872    29.1079     0.0027     0.0027         91 0.0000e+00
   39.00070    0.73636    906.075    915.000    13.1847    13.1853     0.0006  45.236425  45.240844   0.004421    38.5108    38.5144     0.0036  1033.1065  1033.1091     0.0027     5.7358 4.9716e+02 1.0000e-12     0.2055 3.6001e-02      5.356    906.074    38.5107    38.5143     0.0036  1033.1064    29.1053  1033.1090    29.1080     0.0027     0.0027         81 0.0000e+00
   39.00070    0.73636    911.016    920.000    13.1813    13.1818     0.0005  45.234343  45.238718   0.004379    38.5101    38.5138     0.0037  1033.1285  1033.1312     0.0027     5.7413 4.9695e+02 1.0000e-12     0.2058 3.6194e-02      6.547    911.014    38.5100    38.5136     0.0037  1033.1284    29.1056  1033.1311    29.1083     0.0027     0.0027        125 0.0000e+00
   39.00070    0.73636    915.954    925.000    13.1798    13.1804     0.0005  45.234648  45.238994   0.004348    38.5097    38.5133     0.0036  1033.1503  1033.1530     0.0027     5.7462 4.9693e+02 1.0000e-12     0.2056 3.6102e-02      6.256    915.955    38.5096    38.5132     0.0036  1033.1502    29.1058  1033.1529    29.1085     0.0027     0.0027        119 0.0000e+00
   39.00070    0.73636    920.897    930.000    13.1726    13.1733     0.0007  45.227465  45.232071   0.004602    38.5081    38.5117     0.0037  1033.1725  1033.1752     0.0027     5.7519 4.9689e+02 1.0000e-12     0.2067 3.6363e-02      7.796    920.895    38.5079    38.5115     0.0037  1033.1723    29.1061  1033.1750    29.1088     0.0027     0.0027        140 0.0000e+00
   39.00070    0.73636    925.831    935.000    13.1671    13.1677     0.0005  45.222701  45.227054   0.004355    38.5068    38.5104     0.0036  1033.1945  1033.1972     0.0027     5.7461 4.9693e+02 1.0000e-12     0.2065 3.6390e-02      8.445    925.835    38.5067    38.5102     0.0036  1033.1944    29.1064  1033.1971    29.1091     0.0027     0.0027         91 0.0000e+00
   39.00070    0.73636    930.775    940.000    13.1606    13.1610     0.0004  45.216455  45.220636   0.004184    38.5054    38.5089     0.0036  1033.2167  1033.2194     0.0026     5.7553 4.9693e+02 1.0000e-12     0.2076 3.6516e-02      8.054    930.774    38.5051    38.5087     0.0036  1033.2165    29.1067  1033.2192    29.1094     0.0026     0.0026        101 0.0000e+00
   39.00069    0.73636    935.728    945.000    13.1567    13.1573     0.0006  45.213574  45.218007   0.004429    38.5043    38.5079     0.0036  1033.2386  1033.2413     0.0027     5.7596 4.9693e+02 1.0000e-12     0.2083 3.6171e-02      8.649    935.714    38.5041    38.5077     0.0036  1033.2384    29.1069  1033.2410    29.1096     0.0027     0.0027         84 0.0000e+00
   39.00068    0.73636    940.661    950.000    13.1550    13.1557     0.0007  45.213485  45.218055   0.004571    38.5036    38.5073     0.0037  1033.2603  1033.2630     0.0027     5.7620 4.9689e+02 1.2856e-07     0.2081 3.6808e-02      8.577    940.654    38.5035    38.5073     0.0037  1033.2601    29.1070  1033.2629    29.1097     0.0027     0.0027        143 0.0000e+00
   39.00068    0.73636    945.594    955.000    13.1517    13.1525     0.0008  45.211291  45.215967   0.004674    38.5027    38.5064     0.0037  1033.2820  1033.2847     0.0027     5.7674 4.9693e+02 -1.008e-08     0.2069 3.6374e-02      8.241    945.593    38.5026    38.5063     0.0037  1033.2820    29.1071  1033.2847    29.1098     0.0027     0.0027        163 0.0000e+00
   39.00068    0.73636    950.557    960.000    13.1497    13.1500     0.0002  45.210832  45.214793   0.003973    38.5020    38.5056     0.0036  1033.3039  1033.3066     0.0027     5.7704 4.9693e+02 6.9319e-07     0.2056 3.6274e-02      7.218    950.533    38.5020    38.5055     0.0036  1033.3037    29.1072  1033.3064    29.1099     0.0027     0.0027         68 0.0000e+00
