example data/fromGithub/from cmunozmas_plot_raw_ctd/ds2_04.cnv
* Sea-Bird SBE 9 Data File:
* FileName = C:\OCEANO\CTD\DATOS\2019-02_SOCIB CanalesWinter19\S_04.hex
* Software Version Seasave V 7.26.7.121
* Temperature SN = 5391
* Conductivity SN = 3718
* Number of Bytes Per Scan = 40
* Number of Voltage Words = 5
* Number of Scans Averaged by the Deck Unit = 1
* NMEA Latitude = 38 59.96 N
* NMEA Longitude = 000 51.77 E
* NMEA UTC (Time) = Mar 06 2019  12:45:19
* NMEA baud rate = 4800
** Ship:B/O SOCIB
** Cruise: SOCIB-Canales Winter19
** Station: S2_ 04
** Date:  2019/03/06
** Time (UTC):  12:44
** Bottom Depth (m):  833
** Operator: NCW JBM
# nquan = 34
# nvalues = 167                         
# units = specified
# name 0 = latitude: Latitude [deg]
# name 1 = longitude: Longitude [deg]
# name 2 = depSM: Depth [salt water, m]
# name 3 = prDM: Pressure, Digiquartz [db]
# name 4 = t090C: Temperature [ITS-90, deg C]
# name 5 = t190C: Temperature, 2 [ITS-90, deg C]
# name 6 = T2-T190C: Temperature Difference, 2 - 1 [ITS-90, deg C]
# name 7 = c0mS/cm: Conductivity [mS/cm]
# name 8 = c1mS/cm: Conductivity, 2 [mS/cm]
# name 9 = C2-C1mS/cm: Conductivity Difference, 2 - 1 [mS/cm]
# name 10 = sal00: Salinity, Practical [PSU]
# name 11 = sal11: Salinity, Practical, 2 [PSU]
# name 12 = secS-priS: Salinity, Practical, Difference, 2 - 1 [PSU]
# name 13 = density00: Density [density, kg/m^3]
# name 14 = density11: Density, 2 [density, kg/m^3]
# name 15 = D2-D1,d: Density Difference, 2 - 1 [density, kg/m^3]
# name 16 = sbeox0Mg/L: Oxygen, SBE 43 [mg/l]
# name 17 = spar: SPAR/Surface Irradiance
# name 18 = par: PAR/Irradiance, Biospherical/Licor
# name 19 = CStarAt0: Beam Attenuation, WET Labs C-Star [1/m]
# name 20 = flSP: Fluorescence, Seapoint
# name 21 = seaTurbMtr: Turbidity, Seapoint [FTU]
# name 22 = depSM: Depth [salt water, m], lat = 38.9993
# name 23 = sal00: Salinity, Practical [PSU]
# name 24 = sal11: Salinity, Practical, 2 [PSU]
# name 25 = secS-priS: Salinity, Practical, Difference, 2 - 1 [PSU]
# name 26 = density00: Density [density, kg/m^3]
# name 27 = sigma-é00: Density [sigma-theta, kg/m^3]
# name 28 = density11: Density, 2 [density, kg/m^3]
# name 29 = sigma-é11: Density, 2 [sigma-theta, kg/m^3]
# name 30 = D2-D1,d: Density Difference, 2 - 1 [density, kg/m^3]
# name 31 = D2-D1: Density Difference, 2 - 1 [sigma-theta, kg/m^3]
# name 32 = nbin: number of scans per bin
# name 33 = flag: flag
# span 0 =   39.00099,   39.00318       
# span 1 =    0.86682,    0.86760       
# span 2 =      4.965,    827.038       
# span 3 =      5.000,    835.000       
# span 4 =    13.1508,    14.2632       
# span 5 =    13.1512,    14.2635       
# span 6 =    -0.0005,     0.0017       
# span 7 =  45.038173,  45.702481       
# span 8 =  45.042237,  45.706474       
# span 9 =   0.002893,   0.005397       
# span 10 =    38.2539,    38.5842      
# span 11 =    38.2571,    38.5875      
# span 12 =     0.0031,     0.0036      
# span 13 =  1028.6854,  1032.7617      
# span 14 =  1028.6880,  1032.7644      
# span 15 =     0.0021,     0.0027      
# span 16 =     5.5892,     7.8302      
# span 17 = 6.8913e+02, 8.2432e+02      
# span 18 = -2.315e-05, 3.0359e+02      
# span 19 =     0.1995,     0.4184      
# span 20 = 3.5740e-02, 1.1369e+00      
# span 21 =      3.274,     21.292      
# span 22 =      4.962,    827.012      
# span 23 =    38.2505,    38.5842      
# span 24 =    38.2537,    38.5876      
# span 25 =     0.0031,     0.0036      
# span 26 =  1028.6853,  1032.7615      
# span 27 =    28.6634,    29.1066      
# span 28 =  1028.6880,  1032.7641      
# span 29 =    28.6660,    29.1093      
# span 30 =     0.0021,     0.0027      
# span 31 =     0.0021,     0.0027      
# span 32 =         53,        205      
# span 33 = 0.0000e+00, 0.0000e+00      
# interval = decibars: 5                
# start_time = Mar 06 2019 12:45:19 [NMEA time, header]
# bad_flag = -9.990e-29
*END*
[from data line 129]
   39.00266    0.86725    644.068    650.000    13.2904    13.2910     0.0006  45.257220  45.261533   0.004313    38.5402    38.5437     0.0035  1031.9467  1031.9492     0.0026     5.6445 7.1446e+02 1.0000e-12     0.2024 3.6587e-02      4.328    644.067    38.5399    38.5434     0.0035  1031.9465    29.0977  1031.9491    29.1003     0.0026     0.0026        169 0.0000e+00
   39.00271    0.86729    649.013    655.000    13.2812    13.2817     0.0006  45.247414  45.251589   0.004176    38.5379    38.5413     0.0034  1031.9689  1031.9714     0.0025     5.6234 7.1034e+02 1.0000e-12     0.2023 3.6481e-02      4.163    649.014    38.5376    38.5411     0.0034  1031.9687    29.0980  1031.9712    29.1005     0.0025     0.0025        146 0.0000e+00
   39.00274    0.86732    653.960    660.000    13.2772    13.2779     0.0006  45.244560  45.248836   0.004274    38.5368    38.5402     0.0034  1031.9908  1031.9933     0.0025     5.6144 7.0898e+02 1.0000e-12     0.2025 3.6769e-02      4.011    653.961    38.5366    38.5401     0.0034  1031.9907    29.0982  1031.9932    29.1007     0.0025     0.0025        139 0.0000e+00
   39.00277    0.86735    658.908    665.000    13.2703    13.2711     0.0007  45.237587  45.242048   0.004461    38.5349    38.5385     0.0035  1032.0129  1032.0154     0.0026     5.6048 7.0915e+02 1.0000e-12     0.2022 3.6569e-02      3.878    658.907    38.5348    38.5383     0.0035  1032.0127    29.0983  1032.0152    29.1009     0.0026     0.0026        115 0.0000e+00
   39.00280    0.86739    663.852    670.000    13.2650    13.2657     0.0007  45.232856  45.237144   0.004294    38.5335    38.5370     0.0034  1032.0348  1032.0373     0.0025     5.6037 7.0758e+02 1.0000e-12     0.2020 3.6663e-02      3.972    663.853    38.5334    38.5368     0.0034  1032.0347    29.0985  1032.0372    29.1010     0.0025     0.0025        104 0.0000e+00
   39.00283    0.86741    668.800    675.000    13.2577    13.2583     0.0006  45.225523  45.229835   0.004317    38.5318    38.5353     0.0035  1032.0570  1032.0596     0.0026     5.5892 7.0458e+02 1.0000e-12     0.2020 3.6784e-02      4.049    668.799    38.5316    38.5351     0.0035  1032.0569    29.0988  1032.0594    29.1014     0.0026     0.0026        142 0.0000e+00
   39.00287    0.86744    673.747    680.000    13.2453    13.2459     0.0006  45.211947  45.216226   0.004282    38.5292    38.5326     0.0035  1032.0797  1032.0822     0.0025     5.5919 7.0365e+02 1.0000e-12     0.2015 3.6737e-02      3.979    673.745    38.5288    38.5323     0.0035  1032.0794    29.0994  1032.0819    29.1020     0.0025     0.0025        137 0.0000e+00
   39.00290    0.86747    678.690    685.000    13.2412    13.2417     0.0006  45.208848  45.213111   0.004266    38.5281    38.5316     0.0035  1032.1016  1032.1042     0.0026     5.6034 7.0375e+02 1.0000e-12     0.2012 3.6631e-02      3.886    678.691    38.5278    38.5314     0.0035  1032.1015    29.0997  1032.1041    29.1023     0.0026     0.0026        151 0.0000e+00
   39.00293    0.86749    683.634    690.000    13.2392    13.2398     0.0006  45.208557  45.212881   0.004324    38.5275    38.5310     0.0035  1032.1235  1032.1261     0.0026     5.6141 7.0319e+02 1.0000e-12     0.2012 3.6439e-02      3.911    683.637    38.5274    38.5309     0.0035  1032.1234    29.0999  1032.1260    29.1025     0.0026     0.0026        147 0.0000e+00
   39.00297    0.86751    688.583    695.000    13.2320    13.2326     0.0006  45.201736  45.206071   0.004335    38.5261    38.5296     0.0035  1032.1460  1032.1485     0.0026     5.6300 7.0288e+02 1.0000e-12     0.2010 3.6594e-02      3.839    688.582    38.5259    38.5294     0.0035  1032.1458    29.1004  1032.1484    29.1030     0.0026     0.0026        131 0.0000e+00
   39.00301    0.86754    693.529    700.000    13.2283    13.2288     0.0005  45.199256  45.203433   0.004179    38.5252    38.5287     0.0035  1032.1680  1032.1706     0.0026     5.6414 7.0556e+02 1.0000e-12     0.2009 3.6601e-02      3.874    693.528    38.5251    38.5285     0.0035  1032.1679    29.1007  1032.1705    29.1033     0.0026     0.0026        128 0.0000e+00
   39.00305    0.86756    698.470    705.000    13.2261    13.2267     0.0007  45.198613  45.202978   0.004364    38.5246    38.5281     0.0035  1032.1899  1032.1924     0.0026     5.6466 7.0627e+02 1.0000e-12     0.2007 3.6540e-02      3.771    698.473    38.5245    38.5280     0.0035  1032.1898    29.1008  1032.1924    29.1034     0.0026     0.0026        123 0.0000e+00
   39.00308    0.86758    703.419    710.000    13.2236    13.2242     0.0006  45.197739  45.202008   0.004271    38.5240    38.5275     0.0035  1032.2119  1032.2145     0.0026     5.6460 7.0937e+02 1.0000e-12     0.2008 3.6602e-02      3.845    703.419    38.5239    38.5274     0.0035  1032.2118    29.1010  1032.2144    29.1037     0.0026     0.0026        128 0.0000e+00
   39.00310    0.86758    708.363    715.000    13.2219    13.2224     0.0005  45.197741  45.201970   0.004230    38.5235    38.5270     0.0035  1032.2338  1032.2364     0.0026     5.6573 7.1289e+02 1.0000e-12     0.2004 3.6756e-02      4.224    708.364    38.5234    38.5270     0.0035  1032.2337    29.1012  1032.2364    29.1039     0.0026     0.0026         97 0.0000e+00
   39.00310    0.86758    713.313    720.000    13.2203    13.2211     0.0007  45.197931  45.202398   0.004464    38.5231    38.5266     0.0035  1032.2557  1032.2583     0.0026     5.6593 7.1178e+02 1.0000e-12     0.2009 3.6531e-02      3.896    713.309    38.5230    38.5265     0.0035  1032.2557    29.1014  1032.2582    29.1039     0.0026     0.0026        109 0.0000e+00
   39.00310    0.86757    718.252    725.000    13.2170    13.2176     0.0006  45.195868  45.200124   0.004259    38.5223    38.5258     0.0035  1032.2777  1032.2803     0.0026     5.6740 7.0766e+02 1.0000e-12     0.2010 3.6431e-02      3.909    718.254    38.5222    38.5257     0.0035  1032.2776    29.1015  1032.2802    29.1042     0.0026     0.0026        109 0.0000e+00
   39.00310    0.86756    723.195    730.000    13.2136    13.2142     0.0005  45.193695  45.197904   0.004211    38.5214    38.5249     0.0035  1032.2997  1032.3023     0.0026     5.6663 7.0247e+02 1.0000e-12     0.2009 3.5973e-02      3.783    723.199    38.5213    38.5248     0.0035  1032.2996    29.1018  1032.3022    29.1043     0.0026     0.0026        101 0.0000e+00
   39.00310    0.86756    728.142    735.000    13.2103    13.2108     0.0006  45.191559  45.195954   0.004396    38.5206    38.5242     0.0036  1032.3217  1032.3244     0.0027     5.6756 7.0124e+02 1.0000e-12     0.2009 3.6422e-02      3.807    728.143    38.5205    38.5241     0.0036  1032.3216    29.1020  1032.3243    29.1047     0.0027     0.0027         97 0.0000e+00
   39.00310    0.86756    733.088    740.000    13.2073    13.2079     0.0006  45.190005  45.194289   0.004284    38.5199    38.5234     0.0035  1032.3437  1032.3463     0.0026     5.6800 6.9873e+02 1.0000e-12     0.2010 3.6550e-02      4.000    733.088    38.5198    38.5233     0.0035  1032.3436    29.1022  1032.3462    29.1048     0.0026     0.0026         96 0.0000e+00
   39.00310    0.86756    738.036    745.000    13.2054    13.2059     0.0005  45.189763  45.194004   0.004243    38.5194    38.5229     0.0035  1032.3656  1032.3683     0.0026     5.6883 6.9504e+02 1.0000e-12     0.2009 3.6001e-02      3.791    738.032    38.5193    38.5228     0.0035  1032.3655    29.1024  1032.3682    29.1050     0.0026     0.0026        118 0.0000e+00
   39.00311    0.86756    742.975    750.000    13.2035    13.2041     0.0006  45.189546  45.193825   0.004279    38.5188    38.5224     0.0035  1032.3875  1032.3901     0.0026     5.6916 6.9171e+02 1.0000e-12     0.2005 3.6056e-02      3.776    742.977    38.5188    38.5223     0.0035  1032.3874    29.1025  1032.3900    29.1051     0.0026     0.0026        108 0.0000e+00
   39.00313    0.86758    747.924    755.000    13.2023    13.2030     0.0006  45.190119  45.194411   0.004291    38.5184    38.5219     0.0035  1032.4093  1032.4119     0.0026     5.6928 6.9223e+02 1.0000e-12     0.2011 3.6482e-02      3.807    747.921    38.5183    38.5218     0.0035  1032.4093    29.1026  1032.4118    29.1051     0.0026     0.0026         76 0.0000e+00
   39.00315    0.86758    752.871    760.000    13.2000    13.2006     0.0006  45.189415  45.193754   0.004339    38.5179    38.5214     0.0035  1032.4314  1032.4339     0.0026     5.7140 6.8943e+02 1.0000e-12     0.2008 3.6554e-02      3.821    752.865    38.5178    38.5214     0.0035  1032.4313    29.1028  1032.4338    29.1054     0.0026     0.0026        100 0.0000e+00
   39.00317    0.86760    757.808    765.000    13.1961    13.1967     0.0006  45.186887  45.191139   0.004251    38.5172    38.5207     0.0035  1032.4535  1032.4561     0.0026     5.7256 6.8913e+02 1.0000e-12     0.2010 3.6580e-02      3.790    757.809    38.5171    38.5206     0.0035  1032.4535    29.1032  1032.4560    29.1058     0.0026     0.0026        144 0.0000e+00
   39.00318    0.86760    762.751    770.000    13.1940    13.1945     0.0005  45.186474  45.190695   0.004223    38.5168    38.5203     0.0035  1032.4756  1032.4782     0.0026     5.7371 6.9355e+02 1.0000e-12     0.2010 3.6343e-02      3.972    762.753    38.5167    38.5202     0.0035  1032.4755    29.1035  1032.4781    29.1061     0.0026     0.0026        124 0.0000e+00
   39.00318    0.86760    767.695    775.000    13.1932    13.1938     0.0006  45.187758  45.192013   0.004255    38.5166    38.5201     0.0035  1032.4974  1032.5000     0.0026     5.7480 6.9845e+02 1.0000e-12     0.2015 3.6248e-02      3.959    767.697    38.5165    38.5200     0.0035  1032.4974    29.1036  1032.5000    29.1063     0.0026     0.0026        114 0.0000e+00
   39.00318    0.86760    772.641    780.000    13.1912    13.1916     0.0004  45.187287  45.191359   0.004076    38.5160    38.5195     0.0035  1032.5193  1032.5219     0.0026     5.7585 7.0036e+02 1.0000e-12     0.2017 3.5948e-02      3.984    772.640    38.5159    38.5194     0.0035  1032.5192    29.1038  1032.5219    29.1064     0.0026     0.0026        103 0.0000e+00
   39.00316    0.86758    777.584    785.000    13.1862    13.1869     0.0007  45.182861  45.187371   0.004504    38.5147    38.5183     0.0036  1032.5413  1032.5439     0.0026     5.7446 6.9892e+02 1.0000e-12     0.2022 3.6025e-02      4.412    777.584    38.5146    38.5182     0.0036  1032.5412    29.1039  1032.5438    29.1066     0.0026     0.0026        115 0.0000e+00
   39.00318    0.86758    782.528    790.000    13.1839    13.1846     0.0007  45.181929  45.186438   0.004506    38.5139    38.5175     0.0036  1032.5631  1032.5656     0.0026     5.7473 6.9545e+02 1.0000e-12     0.2012 3.6250e-02      3.890    782.527    38.5138    38.5174     0.0036  1032.5630    29.1039  1032.5656    29.1066     0.0026     0.0026         97 0.0000e+00
   39.00318    0.86759    787.474    795.000    13.1824    13.1830     0.0006  45.182577  45.186833   0.004258    38.5138    38.5173     0.0035  1032.5852  1032.5878     0.0026     5.7611 6.9432e+02 1.0000e-12     0.2007 3.5740e-02      7.379    787.470    38.5137    38.5172     0.0035  1032.5851    29.1043  1032.5877    29.1070     0.0026     0.0026        130 0.0000e+00
   39.00318    0.86760    792.408    800.000    13.1799    13.1805     0.0007  45.181580  45.185948   0.004366    38.5132    38.5167     0.0035  1032.6071  1032.6097     0.0026     5.7748 6.9238e+02 1.0000e-12     0.2010 3.6183e-02      5.141    792.414    38.5131    38.5166     0.0035  1032.6071    29.1046  1032.6096    29.1072     0.0026     0.0026        122 0.0000e+00
   39.00318    0.86759    797.356    805.000    13.1780    13.1786     0.0006  45.181293  45.185645   0.004352    38.5127    38.5162     0.0035  1032.6290  1032.6316     0.0026     5.7711 6.9270e+02 1.0000e-12     0.2011 3.6898e-02      6.463    797.357    38.5126    38.5161     0.0035  1032.6290    29.1047  1032.6316    29.1074     0.0026     0.0026         92 0.0000e+00
   39.00318    0.86758    802.302    810.000    13.1750    13.1756     0.0006  45.179825  45.184210   0.004386    38.5120    38.5156     0.0036  1032.6510  1032.6537     0.0027     5.7669 6.8989e+02 1.0000e-12     0.2020 3.6450e-02      6.669    802.300    38.5119    38.5156     0.0036  1032.6510    29.1050  1032.6536    29.1077     0.0027     0.0027        117 0.0000e+00
   39.00318    0.86757    807.241    815.000    13.1691    13.1696     0.0006  45.174504  45.178733   0.004230    38.5109    38.5144     0.0035  1032.6733  1032.6759     0.0026     5.7868 6.9030e+02 1.0000e-12     0.2031 3.6377e-02      7.449    807.242    38.5107    38.5142     0.0035  1032.6732    29.1054  1032.6758    29.1080     0.0026     0.0026        130 0.0000e+00
   39.00318    0.86756    812.189    820.000    13.1678    13.1683     0.0005  45.175115  45.179289   0.004175    38.5104    38.5139     0.0035  1032.6951  1032.6977     0.0026     5.7899 6.9204e+02 1.0000e-12     0.2042 3.6249e-02      7.228    812.185    38.5103    38.5139     0.0035  1032.6951    29.1055  1032.6977    29.1082     0.0026     0.0026        133 0.0000e+00
   39.00318    0.86756    817.120    825.000    13.1660    13.1665     0.0005  45.174894  45.179151   0.004257    38.5098    38.5134     0.0036  1032.7169  1032.7195     0.0026     5.7909 6.9636e+02 1.0000e-12     0.2043 3.6440e-02      7.572    817.128    38.5098    38.5133     0.0036  1032.7169    29.1056  1032.7195    29.1083     0.0026     0.0026        110 0.0000e+00
   39.00318    0.86755    822.075    830.000    13.1594    13.1602     0.0008  45.168706  45.173243   0.004532    38.5085    38.5121     0.0036  1032.7393  1032.7418     0.0026     5.7908 7.0367e+02 1.0000e-12     0.2053 3.6591e-02      8.815    822.070    38.5083    38.5119     0.0036  1032.7391    29.1061  1032.7417    29.1087     0.0026     0.0026        119 0.0000e+00
   39.00315    0.86753    827.038    835.000    13.1508    13.1512     0.0004  45.160068  45.164206   0.004146    38.5067    38.5103     0.0036  1032.7617  1032.7644     0.0027     5.7967 7.1102e+02 1.0000e-12     0.2110 3.7394e-02      9.807    827.012    38.5065    38.5101     0.0036  1032.7615    29.1066  1032.7641    29.1093     0.0027     0.0027         53 0.0000e+00
