example data/fromGithub/from cmunozmas_plot_raw_ctd/ds2_08.cnv
* Sea-Bird SBE 9 Data File:
* FileName = C:\OCEANO\CTD\DATOS\2019-02_SOCIB CanalesWinter19\S_08.hex
* Software Version Seasave V 7.26.7.121
* Temperature SN = 5391
* Conductivity SN = 3718
* Number of Bytes Per Scan = 40
* Number of Voltage Words = 5
* Number of Scans Averaged by the Deck Unit = 1
* NMEA Latitude = 38 59.95 N
* NMEA Longitude = 000 20.82 E
* NMEA UTC (Time) = Mar 06 2019  08:30:21
* NMEA baud rate = 4800
** Ship:B/O SOCIB
** Cruise: SOCIB-Canales Winter19
** Station: S2_ 08
** Date:  2019/03/06
** Time (UTC):  8:30
** Bottom Depth (m):  279
** Operator: NCW PBH
# nquan = 34
# nvalues = 57                          
# units = specified
# name 0 = latitude: Latitude [deg]
# name 1 = longitude: Longitude [deg]
# name 2 = depSM: Depth [salt water, m]
# name 3 = prDM: Pressure, Digiquartz [db]
# name 4 = t090C: Temperature [ITS-90, deg C]
# name 5 = t190C: Temperature, 2 [ITS-90, deg C]
# name 6 = T2-T190C: Temperature Difference, 2 - 1 [ITS-90, deg C]
# name 7 = c0mS/cm: Conductivity [mS/cm]
# name 8 = c1mS/cm: Conductivity, 2 [mS/cm]
# name 9 = C2-C1mS/cm: Conductivity Difference, 2 - 1 [mS/cm]
# name 10 = sal00: Salinity, Practical [PSU]
# name 11 = sal11: Salinity, Practical, 2 [PSU]
# name 12 = secS-priS: Salinity, Practical, Difference, 2 - 1 [PSU]
# name 13 = density00: Density [density, kg/m^3]
# name 14 = density11: Density, 2 [density, kg/m^3]
# name 15 = D2-D1,d: Density Difference, 2 - 1 [density, kg/m^3]
# name 16 = sbeox0Mg/L: Oxygen, SBE 43 [mg/l]
# name 17 = spar: SPAR/Surface Irradiance
# name 18 = par: PAR/Irradiance, Biospherical/Licor
# name 19 = CStarAt0: Beam Attenuation, WET Labs C-Star [1/m]
# name 20 = flSP: Fluorescence, Seapoint
# name 21 = seaTurbMtr: Turbidity, Seapoint [FTU]
# name 22 = depSM: Depth [salt water, m], lat = 38.9992
# name 23 = sal00: Salinity, Practical [PSU]
# name 24 = sal11: Salinity, Practical, 2 [PSU]
# name 25 = secS-priS: Salinity, Practical, Difference, 2 - 1 [PSU]
# name 26 = density00: Density [density, kg/m^3]
# name 27 = sigma-é00: Density [sigma-theta, kg/m^3]
# name 28 = density11: Density, 2 [density, kg/m^3]
# name 29 = sigma-é11: Density, 2 [sigma-theta, kg/m^3]
# name 30 = D2-D1,d: Density Difference, 2 - 1 [density, kg/m^3]
# name 31 = D2-D1: Density Difference, 2 - 1 [sigma-theta, kg/m^3]
# name 32 = nbin: number of scans per bin
# name 33 = flag: flag
# span 0 =   39.00075,   39.00262       
# span 1 =    0.34780,    0.34938       
# span 2 =      4.963,    282.653       
# span 3 =      5.000,    285.000       
# span 4 =    13.3284,    14.6215       
# span 5 =    13.3288,    14.6221       
# span 6 =     0.0002,     0.0030       
# span 7 =  44.838563,  46.030039       
# span 8 =  44.842860,  46.035000       
# span 9 =   0.003916,   0.006502       
# span 10 =    38.2166,    38.2954      
# span 11 =    38.2200,    38.2989      
# span 12 =     0.0031,     0.0041      
# span 13 =  1028.5656,  1030.1378      
# span 14 =  1028.5686,  1030.1405      
# span 15 =     0.0017,     0.0030      
# span 16 =     7.1362,     7.8415      
# span 17 = 3.0949e+02, 3.7717e+02      
# span 18 = -4.232e-05, 1.0994e+02      
# span 19 =     0.2312,     0.3286      
# span 20 = 5.5584e-02, 9.0860e-01      
# span 21 =      6.611,     28.062      
# span 22 =      4.962,    282.647      
# span 23 =    38.2085,    38.2953      
# span 24 =    38.2119,    38.2988      
# span 25 =     0.0031,     0.0041      
# span 26 =  1028.5656,  1030.1379      
# span 27 =    28.5437,    28.8837      
# span 28 =  1028.5686,  1030.1404      
# span 29 =    28.5467,    28.8863      
# span 30 =     0.0017,     0.0030      
# span 31 =     0.0017,     0.0030      
# span 32 =         73,        223      
# span 33 = 0.0000e+00, 0.0000e+00      
# interval = decibars: 5                
# start_time = Mar 06 2019 08:30:21 [NMEA time, header]
# bad_flag = -9.990e-29
*END*
[from data line 43]
   39.00183    0.34820    218.221    220.000    13.3967    13.3975     0.0007  44.899293  44.903823   0.004532    38.2825    38.2862     0.0036  1029.8309  1029.8336     0.0027     7.3493 3.5628e+02 1.0000e-12     0.2446 1.7910e-01      8.585    218.218    38.2821    38.2857     0.0036  1029.8305    28.8620  1029.8332    28.8646     0.0027     0.0027        139 0.0000e+00
   39.00188    0.34819    223.173    225.000    13.3700    13.3706     0.0006  44.872123  44.876433   0.004315    38.2813    38.2849     0.0036  1029.8578  1029.8605     0.0027     7.3815 3.5248e+02 1.0000e-12     0.2454 1.7778e-01      9.317    223.175    38.2806    38.2842     0.0036  1029.8573    28.8667  1029.8599    28.8693     0.0027     0.0027        144 0.0000e+00
   39.00192    0.34817    228.133    230.000    13.3561    13.3567     0.0006  44.858725  44.863082   0.004358    38.2801    38.2837     0.0036  1029.8820  1029.8846     0.0027     7.3833 3.4811e+02 1.0000e-12     0.2456 1.7747e-01     15.377    228.131    38.2796    38.2832     0.0036  1029.8815    28.8689  1029.8842    28.8716     0.0027     0.0027        144 0.0000e+00
   39.00196    0.34816    233.088    235.000    13.3418    13.3423     0.0005  44.846065  44.850282   0.004218    38.2800    38.2836     0.0036  1029.9071  1029.9098     0.0027     7.3705 3.4487e+02 1.0000e-12     0.2452 1.7501e-01     10.370    233.088    38.2795    38.2831     0.0036  1029.9067    28.8720  1029.9094    28.8747     0.0027     0.0027        113 0.0000e+00
   39.00200    0.34813    238.042    240.000    13.3294    13.3299     0.0005  44.838563  44.842860   0.004296    38.2830    38.2866     0.0037  1029.9341  1029.9369     0.0027     7.3127 3.4068e+02 1.0000e-12     0.2459 1.5231e-01     12.384    238.044    38.2826    38.2862     0.0037  1029.9338    28.8772  1029.9366    28.8799     0.0027     0.0027        140 0.0000e+00
   39.00206    0.34812    243.002    245.000    13.3284    13.3288     0.0005  44.840915  44.845170   0.004255    38.2838    38.2874     0.0036  1029.9571  1029.9598     0.0027     7.2890 3.3810e+02 1.0000e-12     0.2505 1.2289e-01     15.685    243.001    38.2836    38.2872     0.0036  1029.9570    28.8783  1029.9597    28.8810     0.0027     0.0027        161 0.0000e+00
   39.00211    0.34809    247.956    250.000    13.3299    13.3301     0.0002  44.845624  44.849554   0.003934    38.2844    38.2879     0.0035  1029.9794  1029.9821     0.0027     7.2801 3.3676e+02 1.0000e-12     0.2523 1.1465e-01     16.664    247.957    38.2844    38.2879     0.0035  1029.9793    28.8788  1029.9820    28.8814     0.0027     0.0027        153 0.0000e+00
   39.00217    0.34807    252.911    255.000    13.3323    13.3328     0.0005  44.851605  44.855941   0.004332    38.2853    38.2890     0.0037  1030.0017  1030.0044     0.0027     7.2678 3.3628e+02 1.0000e-12     0.2556 1.2807e-01     19.522    252.913    38.2854    38.2890     0.0037  1030.0017    28.8792  1030.0044    28.8819     0.0027     0.0027        105 0.0000e+00
   39.00224    0.34804    257.871    260.000    13.3334    13.3339     0.0005  44.855486  44.859934   0.004445    38.2857    38.2894     0.0037  1030.0238  1030.0266     0.0028     7.2636 3.3390e+02 1.0000e-12     0.2570 1.1423e-01     19.266    257.869    38.2857    38.2895     0.0037  1030.0238    28.8794  1030.0266    28.8822     0.0028     0.0028        185 0.0000e+00
   39.00231    0.34801    262.823    265.000    13.3358    13.3362     0.0005  44.862948  44.867253   0.004305    38.2882    38.2919     0.0037  1030.0474  1030.0501     0.0027     7.2335 3.3127e+02 1.0000e-12     0.2630 9.6849e-02     22.420    262.825    38.2883    38.2919     0.0037  1030.0474    28.8810  1030.0501    28.8837     0.0027     0.0027        145 0.0000e+00
   39.00240    0.34796    267.782    270.000    13.3371    13.3376     0.0005  44.867507  44.871831   0.004322    38.2890    38.2926     0.0036  1030.0698  1030.0725     0.0027     7.2361 3.3077e+02 1.0000e-12     0.2676 9.6936e-02     22.923    267.781    38.2890    38.2927     0.0036  1030.0698    28.8815  1030.0725    28.8842     0.0027     0.0027        154 0.0000e+00
   39.00248    0.34791    272.735    275.000    13.3395    13.3401     0.0005  44.874512  44.878849   0.004337    38.2910    38.2946     0.0036  1030.0929  1030.0956     0.0027     7.2138 3.2505e+02 1.0000e-12     0.2705 9.8149e-02     25.531    272.736    38.2910    38.2946     0.0036  1030.0930    28.8826  1030.0958    28.8853     0.0027     0.0027        223 0.0000e+00
   39.00256    0.34785    277.691    280.000    13.3405    13.3409     0.0005  44.877755  44.882096   0.004342    38.2909    38.2946     0.0037  1030.1147  1030.1175     0.0028     7.2106 3.1927e+02 2.1032e-07     0.2736 9.3969e-02     24.690    277.692    38.2909    38.2946     0.0037  1030.1147    28.8825  1030.1175    28.8853     0.0028     0.0028        180 0.0000e+00
   39.00262    0.34780    282.653    285.000    13.3428    13.3432     0.0004  44.884599  44.888642   0.004044    38.2929    38.2963     0.0035  1030.1378  1030.1405     0.0026     7.2239 3.0949e+02 4.8805e-07     0.2744 1.0490e-01     28.062    282.647    38.2929    38.2964     0.0035  1030.1379    28.8837  1030.1404    28.8863     0.0026     0.0026         83 0.0000e+00
