example data/fromGithub/from cmunozmas_plot_raw_ctd/ds2_06.cnv
* Sea-Bird SBE 9 Data File:
* FileName = C:\OCEANO\CTD\DATOS\2019-02_SOCIB CanalesWinter19\S_06.hex
* Software Version Seasave V 7.26.7.121
* Temperature SN = 5391
* Conductivity SN = 3718
* Number of Bytes Per Scan = 40
* Number of Voltage Words = 5
* Number of Scans Averaged by the Deck Unit = 1
* NMEA Latitude = 38 59.94 N
* NMEA Longitude = 000 36.17 E
* NMEA UTC (Time) = Mar 06 2019  10:28:21
* NMEA baud rate = 4800
** Ship:B/O SOCIB
** Cruise: SOCIB-Canales Winter19
** Station: S2_ 06
** Date:  2019/03/06
** Time (UTC):  10:30
** Bottom Depth (m):  915
** Operator: NCW JBM
# nquan = 34
# nvalues = 184                         
# units = specified
# name 0 = latitude: Latitude [deg]
# name 1 = longitude: Longitude [deg]
# name 2 = depSM: Depth [salt water, m]
# name 3 = prDM: Pressure, Digiquartz [db]
# name 4 = t090C: Temperature [ITS-90, deg C]
# name 5 = t190C: Temperature, 2 [ITS-90, deg C]
# name 6 = T2-T190C: Temperature Difference, 2 - 1 [ITS-90, deg C]
# name 7 = c0mS/cm: Conductivity [mS/cm]
# name 8 = c1mS/cm: Conductivity, 2 [mS/cm]
# name 9 = C2-C1mS/cm: Conductivity Difference, 2 - 1 [mS/cm]
# name 10 = sal00: Salinity, Practical [PSU]
# name 11 = sal11: Salinity, Practical, 2 [PSU]
# name 12 = secS-priS: Salinity, Practical, Difference, 2 - 1 [PSU]
# name 13 = density00: Density [density, kg/m^3]
# name 14 = density11: Density, 2 [density, kg/m^3]
# name 15 = D2-D1,d: Density Difference, 2 - 1 [density, kg/m^3]
# name 16 = sbeox0Mg/L: Oxygen, SBE 43 [mg/l]
# name 17 = spar: SPAR/Surface Irradiance
# name 18 = par: PAR/Irradiance, Biospherical/Licor
# name 19 = CStarAt0: Beam Attenuation, WET Labs C-Star [1/m]
# name 20 = flSP: Fluorescence, Seapoint
# name 21 = seaTurbMtr: Turbidity, Seapoint [FTU]
# name 22 = depSM: Depth [salt water, m], lat = 38.999
# name 23 = sal00: Salinity, Practical [PSU]
# name 24 = sal11: Salinity, Practical, 2 [PSU]
# name 25 = secS-priS: Salinity, Practical, Difference, 2 - 1 [PSU]
# name 26 = density00: Density [density, kg/m^3]
# name 27 = sigma-é00: Density [sigma-theta, kg/m^3]
# name 28 = density11: Density, 2 [density, kg/m^3]
# name 29 = sigma-é11: Density, 2 [sigma-theta, kg/m^3]
# name 30 = D2-D1,d: Density Difference, 2 - 1 [density, kg/m^3]
# name 31 = D2-D1: Density Difference, 2 - 1 [sigma-theta, kg/m^3]
# name 32 = nbin: number of scans per bin
# name 33 = flag: flag
# span 0 =   39.00009,   39.00190       
# span 1 =    0.60588,    0.60721       
# span 2 =      4.970,    911.032       
# span 3 =      5.000,    920.000       
# span 4 =    13.2441,    14.4988       
# span 5 =    13.2446,    14.4994       
# span 6 =    -0.0000,     0.0028       
# span 7 =  44.673204,  45.895583       
# span 8 =  44.677290,  45.899581       
# span 9 =   0.003265,   0.006799       
# span 10 =    38.2062,    38.5841      
# span 11 =    38.2099,    38.5877      
# span 12 =     0.0033,     0.0041      
# span 13 =  1028.5911,  1033.1242      
# span 14 =  1028.5936,  1033.1270      
# span 15 =     0.0019,     0.0030      
# span 16 =     5.5594,     8.1095      
# span 17 = 4.7980e+02, 5.6335e+02      
# span 18 = 1.0000e-12, 2.0803e+02      
# span 19 =     0.1991,     0.3992      
# span 20 = 3.6110e-02, 1.2541e+00      
# span 21 =      3.636,     26.144      
# span 22 =      4.962,    911.014      
# span 23 =    38.2021,    38.5841      
# span 24 =    38.2058,    38.5877      
# span 25 =     0.0033,     0.0041      
# span 26 =  1028.5910,  1033.1242      
# span 27 =    28.5690,    29.1027      
# span 28 =  1028.5935,  1033.1270      
# span 29 =    28.5716,    29.1055      
# span 30 =     0.0019,     0.0031      
# span 31 =     0.0019,     0.0031      
# span 32 =         66,        162      
# span 33 = 0.0000e+00, 0.0000e+00      
# interval = decibars: 5                
# start_time = Mar 06 2019 10:28:21 [NMEA time, header]
# bad_flag = -9.990e-29
*END*
[from data line 171]
   39.00166    0.60594    851.725    860.000    13.2825    13.2832     0.0007  45.337071  45.341765   0.004693    38.5324    38.5361     0.0037  1032.8612  1032.8639     0.0027     5.7098 4.8406e+02 1.0000e-12     0.2033 3.6110e-02      4.636    851.722    38.5323    38.5361     0.0037  1032.8611    29.1001  1032.8638    29.1028     0.0027     0.0027         76 0.0000e+00
   39.00166    0.60592    856.666    865.000    13.2770    13.2778     0.0008  45.332396  45.337140   0.004743    38.5314    38.5351     0.0037  1032.8834  1032.8861     0.0027     5.7307 4.8299e+02 1.0000e-12     0.2064 3.6555e-02      5.333    856.664    38.5312    38.5349     0.0037  1032.8833    29.1005  1032.8860    29.1032     0.0027     0.0027        126 0.0000e+00
   39.00167    0.60592    861.605    870.000    13.2754    13.2761     0.0007  45.332660  45.337342   0.004682    38.5310    38.5347     0.0037  1032.9053  1032.9080     0.0027     5.7352 4.8292e+02 1.0000e-12     0.2079 3.6519e-02      5.687    861.606    38.5309    38.5346     0.0037  1032.9052    29.1007  1032.9079    29.1035     0.0027     0.0027        130 0.0000e+00
   39.00168    0.60592    866.548    875.000    13.2742    13.2749     0.0007  45.333256  45.337891   0.004636    38.5305    38.5343     0.0037  1032.9271  1032.9298     0.0027     5.7245 4.8270e+02 1.0000e-12     0.2083 3.6227e-02      5.908    866.547    38.5305    38.5342     0.0037  1032.9270    29.1009  1032.9297    29.1036     0.0027     0.0027        127 0.0000e+00
   39.00170    0.60592    871.487    880.000    13.2684    13.2690     0.0006  45.328093  45.332613   0.004522    38.5294    38.5331     0.0037  1032.9493  1032.9520     0.0027     5.7329 4.8226e+02 1.0000e-12     0.2087 3.6210e-02      6.758    871.488    38.5292    38.5329     0.0037  1032.9491    29.1012  1032.9518    29.1039     0.0027     0.0027        131 0.0000e+00
   39.00172    0.60591    876.432    885.000    13.2608    13.2615     0.0007  45.320549  45.325138   0.004590    38.5277    38.5314     0.0037  1032.9715  1032.9742     0.0027     5.7309 4.8227e+02 1.0000e-12     0.2087 3.6191e-02      7.553    876.429    38.5275    38.5312     0.0037  1032.9714    29.1016  1032.9741    29.1044     0.0027     0.0027        117 0.0000e+00
   39.00174    0.60590    881.368    890.000    13.2585    13.2593     0.0007  45.319822  45.324498   0.004675    38.5271    38.5308     0.0037  1032.9933  1032.9960     0.0027     5.7384 4.8202e+02 1.0000e-12     0.2084 3.6390e-02      8.215    881.370    38.5269    38.5307     0.0037  1032.9932    29.1018  1032.9960    29.1046     0.0027     0.0027        125 0.0000e+00
   39.00177    0.60590    886.309    895.000    13.2558    13.2565     0.0007  45.318338  45.323085   0.004746    38.5262    38.5300     0.0038  1033.0151  1033.0179     0.0027     5.7308 4.8132e+02 1.0000e-12     0.2084 3.6481e-02      8.771    886.311    38.5261    38.5299     0.0038  1033.0150    29.1019  1033.0178    29.1047     0.0027     0.0027         99 0.0000e+00
   39.00180    0.60590    891.261    900.000    13.2501    13.2507     0.0006  45.313342  45.317792   0.004453    38.5250    38.5287     0.0037  1033.0373  1033.0400     0.0027     5.7321 4.8108e+02 1.0000e-12     0.2076 3.6171e-02      9.007    891.252    38.5249    38.5285     0.0036  1033.0372    29.1023  1033.0398    29.1050     0.0027     0.0027         95 0.0000e+00
   39.00183    0.60590    896.188    905.000    13.2483    13.2490     0.0008  45.313350  45.318021   0.004670    38.5247    38.5284     0.0037  1033.0592  1033.0619     0.0027     5.7261 4.8119e+02 1.0000e-12     0.2103 3.6461e-02     10.291    896.193    38.5246    38.5283     0.0037  1033.0592    29.1026  1033.0619    29.1053     0.0027     0.0027        110 0.0000e+00
   39.00186    0.60588    901.137    910.000    13.2487    13.2494     0.0007  45.316231  45.320759   0.004528    38.5247    38.5284     0.0037  1033.0810  1033.0837     0.0027     5.7323 4.8107e+02 1.0000e-12     0.2142 3.6629e-02     11.919    901.134    38.5247    38.5284     0.0037  1033.0810    29.1027  1033.0837    29.1055     0.0027     0.0027        131 0.0000e+00
   39.00189    0.60588    906.070    915.000    13.2493    13.2498     0.0006  45.318941  45.323464   0.004524    38.5246    38.5283     0.0038  1033.1026  1033.1053     0.0028     5.7212 4.8063e+02 1.4693e-07     0.2154 3.6417e-02     12.033    906.074    38.5246    38.5283     0.0038  1033.1026    29.1027  1033.1053    29.1055     0.0028     0.0028        127 0.0000e+00
   39.00190    0.60588    911.032    920.000    13.2503    13.2508     0.0006  45.322273  45.326855   0.004583    38.5246    38.5284     0.0038  1033.1242  1033.1270     0.0028     5.7281 4.7980e+02 5.5840e-07     0.2166 3.6758e-02     12.620    911.014    38.5246    38.5284     0.0038  1033.1242    29.1027  1033.1270    29.1055     0.0028     0.0028         66 0.0000e+00
