example data/fromGithub/from cmunozmas_plot_raw_ctd/ds2_02.cnv
* Sea-Bird SBE 9 Data File:
* FileName = C:\OCEANO\CTD\DATOS\2019-02_SOCIB CanalesWinter19\S_02.hex
* Software Version Seasave V 7.26.7.121
* Temperature SN = 5391
* Conductivity SN = 3718
* Number of Bytes Per Scan = 40
* Number of Voltage Words = 5
* Number of Scans Averaged by the Deck Unit = 1
* NMEA Latitude = 38 59.95 N
* NMEA Longitude = 001 07.15 E
* NMEA UTC (Time) = Mar 06 2019  14:55:41
* NMEA baud rate = 4800
** Ship:B/O SOCIB
** Cruise: SOCIB-Canales Winter19
** Station: S2_ 02
** Date:  2019/03/06
** Time (UTC):  14:57
** Bottom Depth (m):  120
** Operator: NCW JBM
# nquan = 34
# nvalues = 23                          
# units = specified
# name 0 = latitude: Latitude [deg]
# name 1 = longitude: Longitude [deg]
# name 2 = depSM: Depth [salt water, m]
# name 3 = prDM: Pressure, Digiquartz [db]
# name 4 = t090C: Temperature [ITS-90, deg C]
# name 5 = t190C: Temperature, 2 [ITS-90, deg C]
# name 6 = T2-T190C: Temperature Difference, 2 - 1 [ITS-90, deg C]
# name 7 = c0mS/cm: Conductivity [mS/cm]
# name 8 = c1mS/cm: Conductivity, 2 [mS/cm]
# name 9 = C2-C1mS/cm: Conductivity Difference, 2 - 1 [mS/cm]
# name 10 = sal00: Salinity, Practical [PSU]
# name 11 = sal11: Salinity, Practical, 2 [PSU]
# name 12 = secS-priS: Salinity, Practical, Difference, 2 - 1 [PSU]
# name 13 = density00: Density [density, kg/m^3]
# name 14 = density11: Density, 2 [density, kg/m^3]
# name 15 = D2-D1,d: Density Difference, 2 - 1 [density, kg/m^3]
# name 16 = sbeox0Mg/L: Oxygen, SBE 43 [mg/l]
# name 17 = spar: SPAR/Surface Irradiance
# name 18 = par: PAR/Irradiance, Biospherical/Licor
# name 19 = CStarAt0: Beam Attenuation, WET Labs C-Star [1/m]
# name 20 = flSP: Fluorescence, Seapoint
# name 21 = seaTurbMtr: Turbidity, Seapoint [FTU]
# name 22 = depSM: Depth [salt water, m], lat = 38.9992
# name 23 = sal00: Salinity, Practical [PSU]
# name 24 = sal11: Salinity, Practical, 2 [PSU]
# name 25 = secS-priS: Salinity, Practical, Difference, 2 - 1 [PSU]
# name 26 = density00: Density [density, kg/m^3]
# name 27 = sigma-é00: Density [sigma-theta, kg/m^3]
# name 28 = density11: Density, 2 [density, kg/m^3]
# name 29 = sigma-é11: Density, 2 [sigma-theta, kg/m^3]
# name 30 = D2-D1,d: Density Difference, 2 - 1 [density, kg/m^3]
# name 31 = D2-D1: Density Difference, 2 - 1 [sigma-theta, kg/m^3]
# name 32 = nbin: number of scans per bin
# name 33 = flag: flag
# span 0 =   39.00129,   39.00216       
# span 1 =    1.12199,    1.12219       
# span 2 =      4.957,    114.101       
# span 3 =      5.000,    115.000       
# span 4 =    13.4606,    14.8434       
# span 5 =    13.4605,    14.8440       
# span 6 =    -0.0010,     0.0025       
# span 7 =  44.894490,  46.224579       
# span 8 =  44.898448,  46.229617       
# span 9 =   0.002855,   0.006783       
# span 10 =    38.1883,    38.3414      
# span 11 =    38.1923,    38.3448      
# span 12 =     0.0029,     0.0040      
# span 13 =  1028.4899,  1029.3808      
# span 14 =  1028.4928,  1029.3833      
# span 15 =     0.0019,     0.0030      
# span 16 =     6.9407,     8.0632      
# span 17 = 5.0428e+02, 5.8683e+02      
# span 18 = 8.0551e-02, 1.4064e+02      
# span 19 =     0.2240,     0.3920      
# span 20 = 7.7503e-02, 1.0472e+00      
# span 21 =      9.657,     24.692      
# span 22 =      4.962,    114.097      
# span 23 =    38.1887,    38.3417      
# span 24 =    38.1928,    38.3450      
# span 25 =     0.0029,     0.0040      
# span 26 =  1028.4903,  1029.3810      
# span 27 =    28.4684,    28.8745      
# span 28 =  1028.4933,  1029.3835      
# span 29 =    28.4714,    28.8770      
# span 30 =     0.0019,     0.0030      
# span 31 =     0.0019,     0.0030      
# span 32 =         64,        154      
# span 33 = 0.0000e+00, 0.0000e+00      
# interval = decibars: 5                
# start_time = Mar 06 2019 14:55:41 [NMEA time, header]
# bad_flag = -9.990e-29
*END*
   39.00129    1.12199      4.957      5.000    14.8434    14.8440     0.0007  46.224579  46.229617   0.005040    38.1883    38.1923     0.0040  1028.4899  1028.4928     0.0030     7.8429 5.0760e+02 1.4064e+02     0.3596 2.8991e-01     16.023      4.962    38.1887    38.1928     0.0040  1028.4903    28.4684  1028.4933    28.4714     0.0030     0.0030         64 0.0000e+00
   39.00134    1.12202      9.922     10.000    14.8278    14.8285     0.0007  46.211074  46.215760   0.004685    38.1896    38.1932     0.0037  1028.5166  1028.5192     0.0027     7.8357 5.0428e+02 9.6352e+01     0.3567 3.6677e-01     16.174      9.924    38.1893    38.1930     0.0037  1028.5163    28.4725  1028.5190    28.4751     0.0027     0.0027        133 0.0000e+00
   39.00139    1.12203     14.888     15.000    14.8203    14.8207     0.0005  46.206087  46.210559   0.004474    38.1902    38.1938     0.0036  1028.5408  1028.5435     0.0027     7.8262 5.0843e+02 7.4121e+01     0.3537 3.9885e-01     14.394     14.886    38.1899    38.1936     0.0036  1028.5406    28.4748  1028.5434    28.4776     0.0027     0.0027        149 0.0000e+00
   39.00141    1.12204     19.846     20.000    14.8000    14.7992    -0.0010  46.188797  46.191625   0.002855    38.1919    38.1955     0.0036  1028.5688  1028.5718     0.0030     7.8321 5.2198e+02 5.5631e+01     0.3553 4.1691e-01     15.139     19.848    38.1915    38.1950     0.0036  1028.5685    28.4807  1028.5713    28.4836     0.0030     0.0030        129 0.0000e+00
   39.00145    1.12204     24.809     25.000    14.6813    14.6829     0.0016  46.067209  46.072133   0.004886    38.1959    38.1988     0.0029  1028.6204  1028.6223     0.0019     7.9028 5.3201e+02 4.1469e+01     0.3556 4.6101e-01     17.625     24.809    38.1931    38.1961     0.0029  1028.6183    28.5086  1028.6203    28.5106     0.0019     0.0019        125 0.0000e+00
   39.00148    1.12206     29.772     30.000    14.4320    14.4335     0.0015  45.807227  45.812055   0.004814    38.2000    38.2029     0.0030  1028.7011  1028.7031     0.0020     7.9686 5.3217e+02 2.9838e+01     0.3710 6.1026e-01     20.164     29.771    38.1943    38.1974     0.0030  1028.6967    28.5649  1028.6988    28.5670     0.0020     0.0020        151 0.0000e+00
   39.00151    1.12208     34.730     35.000    14.3422    14.3419     0.0001  45.722704  45.725933   0.003257    38.2059    38.2093     0.0034  1028.7476  1028.7503     0.0027     7.9870 5.3304e+02 2.0539e+01     0.3811 6.8493e-01     20.193     34.732    38.2018    38.2052     0.0035  1028.7444    28.5907  1028.7471    28.5933     0.0027     0.0027        119 0.0000e+00
   39.00155    1.12208     39.696     40.000    14.2863    14.2870     0.0007  45.672840  45.677211   0.004372    38.2112    38.2145     0.0034  1028.7861  1028.7885     0.0025     7.9736 5.3756e+02 1.4118e+01     0.3820 7.4160e-01     18.611     39.693    38.2082    38.2115     0.0034  1028.7838    28.6080  1028.7862    28.6104     0.0025     0.0025        151 0.0000e+00
   39.00158    1.12208     44.654     45.000    14.1084    14.1089     0.0006  45.511709  45.515777   0.004067    38.2359    38.2391     0.0032  1028.8663  1028.8687     0.0023     8.0632 5.4448e+02 9.6172e+00     0.3829 8.5803e-01     18.728     44.654    38.2310    38.2343     0.0032  1028.8625    28.6646  1028.8649    28.6670     0.0023     0.0023        126 0.0000e+00
   39.00161    1.12208     49.616     50.000    13.9636    13.9646     0.0010  45.371356  45.376169   0.004804    38.2451    38.2486     0.0035  1028.9271  1028.9296     0.0025     7.9491 5.4635e+02 6.3287e+00     0.3920 1.0472e+00     20.400     49.615    38.2404    38.2440     0.0035  1028.9235    28.7035  1028.9260    28.7060     0.0025     0.0025        139 0.0000e+00
   39.00165    1.12208     54.575     55.000    13.8201    13.8215     0.0014  45.212503  45.217877   0.005363    38.2360    38.2397     0.0037  1028.9733  1028.9759     0.0026     8.0186 5.5071e+02 4.1028e+00     0.3782 1.0319e+00     19.655     54.576    38.2308    38.2345     0.0037  1028.9692    28.7271  1028.9718    28.7297     0.0026     0.0026        133 0.0000e+00
   39.00169    1.12208     59.536     60.000    13.7757    13.7760     0.0004  45.209908  45.214005   0.004112    38.2732    38.2767     0.0035  1029.0337  1029.0363     0.0026     7.9430 5.5126e+02 2.6613e+00     0.3634 8.9292e-01     18.536     59.537    38.2705    38.2741     0.0035  1029.0317    28.7675  1029.0344    28.7702     0.0026     0.0026        120 0.0000e+00
   39.00173    1.12208     64.497     65.000    13.6618    13.6640     0.0019  45.095264  45.101008   0.005727    38.2773    38.2808     0.0035  1029.0837  1029.0860     0.0023     7.7749 5.5394e+02 1.7824e+00     0.3241 7.7555e-01     15.944     64.498    38.2732    38.2766     0.0035  1029.0805    28.7942  1029.0826    28.7963     0.0023     0.0023        115 0.0000e+00
   39.00177    1.12211     69.459     70.000    13.5865    13.5897     0.0025  45.016456  45.023311   0.006783    38.2748    38.2783     0.0035  1029.1200  1029.1220     0.0021     7.7222 5.5313e+02 1.2357e+00     0.2976 7.1423e-01     14.208     69.458    38.2714    38.2750     0.0035  1029.1174    28.8090  1029.1194    28.8111     0.0021     0.0021        122 0.0000e+00
   39.00181    1.12212     74.420     75.000    13.4987    13.4996     0.0010  44.928424  44.933131   0.004744    38.2764    38.2800     0.0035  1029.1622  1029.1647     0.0025     7.4603 5.2456e+02 8.8558e-01     0.2711 4.5887e-01     11.263     74.419    38.2732    38.2768     0.0035  1029.1597    28.8292  1029.1623    28.8317     0.0025     0.0025        128 0.0000e+00
   39.00185    1.12213     79.379     80.000    13.4636    13.4639     0.0003  44.894490  44.898448   0.003992    38.2759    38.2794     0.0035  1029.1914  1029.1941     0.0027     7.3888 5.4043e+02 6.5893e-01     0.2456 2.8482e-01     10.582     79.379    38.2738    38.2772     0.0035  1029.1898    28.8371  1029.1924    28.8398     0.0027     0.0027        132 0.0000e+00
   39.00189    1.12214     84.335     85.000    13.4606    13.4605    -0.0002  44.903616  44.907083   0.003491    38.2842    38.2877     0.0035  1029.2206  1029.2234     0.0028     7.3719 5.5035e+02 5.0139e-01     0.2341 1.9709e-01      9.657     84.339    38.2832    38.2867     0.0035  1029.2199    28.8453  1029.2226    28.8480     0.0028     0.0028        110 0.0000e+00
   39.00192    1.12214     89.302     90.000    13.4877    13.4880     0.0003  44.951638  44.955707   0.004072    38.2996    38.3032     0.0036  1029.2490  1029.2517     0.0027     7.1798 5.6858e+02 3.8698e-01     0.2240 1.4327e-01     11.365     89.299    38.2997    38.3032     0.0036  1029.2490    28.8524  1029.2517    28.8551     0.0027     0.0027        124 0.0000e+00
   39.00196    1.12214     94.259     95.000    13.5065    13.5074     0.0009  44.984321  44.989419   0.005089    38.3094    38.3134     0.0039  1029.2748  1029.2776     0.0028     7.1244 5.7604e+02 3.0044e-01     0.2304 9.5659e-02     13.629     94.259    38.3097    38.3137     0.0039  1029.2750    28.8564  1029.2779    28.8593     0.0028     0.0028        138 0.0000e+00
   39.00201    1.12214     99.218    100.000    13.5136    13.5136     0.0000  45.000073  45.003601   0.003541    38.3150    38.3184     0.0034  1029.2997  1029.3023     0.0026     7.0823 5.8125e+02 2.2613e-01     0.2342 9.2883e-02     15.301     99.219    38.3153    38.3187     0.0034  1029.3000    28.8594  1029.3026    28.8620     0.0026     0.0026        128 0.0000e+00
   39.00206    1.12216    104.179    105.000    13.5233    13.5236     0.0003  45.019371  45.023578   0.004207    38.3214    38.3252     0.0037  1029.3248  1029.3276     0.0028     7.0299 5.8392e+02 1.7036e-01     0.2406 8.7548e-02     16.280    104.178    38.3217    38.3255     0.0037  1029.3250    28.8625  1029.3278    28.8653     0.0028     0.0028        154 0.0000e+00
   39.00210    1.12217    109.139    110.000    13.5323    13.5327     0.0004  45.043157  45.047204   0.004045    38.3329    38.3364     0.0035  1029.3539  1029.3565     0.0026     6.9768 5.8683e+02 1.2764e-01     0.2479 8.1196e-02     20.780    109.138    38.3332    38.3367     0.0035  1029.3541    28.8696  1029.3567    28.8722     0.0026     0.0026        146 0.0000e+00
   39.00216    1.12219    114.101    115.000    13.5408    13.5413     0.0004  45.063405  45.067414   0.004005    38.3414    38.3448     0.0034  1029.3808  1029.3833     0.0025     6.9407 5.8638e+02 8.0551e-02     0.2650 7.7503e-02     24.692    114.097    38.3417    38.3450     0.0034  1029.3810    28.8745  1029.3835    28.8770     0.0025     0.0025         72 0.0000e+00
