example data/fromGithub/from cmunozmas_plot_raw_ctd/ds2_06.cnv
* Sea-Bird SBE 9 Data File:
* FileName = C:\OCEANO\CTD\DATOS\2019-02_SOCIB CanalesWinter19\S_06.hex
* Software Version Seasave V 7.26.7.121
* Temperature SN = 5391
* Conductivity SN = 3718
* Number of Bytes Per Scan = 40
* Number of Voltage Words = 5
* Number of Scans Averaged by the Deck Unit = 1
* NMEA Latitude = 38 59.94 N
* NMEA Longitude = 000 36.17 E
* NMEA UTC (Time) = Mar 06 2019  10:28:21
* NMEA baud rate = 4800
** Ship:B/O SOCIB
** Cruise: SOCIB-Canales Winter19
** Station: S2_ 06
** Date:  2019/03/06
** Time (UTC):  10:30
** Bottom Depth (m):  915
** Operator: NCW JBM
# nquan = 34
# nvalues = 184                         
# units = specified
# name 0 = latitude: Latitude [deg]
# name 1 = longitude: Longitude [deg]
# name 2 = depSM: Depth [salt water, m]
# name 3 = prDM: Pressure, Digiquartz [db]
# name 4 = t090C: Temperature [ITS-90, deg C]
# name 5 = t190C: Temperature, 2 [ITS-90, deg C]
# name 6 = T2-T190C: Temperature Difference, 2 - 1 [ITS-90, deg C]
# name 7 = c0mS/cm: Conductivity [mS/cm]
# name 8 = c1mS/cm: Conductivity, 2 [mS/cm]
# name 9 = C2-C1mS/cm: Conductivity Difference, 2 - 1 [mS/cm]
# name 10 = sal00: Salinity, Practical [PSU]
# name 11 = sal11: Salinity, Practical, 2 [PSU]
# name 12 = secS-priS: Salinity, Practical, Difference, 2 - 1 [PSU]
# name 13 = density00: Density [density, kg/m^3]
# name 14 = density11: Density, 2 [density, kg/m^3]
# name 15 = D2-D1,d: Density Difference, 2 - 1 [density, kg/m^3]
# name 16 = sbeox0Mg/L: Oxygen, SBE 43 [mg/l]
# name 17 = spar: SPAR/Surface Irradiance
# name 18 = par: PAR/Irradiance, Biospherical/Licor
# name 19 = CStarAt0: Beam Attenuation, WET Labs C-Star [1/m]
# name 20 = flSP: Fluorescence, Seapoint
# name 21 = seaTurbMtr: Turbidity, Seapoint [FTU]
# name 22 = depSM: Depth [salt water, m], lat = 38.999
# name 23 = sal00: Salinity, Practical [PSU]
# name 24 = sal11: Salinity, Practical, 2 [PSU]
# name 25 = secS-priS: Salinity, Practical, Difference, 2 - 1 [PSU]
# name 26 = density00: Density [density, kg/m^3]
# name 27 = sigma-é00: Density [sigma-theta, kg/m^3]
# name 28 = density11: Density, 2 [density, kg/m^3]
# name 29 = sigma-é11: Density, 2 [sigma-theta, kg/m^3]
# name 30 = D2-D1,d: Density Difference, 2 - 1 [density, kg/m^3]
# name 31 = D2-D1: Density Difference, 2 - 1 [sigma-theta, kg/m^3]
# name 32 = nbin: number of scans per bin
# name 33 = flag: flag
# span 0 =   39.00009,   39.00190       
# span 1 =    0.60588,    0.60721       
# span 2 =      4.970,    911.032       
# span 3 =      5.000,    920.000       
# span 4 =    13.2441,    14.4988       
# span 5 =    13.2446,    14.4994       
# span 6 =    -0.0000,     0.0028       
# span 7 =  44.673204,  45.895583       
# span 8 =  44.677290,  45.899581       
# span 9 =   0.003265,   0.006799       
# span 10 =    38.2062,    38.5841      
# span 11 =    38.2099,    38.5877      
# span 12 =     0.0033,     0.0041      
# span 13 =  1028.5911,  1033.1242      
# span 14 =  1028.5936,  1033.1270      
# span 15 =     0.0019,     0.0030      
# span 16 =     5.5594,     8.1095      
# span 17 = 4.7980e+02, 5.6335e+02      
# span 18 = 1.0000e-12, 2.0803e+02      
# span 19 =     0.1991,     0.3992      
# span 20 = 3.6110e-02, 1.2541e+00      
# span 21 =      3.636,     26.144      
# span 22 =      4.962,    911.014      
# span 23 =    38.2021,    38.5841      
# span 24 =    38.2058,    38.5877      
# span 25 =     0.0033,     0.0041      
# span 26 =  1028.5910,  1033.1242      
# span 27 =    28.5690,    29.1027      
# span 28 =  1028.5935,  1033.1270      
# span 29 =    28.5716,    29.1055      
# span 30 =     0.0019,     0.0031      
# span 31 =     0.0019,     0.0031      
# span 32 =         66,        162      
# span 33 = 0.0000e+00, 0.0000e+00      
# interval = decibars: 5                
# start_time = Mar 06 2019 10:28:21 [NMEA time, header]
# bad_flag = -9.990e-29
*END*
[from data line 129]
   39.00148    0.60638    644.064    650.000    13.4312    13.4318     0.0006  45.431482  45.435932   0.004452    38.5645    38.5681     0.0036  1031.9342  1031.9369     0.0027     5.6332 5.1508e+02 1.0000e-12     0.1999 3.6930e-02      3.808    644.068    38.5643    38.5680     0.0036  1031.9341    29.0871  1031.9368    29.0898     0.0027     0.0027        122 0.0000e+00
   39.00148    0.60636    649.016    655.000    13.4290    13.4297     0.0006  45.431724  45.436125   0.004402    38.5647    38.5683     0.0036  1031.9568  1031.9594     0.0026     5.6375 5.1408e+02 1.0000e-12     0.1996 3.6722e-02      3.636    649.014    38.5646    38.5682     0.0036  1031.9567    29.0879  1031.9593    29.0906     0.0026     0.0026        117 0.0000e+00
   39.00148    0.60635    653.958    660.000    13.4278    13.4284     0.0006  45.432529  45.437007   0.004479    38.5645    38.5682     0.0037  1031.9788  1031.9815     0.0027     5.6291 5.1346e+02 1.0000e-12     0.1991 3.6750e-02      4.081    653.961    38.5644    38.5681     0.0037  1031.9788    29.0883  1031.9814    29.0910     0.0027     0.0027        123 0.0000e+00
   39.00148    0.60634    658.907    665.000    13.4266    13.4272     0.0006  45.433425  45.437875   0.004450    38.5644    38.5680     0.0036  1032.0009  1032.0035     0.0027     5.6347 5.1269e+02 1.0000e-12     0.2000 3.6835e-02      3.856    658.907    38.5643    38.5679     0.0036  1032.0008    29.0886  1032.0035    29.0913     0.0027     0.0027        121 0.0000e+00
   39.00147    0.60632    663.853    670.000    13.4243    13.4250     0.0006  45.433348  45.437776   0.004428    38.5644    38.5680     0.0036  1032.0233  1032.0259     0.0026     5.6374 5.1140e+02 1.0000e-12     0.2017 3.6701e-02      4.538    663.853    38.5643    38.5679     0.0036  1032.0232    29.0892  1032.0258    29.0918     0.0026     0.0026        107 0.0000e+00
   39.00148    0.60630    668.803    675.000    13.4220    13.4227     0.0007  45.432724  45.437213   0.004489    38.5639    38.5675     0.0036  1032.0454  1032.0480     0.0026     5.6312 5.1079e+02 1.0000e-12     0.2047 3.6810e-02      5.013    668.799    38.5639    38.5675     0.0036  1032.0453    29.0895  1032.0479    29.0922     0.0026     0.0026        122 0.0000e+00
   39.00148    0.60629    673.741    680.000    13.4189    13.4197     0.0008  45.430829  45.435536   0.004704    38.5631    38.5668     0.0037  1032.0673  1032.0699     0.0026     5.6352 5.1027e+02 1.0000e-12     0.2072 3.6658e-02      5.437    673.745    38.5630    38.5667     0.0037  1032.0672    29.0897  1032.0699    29.0923     0.0026     0.0026        115 0.0000e+00
   39.00146    0.60627    678.689    685.000    13.4128    13.4133     0.0005  45.425106  45.429536   0.004436    38.5617    38.5653     0.0037  1032.0895  1032.0922     0.0027     5.6409 5.0913e+02 1.0000e-12     0.2060 3.6631e-02      5.010    678.691    38.5615    38.5652     0.0037  1032.0893    29.0899  1032.0920    29.0926     0.0027     0.0027        102 0.0000e+00
   39.00146    0.60626    683.636    690.000    13.4078    13.4087     0.0009  45.420931  45.425410   0.004476    38.5605    38.5639     0.0034  1032.1116  1032.1140     0.0024     5.6485 5.0807e+02 1.0000e-12     0.2045 3.6707e-02      4.461    683.637    38.5603    38.5637     0.0034  1032.1114    29.0902  1032.1138    29.0926     0.0024     0.0024         95 0.0000e+00
   39.00146    0.60625    688.589    695.000    13.4055    13.4062     0.0007  45.420383  45.424850   0.004473    38.5600    38.5636     0.0036  1032.1336  1032.1362     0.0026     5.6296 5.0644e+02 1.0000e-12     0.2043 3.6669e-02      4.911    688.582    38.5599    38.5635     0.0036  1032.1335    29.0905  1032.1361    29.0932     0.0026     0.0026         90 0.0000e+00
   39.00148    0.60623    693.529    700.000    13.4092    13.4096     0.0005  45.427783  45.432144   0.004368    38.5611    38.5648     0.0037  1032.1555  1032.1582     0.0028     5.6333 5.0604e+02 1.0000e-12     0.2037 3.6324e-02      6.222    693.528    38.5611    38.5648     0.0037  1032.1555    29.0909  1032.1583    29.0936     0.0028     0.0028        103 0.0000e+00
   39.00148    0.60622    698.468    705.000    13.4116    13.4123     0.0007  45.433640  45.438155   0.004511    38.5620    38.5656     0.0036  1032.1775  1032.1801     0.0026     5.6304 5.0462e+02 1.0000e-12     0.2036 3.6707e-02      4.530    698.473    38.5621    38.5657     0.0036  1032.1776    29.0912  1032.1802    29.0939     0.0026     0.0026         96 0.0000e+00
   39.00148    0.60620    703.419    710.000    13.4078    13.4085     0.0007  45.431162  45.435696   0.004533    38.5613    38.5650     0.0036  1032.1998  1032.2024     0.0026     5.6217 5.0376e+02 1.0000e-12     0.2030 3.6476e-02      4.173    703.419    38.5613    38.5649     0.0036  1032.1997    29.0916  1032.2023    29.0942     0.0026     0.0026         98 0.0000e+00
   39.00148    0.60620    708.365    715.000    13.4024    13.4031     0.0007  45.426577  45.431062   0.004485    38.5603    38.5639     0.0036  1032.2221  1032.2247     0.0026     5.6401 5.0243e+02 1.0000e-12     0.2016 3.6514e-02      3.886    708.364    38.5602    38.5638     0.0036  1032.2220    29.0921  1032.2246    29.0947     0.0026     0.0026        125 0.0000e+00
   39.00148    0.60619    713.314    720.000    13.3951    13.3957     0.0007  45.419353  45.423851   0.004499    38.5587    38.5624     0.0036  1032.2444  1032.2470     0.0026     5.6324 5.0040e+02 1.0000e-12     0.2021 3.6576e-02      3.920    713.309    38.5585    38.5621     0.0036  1032.2442    29.0924  1032.2468    29.0951     0.0026     0.0026         69 0.0000e+00
   39.00150    0.60618    718.259    725.000    13.3924    13.3930     0.0006  45.418190  45.422669   0.004481    38.5580    38.5617     0.0037  1032.2663  1032.2690     0.0027     5.6430 4.9959e+02 1.0000e-12     0.2030 3.6524e-02      4.052    718.254    38.5579    38.5616     0.0037  1032.2662    29.0927  1032.2689    29.0954     0.0027     0.0027         69 0.0000e+00
   39.00150    0.60617    723.208    730.000    13.3843    13.3851     0.0009  45.409869  45.414546   0.004675    38.5562    38.5598     0.0036  1032.2886  1032.2912     0.0026     5.6536 4.9989e+02 1.0000e-12     0.2022 3.6335e-02      4.082    723.199    38.5560    38.5596     0.0036  1032.2884    29.0930  1032.2910    29.0957     0.0026     0.0026         76 0.0000e+00
   39.00152    0.60616    728.144    735.000    13.3735    13.3742     0.0007  45.398202  45.402712   0.004511    38.5538    38.5574     0.0036  1032.3110  1032.3136     0.0026     5.6585 4.9904e+02 1.0000e-12     0.2023 3.6552e-02      4.064    728.143    38.5534    38.5570     0.0036  1032.3107    29.0935  1032.3133    29.0961     0.0026     0.0026         96 0.0000e+00
   39.00154    0.60616    733.090    740.000    13.3671    13.3680     0.0008  45.392164  45.396919   0.004751    38.5522    38.5559     0.0036  1032.3331  1032.3357     0.0026     5.6578 4.9773e+02 1.0000e-12     0.2023 3.6657e-02      4.029    733.088    38.5520    38.5556     0.0036  1032.3329    29.0938  1032.3355    29.0965     0.0026     0.0026        132 0.0000e+00
   39.00156    0.60616    738.027    745.000    13.3615    13.3621     0.0006  45.387112  45.391577   0.004470    38.5508    38.5544     0.0036  1032.3551  1032.3578     0.0027     5.6569 4.9680e+02 1.0000e-12     0.2022 3.6553e-02      3.995    738.032    38.5506    38.5542     0.0036  1032.3550    29.0941  1032.3576    29.0968     0.0027     0.0027         94 0.0000e+00
   39.00157    0.60616    742.979    750.000    13.3598    13.3604     0.0006  45.387147  45.391660   0.004515    38.5503    38.5540     0.0037  1032.3770  1032.3797     0.0027     5.6565 4.9626e+02 1.0000e-12     0.2025 3.6517e-02      4.190    742.977    38.5502    38.5539     0.0037  1032.3769    29.0943  1032.3796    29.0971     0.0027     0.0027         97 0.0000e+00
   39.00158    0.60616    747.920    755.000    13.3524    13.3532     0.0008  45.379674  45.384422   0.004747    38.5486    38.5523     0.0037  1032.3992  1032.4019     0.0027     5.6414 4.9530e+02 1.0000e-12     0.2019 3.6664e-02      4.232    747.921    38.5483    38.5521     0.0037  1032.3990    29.0946  1032.4017    29.0973     0.0027     0.0027        127 0.0000e+00
   39.00158    0.60614    752.866    760.000    13.3429    13.3437     0.0008  45.369802  45.374490   0.004686    38.5466    38.5502     0.0037  1032.4216  1032.4243     0.0027     5.6437 4.9447e+02 1.0000e-12     0.2019 3.6754e-02      3.957    752.865    38.5463    38.5499     0.0037  1032.4214    29.0951  1032.4240    29.0978     0.0027     0.0027        123 0.0000e+00
   39.00158    0.60614    757.810    765.000    13.3340    13.3348     0.0008  45.360649  45.365424   0.004773    38.5446    38.5483     0.0037  1032.4440  1032.4467     0.0027     5.6324 4.9382e+02 1.0000e-12     0.2018 3.6631e-02      4.207    757.809    38.5443    38.5480     0.0037  1032.4437    29.0956  1032.4464    29.0983     0.0027     0.0027        123 0.0000e+00
   39.00160    0.60613    762.753    770.000    13.3248    13.3255     0.0007  45.350914  45.355551   0.004640    38.5424    38.5461     0.0037  1032.4662  1032.4689     0.0027     5.6151 4.9333e+02 1.0000e-12     0.2017 3.6409e-02      5.140    762.753    38.5421    38.5458     0.0037  1032.4659    29.0960  1032.4687    29.0987     0.0027     0.0027        131 0.0000e+00
   39.00160    0.60612    767.697    775.000    13.3187    13.3194     0.0007  45.345296  45.349822   0.004529    38.5409    38.5446     0.0037  1032.4882  1032.4909     0.0027     5.6102 4.9234e+02 1.0000e-12     0.2016 3.6411e-02      4.268    767.697    38.5407    38.5443     0.0037  1032.4881    29.0963  1032.4907    29.0990     0.0027     0.0027        117 0.0000e+00
   39.00160    0.60612    772.637    780.000    13.3088    13.3095     0.0006  45.334839  45.339344   0.004506    38.5387    38.5424     0.0037  1032.5106  1032.5133     0.0027     5.5947 4.9179e+02 1.0000e-12     0.2015 3.6745e-02      4.597    772.640    38.5385    38.5421     0.0037  1032.5104    29.0968  1032.5131    29.0995     0.0027     0.0027        114 0.0000e+00
   39.00161    0.60612    777.584    785.000    13.3046    13.3054     0.0008  45.331614  45.336296   0.004679    38.5377    38.5414     0.0037  1032.5326  1032.5353     0.0027     5.5949 4.9114e+02 1.0000e-12     0.2019 3.6396e-02      4.393    777.584    38.5374    38.5411     0.0037  1032.5324    29.0971  1032.5351    29.0998     0.0027     0.0027        119 0.0000e+00
   39.00162    0.60610    782.529    790.000    13.3024    13.3031     0.0007  45.330998  45.335549   0.004551    38.5370    38.5407     0.0037  1032.5544  1032.5571     0.0027     5.6000 4.9055e+02 1.0000e-12     0.2018 3.6363e-02      4.185    782.527    38.5369    38.5406     0.0037  1032.5543    29.0972  1032.5570    29.0999     0.0027     0.0027        123 0.0000e+00
   39.00162    0.60608    787.467    795.000    13.3006    13.3013     0.0007  45.330692  45.335321   0.004629    38.5364    38.5401     0.0037  1032.5762  1032.5789     0.0027     5.5824 4.8997e+02 1.0000e-12     0.2015 3.6839e-02      4.221    787.470    38.5362    38.5399     0.0037  1032.5761    29.0973  1032.5788    29.1000     0.0027     0.0027        118 0.0000e+00
   39.00160    0.60607    792.416    800.000    13.2966    13.2972     0.0006  45.327574  45.332173   0.004601    38.5353    38.5390     0.0037  1032.5981  1032.6009     0.0027     5.5796 4.8902e+02 1.0000e-12     0.2016 3.6276e-02      4.119    792.414    38.5351    38.5389     0.0037  1032.5980    29.0974  1032.6007    29.1002     0.0028     0.0028         90 0.0000e+00
   39.00160    0.60606    797.364    805.000    13.2936    13.2942     0.0006  45.325959  45.330553   0.004596    38.5345    38.5383     0.0038  1032.6201  1032.6229     0.0028     5.5737 4.8826e+02 1.0000e-12     0.2018 3.6720e-02      4.150    797.357    38.5344    38.5382     0.0038  1032.6200    29.0977  1032.6228    29.1004     0.0028     0.0028         84 0.0000e+00
   39.00160    0.60604    802.296    810.000    13.2934    13.2940     0.0005  45.328322  45.332783   0.004464    38.5347    38.5385     0.0037  1032.6421  1032.6449     0.0028     5.6064 4.8806e+02 1.0000e-12     0.2017 3.6455e-02      5.133    802.300    38.5347    38.5384     0.0037  1032.6421    29.0980  1032.6448    29.1008     0.0028     0.0028         81 0.0000e+00
   39.00160    0.60603    807.248    815.000    13.2943    13.2949     0.0006  45.332184  45.336680   0.004495    38.5353    38.5390     0.0037  1032.6643  1032.6670     0.0027     5.6380 4.8808e+02 1.0000e-12     0.2019 3.6473e-02      8.018    807.242    38.5353    38.5390     0.0037  1032.6642    29.0985  1032.6669    29.1012     0.0027     0.0027         93 0.0000e+00
   39.00160    0.60601    812.186    820.000    13.2933    13.2941     0.0007  45.333206  45.337862   0.004655    38.5351    38.5388     0.0037  1032.6861  1032.6888     0.0027     5.6457 4.8711e+02 1.0000e-12     0.2017 3.6352e-02      4.265    812.185    38.5351    38.5388     0.0037  1032.6861    29.0987  1032.6888    29.1014     0.0027     0.0027         78 0.0000e+00
   39.00162    0.60600    817.126    825.000    13.2919    13.2925     0.0006  45.333530  45.338087   0.004558    38.5347    38.5384     0.0037  1032.7080  1032.7107     0.0027     5.6486 4.8581e+02 1.0000e-12     0.2020 3.6365e-02      4.091    817.128    38.5347    38.5384     0.0037  1032.7080    29.0988  1032.7107    29.1016     0.0027     0.0027         83 0.0000e+00
   39.00162    0.60600    822.079    830.000    13.2909    13.2915     0.0006  45.334574  45.339178   0.004607    38.5345    38.5383     0.0038  1032.7300  1032.7327     0.0028     5.6716 4.8672e+02 1.0000e-12     0.2018 3.6544e-02      4.779    822.070    38.5345    38.5383     0.0038  1032.7299    29.0991  1032.7327    29.1019     0.0028     0.0028        107 0.0000e+00
   39.00162    0.60600    827.011    835.000    13.2919    13.2922     0.0003  45.338368  45.342515   0.004154    38.5349    38.5385     0.0036  1032.7518  1032.7545     0.0027     5.6818 4.8599e+02 1.0000e-12     0.2015 3.6259e-02      4.280    827.012    38.5349    38.5386     0.0036  1032.7518    29.0993  1032.7545    29.1021     0.0027     0.0027        128 0.0000e+00
   39.00163    0.60598    831.951    840.000    13.2929    13.2936     0.0007  45.341851  45.346453   0.004599    38.5350    38.5388     0.0037  1032.7735  1032.7762     0.0027     5.7102 4.8563e+02 1.0000e-12     0.2015 3.6269e-02      4.241    831.955    38.5350    38.5388     0.0037  1032.7735    29.0994  1032.7763    29.1021     0.0027     0.0027        132 0.0000e+00
   39.00164    0.60598    836.900    845.000    13.2885    13.2893     0.0007  45.338158  45.342818   0.004658    38.5339    38.5376     0.0037  1032.7955  1032.7982     0.0027     5.7236 4.8477e+02 1.0000e-12     0.2024 3.6310e-02      4.182    836.897    38.5338    38.5375     0.0037  1032.7954    29.0995  1032.7981    29.1022     0.0027     0.0027         80 0.0000e+00
   39.00164    0.60596    841.842    850.000    13.2855    13.2861     0.0006  45.336330  45.340886   0.004559    38.5330    38.5367     0.0037  1032.8173  1032.8200     0.0027     5.7060 4.8474e+02 1.0000e-12     0.2025 3.6308e-02      4.342    841.839    38.5329    38.5366     0.0037  1032.8172    29.0996  1032.8199    29.1023     0.0027     0.0027        125 0.0000e+00
