example data/fromGithub/from cmunozmas_plot_raw_ctd/ds2_07.cnv
* Sea-Bird SBE 9 Data File:
* FileName = C:\OCEANO\CTD\DATOS\2019-02_SOCIB CanalesWinter19\S_07.hex
* Software Version Seasave V 7.26.7.121
* Temperature SN = 5391
* Conductivity SN = 3718
* Number of Bytes Per Scan = 40
* Number of Voltage Words = 5
* Number of Scans Averaged by the Deck Unit = 1
* NMEA Latitude = 38 59.91 N
* NMEA Longitude = 000 28.79 E
* NMEA UTC (Time) = Mar 06 2019  09:23:45
* NMEA baud rate = 4800
** Ship:B/O SOCIB
** Cruise: SOCIB-Canales Winter19
** Station: S2_ 07
** Date:  2019/03/06
** Time (UTC):  9:24
** Bottom Depth (m):  728
** Operator: NCW JBM
# nquan = 34
# nvalues = 145                         
# units = specified
# name 0 = latitude: Latitude [deg]
# name 1 = longitude: Longitude [deg]
# name 2 = depSM: Depth [salt water, m]
# name 3 = prDM: Pressure, Digiquartz [db]
# name 4 = t090C: Temperature [ITS-90, deg C]
# name 5 = t190C: Temperature, 2 [ITS-90, deg C]
# name 6 = T2-T190C: Temperature Difference, 2 - 1 [ITS-90, deg C]
# name 7 = c0mS/cm: Conductivity [mS/cm]
# name 8 = c1mS/cm: Conductivity, 2 [mS/cm]
# name 9 = C2-C1mS/cm: Conductivity Difference, 2 - 1 [mS/cm]
# name 10 = sal00: Salinity, Practical [PSU]
# name 11 = sal11: Salinity, Practical, 2 [PSU]
# name 12 = secS-priS: Salinity, Practical, Difference, 2 - 1 [PSU]
# name 13 = density00: Density [density, kg/m^3]
# name 14 = density11: Density, 2 [density, kg/m^3]
# name 15 = D2-D1,d: Density Difference, 2 - 1 [density, kg/m^3]
# name 16 = sbeox0Mg/L: Oxygen, SBE 43 [mg/l]
# name 17 = spar: SPAR/Surface Irradiance
# name 18 = par: PAR/Irradiance, Biospherical/Licor
# name 19 = CStarAt0: Beam Attenuation, WET Labs C-Star [1/m]
# name 20 = flSP: Fluorescence, Seapoint
# name 21 = seaTurbMtr: Turbidity, Seapoint [FTU]
# name 22 = depSM: Depth [salt water, m], lat = 38.9985
# name 23 = sal00: Salinity, Practical [PSU]
# name 24 = sal11: Salinity, Practical, 2 [PSU]
# name 25 = secS-priS: Salinity, Practical, Difference, 2 - 1 [PSU]
# name 26 = density00: Density [density, kg/m^3]
# name 27 = sigma-é00: Density [sigma-theta, kg/m^3]
# name 28 = density11: Density, 2 [density, kg/m^3]
# name 29 = sigma-é11: Density, 2 [sigma-theta, kg/m^3]
# name 30 = D2-D1,d: Density Difference, 2 - 1 [density, kg/m^3]
# name 31 = D2-D1: Density Difference, 2 - 1 [sigma-theta, kg/m^3]
# name 32 = nbin: number of scans per bin
# name 33 = flag: flag
# span 0 =   39.00012,   39.00081       
# span 1 =    0.47913,    0.47994       
# span 2 =      4.966,    718.261       
# span 3 =      5.000,    725.000       
# span 4 =    13.1291,    14.6811       
# span 5 =    13.1301,    14.6817       
# span 6 =    -0.0014,     0.0078       
# span 7 =  44.646583,  46.083772       
# span 8 =  44.651404,  46.088037       
# span 9 =   0.001929,   0.011406       
# span 10 =    38.1391,    38.5837      
# span 11 =    38.1426,    38.5873      
# span 12 =     0.0028,     0.0041      
# span 13 =  1028.5472,  1032.2581      
# span 14 =  1028.5501,  1032.2607      
# span 15 =     0.0005,     0.0030      
# span 16 =     5.6047,     7.9125      
# span 17 = 5.1300e+02, 8.5507e+02      
# span 18 = -9.670e-06, 3.2816e+02      
# span 19 =     0.2074,     0.3684      
# span 20 = 3.6765e-02, 1.4703e+00      
# span 21 =      5.359,     27.902      
# span 22 =      4.962,    718.254      
# span 23 =    38.1354,    38.5837      
# span 24 =    38.1389,    38.5872      
# span 25 =     0.0028,     0.0041      
# span 26 =  1028.5472,  1032.2580      
# span 27 =    28.5252,    29.0853      
# span 28 =  1028.5501,  1032.2606      
# span 29 =    28.5281,    29.0880      
# span 30 =     0.0005,     0.0030      
# span 31 =     0.0005,     0.0030      
# span 32 =         65,        205      
# span 33 = 0.0000e+00, 0.0000e+00      
# interval = decibars: 5                
# start_time = Mar 06 2019 09:23:45 [NMEA time, header]
# bad_flag = -9.990e-29
*END*
[from data line 86]
   39.00029    0.47976    431.254    435.000    13.5921    13.5930     0.0009  45.495050  45.499640   0.004585    38.5585    38.5620     0.0035  1030.9501  1030.9526     0.0025     5.7684 5.7357e+02 1.0000e-12     0.2242 3.9133e-02      8.634    431.253    38.5579    38.5614     0.0035  1030.9497    29.0414  1030.9522    29.0439     0.0025     0.0025        134 0.0000e+00
   39.00027    0.47976    436.205    440.000    13.5783    13.5788     0.0005  45.480551  45.484814   0.004268    38.5563    38.5599     0.0036  1030.9735  1030.9761     0.0026     5.7726 5.7509e+02 1.0000e-12     0.2200 3.8871e-02      9.583    436.204    38.5558    38.5594     0.0036  1030.9731    29.0428  1030.9757    29.0455     0.0026     0.0026        121 0.0000e+00
   39.00026    0.47976    441.158    445.000    13.5981    13.5985     0.0005  45.511718  45.515820   0.004106    38.5631    38.5667     0.0035  1030.9964  1030.9990     0.0026     5.7401 5.7646e+02 1.0000e-12     0.2194 3.9008e-02      8.981    441.156    38.5633    38.5668     0.0035  1030.9965    29.0446  1030.9991    29.0472     0.0026     0.0026        131 0.0000e+00
   39.00024    0.47976    446.106    450.000    13.6038    13.6044     0.0007  45.524171  45.528496   0.004323    38.5670    38.5705     0.0035  1031.0201  1031.0226     0.0026     5.7198 5.7850e+02 1.0000e-12     0.2246 3.8930e-02      8.601    446.107    38.5672    38.5707     0.0035  1031.0202    29.0465  1031.0227    29.0491     0.0026     0.0026        137 0.0000e+00
   39.00024    0.47976    451.056    455.000    13.6014    13.6020     0.0005  45.525362  45.529572   0.004210    38.5685    38.5720     0.0035  1031.0437  1031.0463     0.0026     5.7188 5.7951e+02 1.0000e-12     0.2228 3.8243e-02      8.387    451.059    38.5685    38.5720     0.0035  1031.0437    29.0482  1031.0463    29.0508     0.0025     0.0025        118 0.0000e+00
   39.00024    0.47975    456.012    460.000    13.5976    13.5983     0.0007  45.523816  45.528289   0.004470    38.5687    38.5723     0.0035  1031.0667  1031.0693     0.0026     5.7197 5.7923e+02 1.0000e-12     0.2202 3.8965e-02      7.154    456.010    38.5687    38.5722     0.0035  1031.0667    29.0493  1031.0693    29.0519     0.0026     0.0026        118 0.0000e+00
   39.00024    0.47974    460.959    465.000    13.5899    13.5906     0.0007  45.517289  45.521810   0.004520    38.5682    38.5718     0.0036  1031.0899  1031.0926     0.0027     5.7181 5.7984e+02 1.0000e-12     0.2178 3.7767e-02      6.515    460.961    38.5679    38.5716     0.0036  1031.0898    29.0505  1031.0924    29.0532     0.0027     0.0027        126 0.0000e+00
   39.00025    0.47974    465.907    470.000    13.6008    13.6008     0.0005  45.536381  45.539977   0.003604    38.5728    38.5762     0.0035  1031.1131  1031.1157     0.0027     5.7065 5.7755e+02 1.0000e-12     0.2182 3.7688e-02      7.276    465.912    38.5730    38.5764     0.0035  1031.1133    29.0523  1031.1159    29.0550     0.0027     0.0027         92 0.0000e+00
   39.00027    0.47974    470.872    475.000    13.5976    13.5982     0.0006  45.535696  45.539998   0.004298    38.5733    38.5768     0.0036  1031.1362  1031.1388     0.0026     5.7061 5.7743e+02 1.0000e-12     0.2213 3.7747e-02      8.004    470.863    38.5733    38.5769     0.0036  1031.1362    29.0534  1031.1388    29.0560     0.0026     0.0026        108 0.0000e+00
   39.00029    0.47974    475.813    480.000    13.5965    13.5970     0.0005  45.537111  45.541475   0.004363    38.5735    38.5772     0.0036  1031.1586  1031.1613     0.0027     5.7091 5.7703e+02 1.0000e-12     0.2212 3.7372e-02      8.290    475.813    38.5735    38.5772     0.0036  1031.1586    29.0540  1031.1613    29.0567     0.0027     0.0027        110 0.0000e+00
   39.00032    0.47974    480.764    485.000    13.5918    13.5925     0.0007  45.534082  45.538628   0.004543    38.5733    38.5769     0.0036  1031.1815  1031.1841     0.0026     5.7038 5.7778e+02 1.0000e-12     0.2212 3.8283e-02      8.032    480.764    38.5732    38.5768     0.0036  1031.1814    29.0549  1031.1840    29.0575     0.0026     0.0026        145 0.0000e+00
   39.00035    0.47974    485.712    490.000    13.5898    13.5904     0.0006  45.535474  45.539884   0.004410    38.5744    38.5780     0.0036  1031.2047  1031.2073     0.0027     5.6937 5.7858e+02 1.0000e-12     0.2218 3.8331e-02      9.049    485.715    38.5743    38.5779     0.0036  1031.2046    29.0563  1031.2072    29.0590     0.0026     0.0026        125 0.0000e+00
   39.00037    0.47974    490.664    495.000    13.5893    13.5899     0.0006  45.538328  45.542655   0.004328    38.5754    38.5789     0.0035  1031.2275  1031.2300     0.0026     5.6959 5.8329e+02 1.0000e-12     0.2200 3.8334e-02      7.365    490.665    38.5753    38.5788     0.0035  1031.2275    29.0573  1031.2300    29.0599     0.0026     0.0026         86 0.0000e+00
   39.00040    0.47975    495.619    500.000    13.5887    13.5894     0.0006  45.541866  45.546240   0.004374    38.5771    38.5806     0.0035  1031.2509  1031.2535     0.0026     5.6786 5.7982e+02 1.0000e-12     0.2196 3.7398e-02     19.473    495.615    38.5770    38.5806     0.0035  1031.2509    29.0590  1031.2535    29.0616     0.0026     0.0026        131 0.0000e+00
   39.00043    0.47976    500.565    505.000    13.5886    13.5891     0.0005  45.545703  45.550021   0.004319    38.5786    38.5822     0.0036  1031.2741  1031.2767     0.0026     5.6742 5.7940e+02 1.0000e-12     0.2167 3.8677e-02      7.315    500.565    38.5786    38.5822     0.0036  1031.2741    29.0604  1031.2767    29.0630     0.0026     0.0026        151 0.0000e+00
   39.00045    0.47977    505.516    510.000    13.5865    13.5872     0.0007  45.546824  45.551203   0.004378    38.5797    38.5831     0.0035  1031.2973  1031.2999     0.0025     5.6650 5.8084e+02 1.0000e-12     0.2199 3.7882e-02      8.070    505.515    38.5796    38.5831     0.0035  1031.2973    29.0618  1031.2998    29.0643     0.0025     0.0025        117 0.0000e+00
   39.00047    0.47978    510.464    515.000    13.5854    13.5860     0.0006  45.548356  45.552796   0.004441    38.5799    38.5836     0.0036  1031.3197  1031.3224     0.0027     5.6645 5.8111e+02 1.0000e-12     0.2217 3.7701e-02      8.586    510.465    38.5799    38.5835     0.0036  1031.3197    29.0624  1031.3224    29.0650     0.0027     0.0027        144 0.0000e+00
   39.00049    0.47978    515.413    520.000    13.5851    13.5857     0.0006  45.550568  45.554962   0.004394    38.5802    38.5838     0.0036  1031.3419  1031.3446     0.0026     5.6573 5.7991e+02 1.0000e-12     0.2213 3.7829e-02      7.979    515.415    38.5801    38.5837     0.0036  1031.3419    29.0628  1031.3445    29.0654     0.0026     0.0026        134 0.0000e+00
   39.00050    0.47980    520.367    525.000    13.5848    13.5854     0.0006  45.553110  45.557508   0.004398    38.5807    38.5843     0.0035  1031.3644  1031.3670     0.0026     5.6549 5.7663e+02 1.0000e-12     0.2211 3.7229e-02      7.612    520.365    38.5807    38.5842     0.0035  1031.3644    29.0634  1031.3670    29.0661     0.0026     0.0026        115 0.0000e+00
   39.00052    0.47981    525.314    530.000    13.5853    13.5859     0.0006  45.557217  45.561580   0.004363    38.5818    38.5853     0.0035  1031.3871  1031.3896     0.0026     5.6518 5.7355e+02 1.0000e-12     0.2194 3.7720e-02      8.064    525.314    38.5818    38.5854     0.0035  1031.3871    29.0644  1031.3897    29.0670     0.0026     0.0026        132 0.0000e+00
   39.00052    0.47982    530.264    535.000    13.5851    13.5857     0.0006  45.559751  45.564177   0.004426    38.5822    38.5859     0.0036  1031.4094  1031.4121     0.0027     5.6450 5.7112e+02 1.0000e-12     0.2183 3.7773e-02      6.659    530.264    38.5822    38.5858     0.0036  1031.4094    29.0649  1031.4120    29.0676     0.0027     0.0027        141 0.0000e+00
   39.00054    0.47982    535.214    540.000    13.5835    13.5841     0.0006  45.560504  45.564921   0.004416    38.5824    38.5860     0.0036  1031.4318  1031.4344     0.0026     5.6416 5.7014e+02 1.0000e-12     0.2174 3.7458e-02      7.512    535.213    38.5824    38.5859     0.0036  1031.4318    29.0655  1031.4344    29.0681     0.0026     0.0026        131 0.0000e+00
   39.00054    0.47979    540.158    545.000    13.5822    13.5828     0.0007  45.561717  45.566116   0.004398    38.5827    38.5862     0.0035  1031.4542  1031.4568     0.0026     5.6427 5.6719e+02 1.0000e-12     0.2167 3.7105e-02      7.263    540.162    38.5826    38.5862     0.0035  1031.4542    29.0661  1031.4568    29.0687     0.0026     0.0026        101 0.0000e+00
   39.00054    0.47976    545.112    550.000    13.5814    13.5820     0.0006  45.563501  45.567860   0.004360    38.5830    38.5865     0.0035  1031.4766  1031.4792     0.0026     5.6377 5.6968e+02 1.0000e-12     0.2165 3.7544e-02      6.726    545.111    38.5829    38.5865     0.0035  1031.4766    29.0667  1031.4792    29.0693     0.0026     0.0026        130 0.0000e+00
   39.00056    0.47972    550.055    555.000    13.5816    13.5823     0.0007  45.566495  45.570993   0.004498    38.5833    38.5870     0.0036  1031.4988  1031.5014     0.0026     5.6344 5.7145e+02 1.0000e-12     0.2156 3.7203e-02      6.957    550.060    38.5833    38.5869     0.0036  1031.4988    29.0671  1031.5014    29.0698     0.0026     0.0026         95 0.0000e+00
   39.00056    0.47967    555.007    560.000    13.5793    13.5799     0.0006  45.566742  45.571099   0.004359    38.5837    38.5873     0.0036  1031.5215  1031.5241     0.0026     5.6219 5.6719e+02 1.0000e-12     0.2150 3.7606e-02      6.353    555.009    38.5837    38.5872     0.0036  1031.5215    29.0680  1031.5241    29.0707     0.0026     0.0026        123 0.0000e+00
   39.00055    0.47963    559.965    565.000    13.5759    13.5767     0.0007  45.565327  45.569827   0.004498    38.5836    38.5872     0.0035  1031.5442  1031.5467     0.0026     5.6212 5.6666e+02 1.0000e-12     0.2134 3.7498e-02      6.439    559.958    38.5835    38.5871     0.0035  1031.5441    29.0688  1031.5466    29.0714     0.0026     0.0026         93 0.0000e+00
   39.00054    0.47958    564.911    570.000    13.5711    13.5717     0.0006  45.561794  45.566144   0.004352    38.5829    38.5865     0.0035  1031.5666  1031.5692     0.0026     5.6120 5.6605e+02 1.0000e-12     0.2121 3.7470e-02      6.778    564.906    38.5828    38.5863     0.0035  1031.5665    29.0694  1031.5691    29.0720     0.0026     0.0026        118 0.0000e+00
   39.00053    0.47952    569.849    575.000    13.5665    13.5671     0.0007  45.558422  45.562867   0.004448    38.5824    38.5859     0.0035  1031.5891  1031.5917     0.0026     5.6136 5.6430e+02 1.0000e-12     0.2104 3.7111e-02      5.407    569.855    38.5823    38.5858     0.0035  1031.5885    29.0702  1031.5913    29.0728     0.0026     0.0026         91 0.0000e+00
   39.00051    0.47947    574.808    580.000    13.5514    13.5522     0.0008  45.542064  45.546663   0.004596    38.5799    38.5835     0.0036  1031.6125  1031.6151     0.0026     5.6339 5.6481e+02 1.0000e-12     0.2160 3.7176e-02      5.694    574.803    38.5795    38.5831     0.0036  1031.6122    29.0713  1031.6148    29.0740     0.0026     0.0026        113 0.0000e+00
   39.00049    0.47942    579.750    585.000    13.5470    13.5476     0.0006  45.540037  45.544387   0.004350    38.5800    38.5836     0.0035  1031.6355  1031.6381     0.0026     5.6226 5.6531e+02 1.0000e-12     0.2121 3.7432e-02      6.591    579.751    38.5798    38.5833     0.0035  1031.6354    29.0727  1031.6380    29.0753     0.0026     0.0026        110 0.0000e+00
   39.00047    0.47938    584.698    590.000    13.5424    13.5432     0.0007  45.537257  45.541758   0.004499    38.5797    38.5833     0.0036  1031.6582  1031.6608     0.0026     5.6160 5.6761e+02 1.0000e-12     0.2141 3.7169e-02      5.945    584.699    38.5795    38.5831     0.0036  1031.6581    29.0736  1031.6607    29.0762     0.0026     0.0026        140 0.0000e+00
   39.00046    0.47934    589.648    595.000    13.5390    13.5397     0.0007  45.535478  45.539996   0.004518    38.5792    38.5829     0.0036  1031.6806  1031.6832     0.0026     5.6147 5.6979e+02 1.0000e-12     0.2096 3.7175e-02      7.200    589.647    38.5791    38.5827     0.0036  1031.6805    29.0741  1031.6831    29.0768     0.0026     0.0026        121 0.0000e+00
   39.00044    0.47930    594.595    600.000    13.5383    13.5389     0.0006  45.537044  45.541508   0.004466    38.5791    38.5828     0.0037  1031.7025  1031.7052     0.0027     5.6172 5.6879e+02 1.0000e-12     0.2095 3.7029e-02      5.719    594.595    38.5791    38.5827     0.0037  1031.7025    29.0744  1031.7052    29.0771     0.0027     0.0027        147 0.0000e+00
   39.00042    0.47926    599.540    605.000    13.5381    13.5387     0.0007  45.539568  45.544007   0.004437    38.5796    38.5831     0.0035  1031.7248  1031.7274     0.0026     5.6113 5.7092e+02 1.0000e-12     0.2090 3.7105e-02      5.359    599.543    38.5795    38.5831     0.0036  1031.7248    29.0750  1031.7274    29.0776     0.0026     0.0026        100 0.0000e+00
   39.00041    0.47924    604.489    610.000    13.5370    13.5376     0.0006  45.541239  45.545729   0.004490    38.5800    38.5837     0.0037  1031.7473  1031.7501     0.0027     5.6047 5.7146e+02 1.0000e-12     0.2074 3.6955e-02      5.668    604.491    38.5800    38.5837     0.0037  1031.7473    29.0757  1031.7500    29.0785     0.0027     0.0027        121 0.0000e+00
   39.00040    0.47921    609.440    615.000    13.5326    13.5333     0.0007  45.538363  45.542902   0.004537    38.5795    38.5832     0.0036  1031.7699  1031.7725     0.0027     5.6117 5.7076e+02 1.0000e-12     0.2089 3.7118e-02      5.873    609.438    38.5794    38.5831     0.0036  1031.7698    29.0764  1031.7724    29.0790     0.0027     0.0027        119 0.0000e+00
   39.00040    0.47920    614.383    620.000    13.5302    13.5309     0.0007  45.537701  45.542195   0.004494    38.5791    38.5827     0.0036  1031.7920  1031.7946     0.0026     5.6141 5.6918e+02 1.0000e-12     0.2111 3.7330e-02      7.488    614.386    38.5790    38.5826     0.0036  1031.7919    29.0767  1031.7946    29.0794     0.0026     0.0026         90 0.0000e+00
   39.00040    0.47918    619.335    625.000    13.5283    13.5290     0.0006  45.537522  45.542028   0.004507    38.5786    38.5823     0.0037  1031.8140  1031.8167     0.0027     5.6107 5.6593e+02 1.0000e-12     0.2130 3.7324e-02      6.205    619.333    38.5786    38.5822     0.0037  1031.8139    29.0769  1031.8166    29.0796     0.0027     0.0027         95 0.0000e+00
   39.00041    0.47917    624.279    630.000    13.5197    13.5207     0.0010  45.529142  45.533999   0.004853    38.5773    38.5809     0.0036  1031.8368  1031.8394     0.0025     5.6188 5.6258e+02 1.0000e-12     0.2151 3.6872e-02      6.782    624.280    38.5771    38.5807     0.0036  1031.8366    29.0778  1031.8392    29.0804     0.0025     0.0025         77 0.0000e+00
   39.00042    0.47916    629.232    635.000    13.5146    13.5152     0.0007  45.525435  45.529893   0.004464    38.5767    38.5803     0.0036  1031.8594  1031.8620     0.0026     5.6094 5.5992e+02 1.0000e-12     0.2170 3.7551e-02      6.909    629.227    38.5765    38.5801     0.0036  1031.8592    29.0786  1031.8618    29.0812     0.0026     0.0026        109 0.0000e+00
   39.00043    0.47916    634.174    640.000    13.5128    13.5134     0.0006  45.525332  45.529817   0.004489    38.5762    38.5798     0.0036  1031.8813  1031.8839     0.0027     5.6252 5.5546e+02 1.0000e-12     0.2186 3.7070e-02      9.019    634.174    38.5761    38.5797     0.0036  1031.8812    29.0787  1031.8838    29.0814     0.0027     0.0027        120 0.0000e+00
