example data/fromGithub/from cmunozmas_plot_raw_ctd/ds2_05.cnv
* Sea-Bird SBE 9 Data File:
* FileName = C:\OCEANO\CTD\DATOS\2019-02_SOCIB CanalesWinter19\S_05.hex
* Software Version Seasave V 7.26.7.121
* Temperature SN = 5391
* Conductivity SN = 3718
* Number of Bytes Per Scan = 40
* Number of Voltage Words = 5
* Number of Scans Averaged by the Deck Unit = 1
* NMEA Latitude = 38 59.96 N
* NMEA Longitude = 000 44.15 E
* NMEA UTC (Time) = Mar 06 2019  11:36:33
* NMEA baud rate = 4800
** Ship:B/O SOCIB
** Cruise: SOCIB-Canales Winter19
** Station: S2_ 05
** Date:  2019/03/06
** Time (UTC):  11:36
** Bottom Depth (m):  960
** Operator: NCW JBM
# nquan = 34
# nvalues = 192                         
# units = specified
# name 0 = latitude: Latitude [deg]
# name 1 = longitude: Longitude [deg]
# name 2 = depSM: Depth [salt water, m]
# name 3 = prDM: Pressure, Digiquartz [db]
# name 4 = t090C: Temperature [ITS-90, deg C]
# name 5 = t190C: Temperature, 2 [ITS-90, deg C]
# name 6 = T2-T190C: Temperature Difference, 2 - 1 [ITS-90, deg C]
# name 7 = c0mS/cm: Conductivity [mS/cm]
# name 8 = c1mS/cm: Conductivity, 2 [mS/cm]
# name 9 = C2-C1mS/cm: Conductivity Difference, 2 - 1 [mS/cm]
# name 10 = sal00: Salinity, Practical [PSU]
# name 11 = sal11: Salinity, Practical, 2 [PSU]
# name 12 = secS-priS: Salinity, Practical, Difference, 2 - 1 [PSU]
# name 13 = density00: Density [density, kg/m^3]
# name 14 = density11: Density, 2 [density, kg/m^3]
# name 15 = D2-D1,d: Density Difference, 2 - 1 [density, kg/m^3]
# name 16 = sbeox0Mg/L: Oxygen, SBE 43 [mg/l]
# name 17 = spar: SPAR/Surface Irradiance
# name 18 = par: PAR/Irradiance, Biospherical/Licor
# name 19 = CStarAt0: Beam Attenuation, WET Labs C-Star [1/m]
# name 20 = flSP: Fluorescence, Seapoint
# name 21 = seaTurbMtr: Turbidity, Seapoint [FTU]
# name 22 = depSM: Depth [salt water, m], lat = 38.9993
# name 23 = sal00: Salinity, Practical [PSU]
# name 24 = sal11: Salinity, Practical, 2 [PSU]
# name 25 = secS-priS: Salinity, Practical, Difference, 2 - 1 [PSU]
# name 26 = density00: Density [density, kg/m^3]
# name 27 = sigma-é00: Density [sigma-theta, kg/m^3]
# name 28 = density11: Density, 2 [density, kg/m^3]
# name 29 = sigma-é11: Density, 2 [sigma-theta, kg/m^3]
# name 30 = D2-D1,d: Density Difference, 2 - 1 [density, kg/m^3]
# name 31 = D2-D1: Density Difference, 2 - 1 [sigma-theta, kg/m^3]
# name 32 = nbin: number of scans per bin
# name 33 = flag: flag
# span 0 =   38.99989,   39.00076       
# span 1 =    0.73614,    0.73636       
# span 2 =      4.959,    950.557       
# span 3 =      5.000,    960.000       
# span 4 =    13.1497,    14.3673       
# span 5 =    13.1500,    14.3677       
# span 6 =    -0.0024,     0.0034       
# span 7 =  44.814846,  45.745976       
# span 8 =  44.818789,  45.750536       
# span 9 =   0.000450,   0.015409       
# span 10 =    38.2096,    38.5815      
# span 11 =    38.2127,    38.5848      
# span 12 =     0.0028,     0.0141      
# span 13 =  1028.6123,  1033.3039      
# span 14 =  1028.6146,  1033.3066      
# span 15 =     0.0017,     0.0107      
# span 16 =     5.5980,     8.1883      
# span 17 = 4.9689e+02, 5.1620e+02      
# span 18 = -1.008e-08, 1.5921e+02      
# span 19 =     0.2007,     0.4593      
# span 20 = 3.5889e-02, 1.5210e+00      
# span 21 =      3.648,     24.495      
# span 22 =      4.962,    950.533      
# span 23 =    38.2097,    38.5813      
# span 24 =    38.2128,    38.5846      
# span 25 =     0.0028,     0.0141      
# span 26 =  1028.6124,  1033.3037      
# span 27 =    28.5904,    29.1072      
# span 28 =  1028.6148,  1033.3064      
# span 29 =    28.5928,    29.1099      
# span 30 =     0.0017,     0.0107      
# span 31 =     0.0017,     0.0107      
# span 32 =         46,        178      
# span 33 = 0.0000e+00, 0.0000e+00      
# interval = decibars: 5                
# start_time = Mar 06 2019 11:36:33 [NMEA time, header]
# bad_flag = -9.990e-29
*END*
[from data line 43]
   39.00074    0.73632    218.218    220.000    13.6066    13.6068     0.0003  45.359112  45.362824   0.003709    38.5092    38.5124     0.0033  1029.9610  1029.9635     0.0025     5.9222 5.1581e+02 1.0000e-12     0.2152 4.2637e-02      6.620    218.218    38.5102    38.5135     0.0033  1029.9618    28.9945  1029.9643    28.9969     0.0025     0.0025        133 0.0000e+00
   39.00073    0.73632    223.172    225.000    13.6170    13.6175     0.0004  45.381263  45.385063   0.003795    38.5177    38.5209     0.0032  1029.9874  1029.9898     0.0024     5.8793 5.1580e+02 1.0000e-12     0.2176 4.1359e-02      7.447    223.175    38.5185    38.5217     0.0032  1029.9880    28.9988  1029.9904    29.0012     0.0024     0.0024         94 0.0000e+00
   39.00072    0.73632    228.132    230.000    13.6231    13.6233     0.0002  45.395619  45.398990   0.003372    38.5233    38.5264     0.0030  1030.0125  1030.0149     0.0023     5.8608 5.1518e+02 1.0000e-12     0.2232 4.1433e-02      9.960    228.131    38.5238    38.5269     0.0030  1030.0129    29.0018  1030.0152    29.0041     0.0023     0.0023        106 0.0000e+00
   39.00070    0.73633    233.090    235.000    13.6264    13.6269     0.0005  45.406153  45.410087   0.003929    38.5280    38.5312     0.0032  1030.0376  1030.0400     0.0024     5.8371 5.1540e+02 1.0000e-12     0.2301 4.0969e-02     11.044    233.088    38.5283    38.5316     0.0032  1030.0378    29.0048  1030.0402    29.0072     0.0024     0.0024        110 0.0000e+00
   39.00070    0.73634    238.040    240.000    13.6280    13.6284     0.0004  45.412397  45.416276   0.003878    38.5301    38.5334     0.0033  1030.0609  1030.0634     0.0025     5.8269 5.1541e+02 1.0000e-12     0.2300 4.0825e-02     10.507    238.044    38.5304    38.5336     0.0033  1030.0611    29.0062  1030.0635    29.0086     0.0025     0.0025        103 0.0000e+00
   39.00068    0.73634    243.005    245.000    13.6254    13.6259     0.0005  45.416429  45.420397   0.003965    38.5346    38.5378     0.0032  1030.0870  1030.0894     0.0024     5.8206 5.1477e+02 1.0000e-12     0.2299 4.0548e-02     10.246    243.001    38.5346    38.5378     0.0032  1030.0870    29.0102  1030.0894    29.0126     0.0024     0.0024         96 0.0000e+00
   39.00068    0.73634    247.958    250.000    13.6203    13.6208     0.0005  45.416291  45.420381   0.004088    38.5374    38.5408     0.0034  1030.1124  1030.1149     0.0025     5.8214 5.1461e+02 1.0000e-12     0.2270 4.0578e-02     10.062    247.957    38.5373    38.5407     0.0034  1030.1123    29.0135  1030.1148    29.0160     0.0025     0.0025        116 0.0000e+00
   39.00067    0.73634    252.910    255.000    13.6195    13.6201     0.0006  45.420671  45.424693   0.004019    38.5401    38.5433     0.0032  1030.1367  1030.1390     0.0024     5.8054 5.1456e+02 1.0000e-12     0.2266 4.0845e-02      9.256    252.913    38.5400    38.5433     0.0032  1030.1366    29.0159  1030.1390    29.0183     0.0024     0.0024        104 0.0000e+00
   39.00068    0.73634    257.871    260.000    13.6210    13.6215     0.0005  45.426961  45.430908   0.003948    38.5423    38.5455     0.0032  1030.1601  1030.1625     0.0024     5.7981 5.1454e+02 1.0000e-12     0.2274 4.0397e-02     10.154    257.869    38.5423    38.5456     0.0032  1030.1601    29.0175  1030.1626    29.0200     0.0024     0.0024        110 0.0000e+00
   39.00068    0.73634    262.824    265.000    13.6141    13.6147     0.0007  45.421243  45.425473   0.004227    38.5416    38.5450     0.0034  1030.1832  1030.1857     0.0025     5.8150 5.1456e+02 1.0000e-12     0.2279 3.9940e-02      9.409    262.825    38.5416    38.5450     0.0034  1030.1832    29.0186  1030.1857    29.0211     0.0025     0.0025        122 0.0000e+00
   39.00068    0.73634    267.781    270.000    13.5894    13.5898     0.0004  45.395005  45.398849   0.003846    38.5397    38.5430     0.0033  1030.2092  1030.2116     0.0025     5.8558 5.1456e+02 1.0000e-12     0.2195 3.9612e-02      5.948    267.781    38.5392    38.5425     0.0033  1030.2088    29.0222  1030.2112    29.0246     0.0025     0.0025        111 0.0000e+00
   39.00068    0.73634    272.738    275.000    13.5640    13.5645     0.0005  45.367139  45.371094   0.003954    38.5370    38.5402     0.0032  1030.2347  1030.2371     0.0024     5.8743 5.1456e+02 1.0000e-12     0.2110 3.9686e-02      4.886    272.736    38.5360    38.5392     0.0032  1030.2339    29.0253  1030.2363    29.0277     0.0024     0.0024        115 0.0000e+00
   39.00068    0.73634    277.692    280.000    13.5620    13.5625     0.0005  45.369775  45.373785   0.004009    38.5387    38.5420     0.0033  1030.2585  1030.2609     0.0024     5.8587 5.1453e+02 1.0000e-12     0.2079 3.8847e-02      5.299    277.692    38.5383    38.5416     0.0033  1030.2582    29.0276  1030.2606    29.0301     0.0024     0.0024        115 0.0000e+00
   39.00068    0.73634    282.649    285.000    13.5584    13.5589     0.0005  45.369354  45.373421   0.004066    38.5396    38.5429     0.0033  1030.2820  1030.2845     0.0025     5.8600 5.1456e+02 1.0000e-12     0.2063 3.9520e-02      4.680    282.647    38.5393    38.5426     0.0033  1030.2818    29.0293  1030.2842    29.0318     0.0025     0.0025        110 0.0000e+00
   39.00068    0.73634    287.598    290.000    13.5535    13.5540     0.0005  45.367846  45.371921   0.004076    38.5407    38.5440     0.0034  1030.3059  1030.3084     0.0025     5.8429 5.1438e+02 1.0000e-12     0.2053 3.9290e-02      4.945    287.602    38.5405    38.5438     0.0034  1030.3058    29.0314  1030.3083    29.0339     0.0025     0.0025         99 0.0000e+00
   39.00068    0.73634    292.555    295.000    13.5243    13.5249     0.0006  45.336722  45.340801   0.004077    38.5388    38.5421     0.0033  1030.3329  1030.3353     0.0024     5.8663 5.1407e+02 1.0000e-12     0.2038 3.8993e-02      4.253    292.557    38.5380    38.5413     0.0033  1030.3323    29.0358  1030.3347    29.0383     0.0024     0.0024        106 0.0000e+00
   39.00069    0.73634    297.510    300.000    13.5197    13.5202     0.0005  45.336064  45.340166   0.004103    38.5401    38.5436     0.0034  1030.3570  1030.3596     0.0025     5.8492 5.1306e+02 1.0000e-12     0.2028 3.9006e-02      4.745    297.512    38.5398    38.5432     0.0034  1030.3568    29.0384  1030.3593    29.0409     0.0025     0.0025        111 0.0000e+00
   39.00070    0.73634    302.468    305.000    13.5347    13.5348     0.0002  45.364439  45.367861   0.003430    38.5495    38.5526     0.0031  1030.3831  1030.3854     0.0024     5.8003 5.1282e+02 1.0000e-12     0.2025 3.8351e-02      3.835    302.467    38.5495    38.5526     0.0031  1030.3831    29.0429  1030.3855    29.0453     0.0024     0.0024         84 0.0000e+00
   39.00070    0.73634    307.424    310.000    13.5488    13.5492     0.0004  45.390144  45.393865   0.003721    38.5572    38.5604     0.0032  1030.4080  1030.4104     0.0024     5.7614 5.1279e+02 1.0000e-12     0.2017 3.8276e-02      3.732    307.422    38.5575    38.5607     0.0032  1030.4083    29.0463  1030.4106    29.0487     0.0024     0.0024        129 0.0000e+00
   39.00071    0.73634    312.377    315.000    13.5535    13.5540     0.0005  45.401303  45.405407   0.004102    38.5609    38.5643     0.0034  1030.4319  1030.4344     0.0025     5.7552 5.1279e+02 1.0000e-12     0.2007 3.8010e-02      4.326    312.377    38.5612    38.5646     0.0034  1030.4321    29.0483  1030.4347    29.0508     0.0025     0.0025        112 0.0000e+00
   39.00072    0.73634    317.333    320.000    13.5591    13.5595     0.0004  45.412522  45.416555   0.004033    38.5637    38.5672     0.0034  1030.4549  1030.4575     0.0025     5.7292 5.1276e+02 1.0000e-12     0.2012 3.7874e-02      4.052    317.331    38.5640    38.5674     0.0034  1030.4551    29.0494  1030.4577    29.0520     0.0025     0.0025        118 0.0000e+00
   39.00072    0.73634    322.285    325.000    13.5818    13.5821     0.0003  45.448539  45.452315   0.003778    38.5726    38.5760     0.0033  1030.4789  1030.4814     0.0025     5.6917 5.1279e+02 1.0000e-12     0.2023 3.7871e-02      3.883    322.286    38.5732    38.5765     0.0033  1030.4793    29.0519  1030.4818    29.0544     0.0025     0.0025        124 0.0000e+00
   39.00072    0.73634    327.241    330.000    13.5865    13.5870     0.0005  45.458545  45.462491   0.003943    38.5754    38.5787     0.0033  1030.5021  1030.5045     0.0024     5.6782 5.1258e+02 1.0000e-12     0.2049 3.7526e-02      4.110    327.240    38.5758    38.5790     0.0033  1030.5023    29.0531  1030.5047    29.0555     0.0024     0.0024        114 0.0000e+00
   39.00070    0.73634    332.194    335.000    13.5870    13.5875     0.0005  45.463232  45.467380   0.004146    38.5773    38.5807     0.0034  1030.5254  1030.5279     0.0025     5.6713 5.1229e+02 1.0000e-12     0.2038 3.8110e-02      6.836    332.194    38.5775    38.5809     0.0034  1030.5256    29.0544  1030.5281    29.0570     0.0025     0.0025        107 0.0000e+00
   39.00070    0.73634    337.146    340.000    13.5767    13.5772     0.0005  45.453932  45.458028   0.004096    38.5769    38.5803     0.0034  1030.5494  1030.5519     0.0025     5.6775 5.1115e+02 1.0000e-12     0.2040 3.7216e-02      4.147    337.148    38.5768    38.5802     0.0034  1030.5493    29.0562  1030.5518    29.0587     0.0025     0.0025        112 0.0000e+00
   39.00068    0.73634    342.105    345.000    13.5794    13.5801     0.0007  45.461879  45.466217   0.004334    38.5793    38.5827     0.0034  1030.5727  1030.5752     0.0025     5.6527 5.1109e+02 1.0000e-12     0.2032 3.7212e-02      4.962    342.102    38.5793    38.5827     0.0034  1030.5727    29.0578  1030.5752    29.0603     0.0025     0.0025        107 0.0000e+00
   39.00068    0.73634    347.051    350.000    13.5799    13.5804     0.0005  45.466713  45.470802   0.004090    38.5812    38.5845     0.0034  1030.5961  1030.5985     0.0025     5.6585 5.1102e+02 1.0000e-12     0.2034 3.8124e-02      3.997    347.056    38.5812    38.5846     0.0034  1030.5961    29.0593  1030.5986    29.0618     0.0025     0.0025        109 0.0000e+00
   39.00066    0.73634    352.015    355.000    13.5702    13.5709     0.0007  45.458456  45.462680   0.004220    38.5812    38.5845     0.0033  1030.6203  1030.6227     0.0024     5.6496 5.1099e+02 1.0000e-12     0.2038 3.7649e-02      3.839    352.010    38.5809    38.5842     0.0033  1030.6201    29.0613  1030.6225    29.0637     0.0024     0.0024         92 0.0000e+00
   39.00065    0.73634    356.962    360.000    13.5637    13.5641     0.0005  45.454288  45.458275   0.003993    38.5815    38.5848     0.0033  1030.6439  1030.6464     0.0025     5.6442 5.1101e+02 1.0000e-12     0.2029 3.7926e-02      3.997    356.963    38.5813    38.5846     0.0033  1030.6438    29.0631  1030.6463    29.0656     0.0025     0.0025        107 0.0000e+00
   39.00064    0.73634    361.918    365.000    13.5608    13.5612     0.0005  45.453220  45.457142   0.003928    38.5811    38.5844     0.0033  1030.6663  1030.6687     0.0024     5.6478 5.1101e+02 1.0000e-12     0.2034 3.7918e-02      3.944    361.917    38.5809    38.5842     0.0033  1030.6661    29.0636  1030.6686    29.0661     0.0024     0.0024        108 0.0000e+00
   39.00064    0.73634    366.868    370.000    13.5583    13.5588     0.0006  45.452786  45.456858   0.004071    38.5809    38.5843     0.0033  1030.6887  1030.6912     0.0025     5.6417 5.1103e+02 1.0000e-12     0.2029 3.7938e-02      4.307    366.870    38.5808    38.5841     0.0033  1030.6887    29.0642  1030.6911    29.0667     0.0025     0.0025        112 0.0000e+00
   39.00064    0.73634    371.825    375.000    13.5502    13.5508     0.0005  45.444391  45.449516   0.005125    38.5789    38.5833     0.0044  1030.7110  1030.7142     0.0033     5.6520 5.1080e+02 1.0000e-12     0.2024 3.7474e-02      3.886    371.823    38.5787    38.5830     0.0044  1030.7108    29.0644  1030.7140    29.0677     0.0033     0.0033        113 0.0000e+00
   39.00064    0.73634    376.773    380.000    13.5483    13.5491     0.0007  45.435607  45.450604   0.014992    38.5701    38.5837     0.0136  1030.7266  1030.7369     0.0103     5.6336 5.1036e+02 1.0000e-12     0.2022 3.7499e-02      5.555    376.776    38.5700    38.5836     0.0135  1030.7265    29.0583  1030.7368    29.0686     0.0103     0.0103        101 0.0000e+00
   39.00064    0.73634    381.727    385.000    13.5457    13.5464     0.0006  45.434687  45.450096   0.015409    38.5696    38.5837     0.0141  1030.7488  1030.7595     0.0107     5.6385 5.1071e+02 1.0000e-12     0.2025 3.7476e-02      4.472    381.729    38.5695    38.5836     0.0141  1030.7487    29.0586  1030.7595    29.0693     0.0107     0.0107        104 0.0000e+00
   39.00064    0.73634    386.686    390.000    13.5395    13.5403     0.0008  45.430686  45.446003   0.015315    38.5699    38.5837     0.0138  1030.7724  1030.7829     0.0105     5.6345 5.1014e+02 1.0000e-12     0.2019 3.7204e-02      3.774    386.682    38.5697    38.5835     0.0138  1030.7723    29.0602  1030.7828    29.0708     0.0105     0.0105         93 0.0000e+00
   39.00065    0.73634    391.636    395.000    13.5358    13.5364     0.0006  45.428743  45.444010   0.015270    38.5695    38.5835     0.0140  1030.7949  1030.8056     0.0107     5.6236 5.1002e+02 1.0000e-12     0.2014 3.7207e-02      3.788    391.635    38.5693    38.5833     0.0140  1030.7948    29.0609  1030.8055    29.0716     0.0107     0.0107        127 0.0000e+00
   39.00066    0.73634    396.585    400.000    13.5308    13.5314     0.0007  45.425116  45.440254   0.015137    38.5689    38.5827     0.0138  1030.8176  1030.8281     0.0105     5.6330 5.0979e+02 1.0000e-12     0.2015 3.7428e-02      3.648    396.588    38.5687    38.5825     0.0138  1030.8175    29.0616  1030.8280    29.0722     0.0105     0.0105        111 0.0000e+00
   39.00066    0.73634    401.542    405.000    13.5236    13.5242     0.0005  45.428142  45.433944   0.005804    38.5768    38.5819     0.0050  1030.8473  1030.8511     0.0038     5.6336 5.0991e+02 1.0000e-12     0.2008 3.7245e-02      4.627    401.540    38.5766    38.5816     0.0050  1030.8471    29.0694  1030.8509    29.0732     0.0038     0.0038        132 0.0000e+00
   39.00068    0.73634    406.488    410.000    13.5186    13.5191     0.0005  45.426531  45.430632   0.004102    38.5782    38.5815     0.0034  1030.8714  1030.8739     0.0025     5.6334 5.0957e+02 1.0000e-12     0.2010 3.7214e-02      3.857    406.492    38.5779    38.5813     0.0034  1030.8713    29.0717  1030.8738    29.0742     0.0025     0.0025        113 0.0000e+00
   39.00068    0.73634    411.442    415.000    13.5118    13.5126     0.0009  45.420683  45.425155   0.004465    38.5772    38.5806     0.0034  1030.8942  1030.8966     0.0024     5.6284 5.0932e+02 1.0000e-12     0.2046 3.7434e-02      4.741    411.445    38.5770    38.5804     0.0034  1030.8940    29.0725  1030.8965    29.0750     0.0024     0.0024         96 0.0000e+00
   39.00069    0.73634    416.408    420.000    13.5020    13.5027     0.0007  45.411015  45.415264   0.004252    38.5757    38.5791     0.0034  1030.9172  1030.9197     0.0025     5.6313 5.0927e+02 1.0000e-12     0.2102 3.7115e-02      6.057    416.397    38.5754    38.5787     0.0034  1030.9169    29.0735  1030.9194    29.0759     0.0025     0.0025         74 0.0000e+00
   39.00070    0.73632    421.349    425.000    13.4953    13.4959     0.0006  45.405431  45.409588   0.004161    38.5749    38.5783     0.0034  1030.9401  1030.9425     0.0025     5.6342 5.0927e+02 1.0000e-12     0.2145 3.7406e-02      7.089    421.349    38.5746    38.5780     0.0034  1030.9398    29.0745  1030.9423    29.0770     0.0025     0.0025        135 0.0000e+00
