example data/fromGithub/from cmunozmas_plot_raw_ctd/ds2_04.cnv
* Sea-Bird SBE 9 Data File:
* FileName = C:\OCEANO\CTD\DATOS\2019-02_SOCIB CanalesWinter19\S_04.hex
* Software Version Seasave V 7.26.7.121
* Temperature SN = 5391
* Conductivity SN = 3718
* Number of Bytes Per Scan = 40
* Number of Voltage Words = 5
* Number of Scans Averaged by the Deck Unit = 1
* NMEA Latitude = 38 59.96 N
* NMEA Longitude = 000 51.77 E
* NMEA UTC (Time) = Mar 06 2019  12:45:19
* NMEA baud rate = 4800
** Ship:B/O SOCIB
** Cruise: SOCIB-Canales Winter19
** Station: S2_ 04
** Date:  2019/03/06
** Time (UTC):  12:44
** Bottom Depth (m):  833
** Operator: NCW JBM
# nquan = 34
# nvalues = 167                         
# units = specified
# name 0 = latitude: Latitude [deg]
# name 1 = longitude: Longitude [deg]
# name 2 = depSM: Depth [salt water, m]
# name 3 = prDM: Pressure, Digiquartz [db]
# name 4 = t090C: Temperature [ITS-90, deg C]
# name 5 = t190C: Temperature, 2 [ITS-90, deg C]
# name 6 = T2-T190C: Temperature Difference, 2 - 1 [ITS-90, deg C]
# name 7 = c0mS/cm: Conductivity [mS/cm]
# name 8 = c1mS/cm: Conductivity, 2 [mS/cm]
# name 9 = C2-C1mS/cm: Conductivity Difference, 2 - 1 [mS/cm]
# name 10 = sal00: Salinity, Practical [PSU]
# name 11 = sal11: Salinity, Practical, 2 [PSU]
# name 12 = secS-priS: Salinity, Practical, Difference, 2 - 1 [PSU]
# name 13 = density00: Density [density, kg/m^3]
# name 14 = density11: Density, 2 [density, kg/m^3]
# name 15 = D2-D1,d: Density Difference, 2 - 1 [density, kg/m^3]
# name 16 = sbeox0Mg/L: Oxygen, SBE 43 [mg/l]
# name 17 = spar: SPAR/Surface Irradiance
# name 18 = par: PAR/Irradiance, Biospherical/Licor
# name 19 = CStarAt0: Beam Attenuation, WET Labs C-Star [1/m]
# name 20 = flSP: Fluorescence, Seapoint
# name 21 = seaTurbMtr: Turbidity, Seapoint [FTU]
# name 22 = depSM: Depth [salt water, m], lat = 38.9993
# name 23 = sal00: Salinity, Practical [PSU]
# name 24 = sal11: Salinity, Practical, 2 [PSU]
# name 25 = secS-priS: Salinity, Practical, Difference, 2 - 1 [PSU]
# name 26 = density00: Density [density, kg/m^3]
# name 27 = sigma-é00: Density [sigma-theta, kg/m^3]
# name 28 = density11: Density, 2 [density, kg/m^3]
# name 29 = sigma-é11: Density, 2 [sigma-theta, kg/m^3]
# name 30 = D2-D1,d: Density Difference, 2 - 1 [density, kg/m^3]
# name 31 = D2-D1: Density Difference, 2 - 1 [sigma-theta, kg/m^3]
# name 32 = nbin: number of scans per bin
# name 33 = flag: flag
# span 0 =   39.00099,   39.00318       
# span 1 =    0.86682,    0.86760       
# span 2 =      4.965,    827.038       
# span 3 =      5.000,    835.000       
# span 4 =    13.1508,    14.2632       
# span 5 =    13.1512,    14.2635       
# span 6 =    -0.0005,     0.0017       
# span 7 =  45.038173,  45.702481       
# span 8 =  45.042237,  45.706474       
# span 9 =   0.002893,   0.005397       
# span 10 =    38.2539,    38.5842      
# span 11 =    38.2571,    38.5875      
# span 12 =     0.0031,     0.0036      
# span 13 =  1028.6854,  1032.7617      
# span 14 =  1028.6880,  1032.7644      
# span 15 =     0.0021,     0.0027      
# span 16 =     5.5892,     7.8302      
# span 17 = 6.8913e+02, 8.2432e+02      
# span 18 = -2.315e-05, 3.0359e+02      
# span 19 =     0.1995,     0.4184      
# span 20 = 3.5740e-02, 1.1369e+00      
# span 21 =      3.274,     21.292      
# span 22 =      4.962,    827.012      
# span 23 =    38.2505,    38.5842      
# span 24 =    38.2537,    38.5876      
# span 25 =     0.0031,     0.0036      
# span 26 =  1028.6853,  1032.7615      
# span 27 =    28.6634,    29.1066      
# span 28 =  1028.6880,  1032.7641      
# span 29 =    28.6660,    29.1093      
# span 30 =     0.0021,     0.0027      
# span 31 =     0.0021,     0.0027      
# span 32 =         53,        205      
# span 33 = 0.0000e+00, 0.0000e+00      
# interval = decibars: 5                
# start_time = Mar 06 2019 12:45:19 [NMEA time, header]
# bad_flag = -9.990e-29
*END*
   39.00099    0.86694      4.965      5.000    14.2632    14.2635     0.0003  45.702481  45.706474   0.003992    38.2747    38.2781     0.0034  1028.6854  1028.6880     0.0026     7.8194 8.2432e+02 3.0359e+02     0.4184 3.6529e-01     21.292      4.962    38.2747    38.2781     0.0034  1028.6853    28.6634  1028.6880    28.6660     0.0026     0.0026        114 0.0000e+00
   39.00107    0.86700      9.924     10.000    14.2511    14.2513     0.0001  45.691740  45.695192   0.003463    38.2745    38.2777     0.0032  1028.7100  1028.7124     0.0025     7.8302 8.1794e+02 1.7372e+02     0.4134 5.5697e-01     15.945      9.924    38.2743    38.2774     0.0032  1028.7099    28.6659  1028.7122    28.6683     0.0025     0.0025        205 0.0000e+00
   39.00112    0.86704     14.885     15.000    14.2432    14.2428    -0.0005  45.685665  45.688538   0.002893    38.2743    38.2775     0.0032  1028.7337  1028.7363     0.0026     7.8268 8.1605e+02 1.1029e+02     0.4096 7.3382e-01     16.973     14.886    38.2742    38.2773     0.0032  1028.7336    28.6677  1028.7362    28.6702     0.0026     0.0026        149 0.0000e+00
   39.00116    0.86707     19.846     20.000    14.2106    14.2124     0.0015  45.649970  45.655397   0.005397    38.2717    38.2749     0.0032  1028.7610  1028.7631     0.0021     7.8138 8.1469e+02 7.3362e+01     0.4105 9.1316e-01     17.166     19.848    38.2708    38.2741     0.0032  1028.7603    28.6724  1028.7625    28.6745     0.0021     0.0021        141 0.0000e+00
   39.00119    0.86711     24.809     25.000    14.1494    14.1497     0.0003  45.579913  45.583658   0.003760    38.2649    38.2681     0.0032  1028.7912  1028.7936     0.0024     7.7839 8.1442e+02 4.7999e+01     0.4025 1.1101e+00     18.597     24.809    38.2635    38.2667     0.0032  1028.7902    28.6802  1028.7925    28.6826     0.0024     0.0024        127 0.0000e+00
   39.00123    0.86714     29.773     30.000    14.1177    14.1190     0.0014  45.544648  45.549611   0.004949    38.2608    38.2641     0.0033  1028.8171  1028.8194     0.0023     7.7913 8.0820e+02 3.1052e+01     0.3950 1.1369e+00     18.676     29.771    38.2595    38.2629     0.0033  1028.8162    28.6842  1028.8185    28.6866     0.0023     0.0023        130 0.0000e+00
   39.00127    0.86716     34.734     35.000    14.0477    14.0494     0.0017  45.468884  45.474146   0.005257    38.2575    38.2607     0.0033  1028.8520  1028.8541     0.0022     7.7386 8.0154e+02 2.0224e+01     0.3816 1.0935e+00     17.646     34.732    38.2555    38.2587     0.0033  1028.8504    28.6965  1028.8526    28.6986     0.0022     0.0022        140 0.0000e+00
   39.00130    0.86718     39.691     40.000    13.9151    13.9157     0.0007  45.326118  45.330178   0.004072    38.2539    38.2571     0.0032  1028.9001  1028.9024     0.0023     7.6006 7.9711e+02 1.3199e+01     0.3583 1.1304e+00     18.140     39.693    38.2505    38.2537     0.0032  1028.8975    28.7214  1028.8998    28.7237     0.0023     0.0023        135 0.0000e+00
   39.00133    0.86719     44.654     45.000    13.7653    13.7662     0.0009  45.172323  45.176631   0.004308    38.2565    38.2597     0.0032  1028.9567  1028.9589     0.0022     7.3689 7.9288e+02 8.5489e+00     0.3381 9.8584e-01     17.343     44.654    38.2520    38.2552     0.0032  1028.9531    28.7550  1028.9554    28.7572     0.0022     0.0022        124 0.0000e+00
   39.00136    0.86720     49.617     50.000    13.7071    13.7077     0.0006  45.122664  45.126733   0.004075    38.2639    38.2672     0.0033  1028.9971  1028.9995     0.0024     7.2419 7.9194e+02 5.6848e+00     0.3147 8.1974e-01     15.495     49.615    38.2608    38.2641     0.0033  1028.9946    28.7744  1028.9971    28.7768     0.0024     0.0024        133 0.0000e+00
   39.00139    0.86722     54.576     55.000    13.6711    13.6720     0.0009  45.088812  45.093341   0.004527    38.2645    38.2679     0.0034  1029.0274  1029.0298     0.0025     7.3196 7.9149e+02 3.8908e+00     0.2953 6.6639e-01     14.557     54.576    38.2623    38.2658     0.0034  1029.0257    28.7834  1029.0282    28.7859     0.0025     0.0025        135 0.0000e+00
   39.00142    0.86723     59.538     60.000    13.6377    13.6379     0.0002  45.065974  45.069723   0.003759    38.2732    38.2766     0.0034  1029.0635  1029.0660     0.0026     7.5061 7.9139e+02 2.6757e+00     0.2899 6.4944e-01     16.243     59.537    38.2718    38.2751     0.0034  1029.0624    28.7980  1029.0649    28.8006     0.0026     0.0026        132 0.0000e+00
   39.00144    0.86724     64.494     65.000    13.6278    13.6285     0.0005  45.067440  45.071701   0.004234    38.2818    38.2853     0.0035  1029.0944  1029.0970     0.0026     7.5715 7.9110e+02 1.8233e+00     0.2833 6.8705e-01     11.970     64.498    38.2809    38.2845     0.0035  1029.0938    28.8074  1029.0966    28.8100     0.0026     0.0026        119 0.0000e+00
   39.00146    0.86726     69.458     70.000    13.6037    13.6042     0.0006  45.047665  45.051814   0.004164    38.2852    38.2886     0.0034  1029.1245  1029.1270     0.0025     7.3642 7.9024e+02 1.2599e+00     0.2660 5.0931e-01     11.548     69.458    38.2840    38.2873     0.0034  1029.1234    28.8150  1029.1259    28.8175     0.0025     0.0025        111 0.0000e+00
   39.00146    0.86725     74.421     75.000    13.6226    13.6229     0.0003  45.087085  45.091192   0.004116    38.3002    38.3038     0.0036  1029.1541  1029.1568     0.0027     7.0927 7.8789e+02 9.1572e-01     0.2524 2.7660e-01      9.441     74.419    38.3003    38.3039     0.0036  1029.1542    28.8238  1029.1569    28.8265     0.0027     0.0027        112 0.0000e+00
   39.00146    0.86724     79.380     80.000    13.6075    13.6082     0.0008  45.077460  45.082018   0.004553    38.3044    38.3079     0.0035  1029.1828  1029.1853     0.0026     7.2042 7.8582e+02 6.8000e-01     0.2455 2.9477e-01      9.421     79.379    38.3040    38.3076     0.0035  1029.1825    28.8301  1029.1851    28.8327     0.0026     0.0026        116 0.0000e+00
   39.00146    0.86724     84.338     85.000    13.5749    13.5753     0.0005  45.042019  45.046106   0.004093    38.3015    38.3049     0.0034  1029.2097  1029.2122     0.0026     7.1443 7.8861e+02 4.9551e-01     0.2489 2.6841e-01      8.860     84.339    38.3007    38.3041     0.0034  1029.2090    28.8346  1029.2116    28.8371     0.0026     0.0026        116 0.0000e+00
   39.00148    0.86724     89.297     90.000    13.5673    13.5677     0.0004  45.038173  45.042237   0.004066    38.3029    38.3063     0.0034  1029.2345  1029.2371     0.0026     7.1562 7.8877e+02 3.5938e-01     0.2503 2.7372e-01      9.621     89.299    38.3023    38.3058     0.0034  1029.2341    28.8376  1029.2367    28.8402     0.0026     0.0026        117 0.0000e+00
   39.00148    0.86722     94.254     95.000    13.5718    13.5722     0.0004  45.048695  45.052697   0.004005    38.3058    38.3092     0.0035  1029.2580  1029.2606     0.0026     7.0893 7.8871e+02 2.5499e-01     0.2519 3.6472e-01      9.480     94.259    38.3056    38.3090     0.0035  1029.2578    28.8394  1029.2604    28.8419     0.0026     0.0026         90 0.0000e+00
   39.00148    0.86722     99.229    100.000    13.5847    13.5855     0.0007  45.078792  45.083369   0.004574    38.3190    38.3226     0.0036  1029.2876  1029.2902     0.0026     6.9810 7.8696e+02 1.7457e-01     0.2612 3.9877e-01      8.859     99.219    38.3191    38.3226     0.0036  1029.2877    28.8473  1029.2902    28.8498     0.0026     0.0026         92 0.0000e+00
   39.00150    0.86722    104.177    105.000    13.5669    13.5674     0.0005  45.065579  45.069726   0.004153    38.3223    38.3258     0.0035  1029.3161  1029.3187     0.0026     6.9940 7.8822e+02 1.2773e-01     0.2439 2.0658e-01      7.140    104.178    38.3220    38.3255     0.0035  1029.3159    28.8535  1029.3185    28.8560     0.0026     0.0026        128 0.0000e+00
   39.00150    0.86722    109.136    110.000    13.5593    13.5596     0.0003  45.064756  45.068577   0.003828    38.3272    38.3305     0.0033  1029.3437  1029.3462     0.0025     6.9877 7.8865e+02 8.9671e-02     0.2282 1.1978e-01      6.213    109.138    38.3267    38.3300     0.0034  1029.3433    28.8588  1029.3458    28.8614     0.0025     0.0025        117 0.0000e+00
   39.00150    0.86722    114.096    115.000    13.5822    13.5825     0.0003  45.104872  45.108768   0.003898    38.3393    38.3427     0.0034  1029.3702  1029.3728     0.0026     6.8773 7.8609e+02 6.3067e-02     0.2205 9.2737e-02      6.328    114.097    38.3397    38.3431     0.0034  1029.3706    28.8642  1029.3732    28.8668     0.0026     0.0026        120 0.0000e+00
   39.00150    0.86724    119.055    120.000    13.5901    13.5899    -0.0002  45.125339  45.128554   0.003227    38.3487    38.3520     0.0033  1029.3980  1029.4006     0.0026     6.7728 7.7973e+02 4.0435e-02     0.2197 9.1953e-02      6.525    119.057    38.3490    38.3522     0.0033  1029.3982    28.8699  1029.4008    28.8724     0.0026     0.0026        116 0.0000e+00
   39.00151    0.86724    124.025    125.000    13.6262    13.6266     0.0004  45.187969  45.191902   0.003928    38.3693    38.3726     0.0033  1029.4284  1029.4309     0.0025     6.5562 7.8471e+02 2.6694e-02     0.2198 9.0204e-02      6.235    124.016    38.3702    38.3736     0.0033  1029.4291    28.8788  1029.4316    28.8813     0.0025     0.0025         87 0.0000e+00
   39.00152    0.86724    128.971    130.000    13.6121    13.6126     0.0005  45.183702  45.187697   0.003990    38.3780    38.3813     0.0033  1029.4602  1029.4626     0.0024     6.5683 7.8482e+02 1.5968e-02     0.2192 7.7742e-02      6.762    128.975    38.3781    38.3813     0.0033  1029.4603    28.8881  1029.4627    28.8905     0.0024     0.0024        127 0.0000e+00
   39.00152    0.86724    133.934    135.000    13.6092    13.6096     0.0003  45.190563  45.194413   0.003852    38.3851    38.3885     0.0033  1029.4885  1029.4910     0.0025     6.5225 7.9198e+02 8.4421e-03     0.2211 7.2245e-02      6.936    133.934    38.3852    38.3885     0.0033  1029.4886    28.8943  1029.4911    28.8969     0.0025     0.0025        118 0.0000e+00
   39.00152    0.86724    138.894    140.000    13.6039    13.6043     0.0004  45.202084  45.205920   0.003836    38.3995    38.4028     0.0033  1029.5229  1029.5254     0.0025     6.4342 7.9651e+02 1.8230e-03     0.2234 5.8795e-02      8.903    138.893    38.3993    38.4025     0.0033  1029.5228    28.9065  1029.5252    28.9090     0.0025     0.0025        119 0.0000e+00
   39.00152    0.86724    143.855    145.000    13.6084    13.6089     0.0005  45.222739  45.226652   0.003911    38.4121    38.4154     0.0033  1029.5538  1029.5563     0.0024     6.3604 7.9298e+02 -2.315e-05     0.2280 5.7105e-02     10.258    143.852    38.4121    38.4154     0.0033  1029.5539    28.9157  1029.5563    28.9182     0.0024     0.0024        125 0.0000e+00
   39.00152    0.86724    148.809    150.000    13.6114    13.6118     0.0004  45.238459  45.242278   0.003819    38.4218    38.4250     0.0033  1029.5828  1029.5852     0.0025     6.2945 7.9374e+02 -4.576e-07     0.2352 5.4477e-02     12.459    148.810    38.4219    38.4251     0.0033  1029.5829    28.9228  1029.5853    28.9252     0.0025     0.0025        125 0.0000e+00
   39.00152    0.86724    153.765    155.000    13.6097    13.6102     0.0005  45.251574  45.255428   0.003852    38.4339    38.4370     0.0032  1029.6146  1029.6170     0.0024     6.2255 7.9493e+02 1.0000e-12     0.2415 5.2175e-02     12.903    153.769    38.4338    38.4370     0.0032  1029.6146    28.9326  1029.6170    28.9349     0.0024     0.0024        113 0.0000e+00
   39.00152    0.86723    158.729    160.000    13.6047    13.6051     0.0004  45.266106  45.269782   0.003677    38.4506    38.4537     0.0031  1029.6509  1029.6532     0.0023     6.1487 7.9589e+02 1.0000e-12     0.2389 4.9295e-02     12.748    158.727    38.4505    38.4536     0.0031  1029.6508    28.9467  1029.6531    28.9490     0.0023     0.0023        128 0.0000e+00
   39.00152    0.86722    163.688    165.000    13.6008    13.6012     0.0004  45.274813  45.278754   0.003941    38.4606    38.4640     0.0033  1029.6816  1029.6841     0.0025     6.0933 7.9491e+02 1.0000e-12     0.2350 4.8454e-02     10.996    163.685    38.4605    38.4639     0.0033  1029.6814    28.9555  1029.6840    28.9580     0.0025     0.0025        125 0.0000e+00
   39.00151    0.86721    168.641    170.000    13.5970    13.5974     0.0004  45.277624  45.281534   0.003909    38.4648    38.4681     0.0033  1029.7077  1029.7102     0.0025     6.0841 7.8723e+02 1.0000e-12     0.2328 4.9434e-02     10.646    168.643    38.4647    38.4680     0.0033  1029.7077    28.9597  1029.7101    28.9621     0.0024     0.0024        136 0.0000e+00
   39.00150    0.86720    173.601    175.000    13.5958    13.5962     0.0004  45.283516  45.287401   0.003886    38.4694    38.4727     0.0033  1029.7336  1029.7361     0.0025     6.0658 7.9001e+02 1.0000e-12     0.2291 4.7474e-02      9.210    173.601    38.4693    38.4726     0.0033  1029.7336    28.9636  1029.7360    28.9661     0.0025     0.0025        120 0.0000e+00
   39.00150    0.86719    178.559    180.000    13.6051    13.6054     0.0003  45.307005  45.310853   0.003850    38.4799    38.4832     0.0033  1029.7619  1029.7644     0.0025     6.0259 7.8563e+02 1.0000e-12     0.2234 4.7701e-02      8.050    178.559    38.4801    38.4834     0.0033  1029.7620    28.9702  1029.7645    28.9727     0.0025     0.0025        123 0.0000e+00
   39.00150    0.86717    183.516    185.000    13.6128    13.6132     0.0004  45.326881  45.330834   0.003953    38.4888    38.4922     0.0034  1029.7892  1029.7917     0.0025     5.9859 7.7627e+02 1.0000e-12     0.2205 4.5458e-02      8.036    183.517    38.4890    38.4924     0.0034  1029.7894    28.9756  1029.7919    28.9782     0.0025     0.0025        129 0.0000e+00
   39.00149    0.86716    188.473    190.000    13.6072    13.6080     0.0009  45.328134  45.332661   0.004516    38.4936    38.4970     0.0034  1029.8162  1029.8187     0.0025     6.0089 7.7086e+02 1.0000e-12     0.2180 4.5654e-02      7.531    188.475    38.4936    38.4970     0.0034  1029.8162    28.9805  1029.8187    28.9830     0.0025     0.0025        110 0.0000e+00
   39.00148    0.86714    193.435    195.000    13.5816    13.5825     0.0009  45.301874  45.306323   0.004449    38.4926    38.4959     0.0034  1029.8431  1029.8455     0.0024     6.0137 7.6310e+02 1.0000e-12     0.2179 4.3588e-02      6.865    193.432    38.4921    38.4955     0.0034  1029.8427    28.9850  1029.8451    28.9874     0.0024     0.0024        123 0.0000e+00
   39.00148    0.86714    198.384    200.000    13.5729    13.5738     0.0009  45.297488  45.301916   0.004427    38.4948    38.4981     0.0033  1029.8688  1029.8711     0.0024     6.0068 7.5538e+02 1.0000e-12     0.2195 4.2688e-02      6.835    198.390    38.4944    38.4977     0.0033  1029.8684    28.9887  1029.8709    28.9911     0.0024     0.0024         87 0.0000e+00
   39.00149    0.86714    203.349    205.000    13.5690    13.5693     0.0003  45.298804  45.302426   0.003632    38.4975    38.5007     0.0032  1029.8939  1029.8962     0.0024     6.0030 7.5251e+02 1.0000e-12     0.2170 4.2956e-02      6.382    203.347    38.4973    38.5005     0.0032  1029.8937    28.9920  1029.8961    28.9944     0.0024     0.0024         69 0.0000e+00
   39.00150    0.86714    208.317    210.000    13.5561    13.5572     0.0012  45.288907  45.293377   0.004467    38.4992    38.5023     0.0031  1029.9201  1029.9223     0.0021     6.0273 7.4657e+02 1.0000e-12     0.2141 4.3559e-02      5.657    208.304    38.4987    38.5018     0.0031  1029.9196    28.9960  1029.9218    28.9982     0.0021     0.0021         75 0.0000e+00
