example data/fromGithub/from cmunozmas_plot_raw_ctd/ds2_05.cnv
* Sea-Bird SBE 9 Data File:
* FileName = C:\OCEANO\CTD\DATOS\2019-02_SOCIB CanalesWinter19\S_05.hex
* Software Version Seasave V 7.26.7.121
* Temperature SN = 5391
* Conductivity SN = 3718
* Number of Bytes Per Scan = 40
* Number of Voltage Words = 5
* Number of Scans Averaged by the Deck Unit = 1
* NMEA Latitude = 38 59.96 N
* NMEA Longitude = 000 44.15 E
* NMEA UTC (Time) = Mar 06 2019  11:36:33
* NMEA baud rate = 4800
** Ship:B/O SOCIB
** Cruise: SOCIB-Canales Winter19
** Station: S2_ 05
** Date:  2019/03/06
** Time (UTC):  11:36
** Bottom Depth (m):  960
** Operator: NCW JBM
# nquan = 34
# nvalues = 192                         
# units = specified
# name 0 = latitude: Latitude [deg]
# name 1 = longitude: Longitude [deg]
# name 2 = depSM: Depth [salt water, m]
# name 3 = prDM: Pressure, Digiquartz [db]
# name 4 = t090C: Temperature [ITS-90, deg C]
# name 5 = t190C: Temperature, 2 [ITS-90, deg C]
# name 6 = T2-T190C: Temperature Difference, 2 - 1 [ITS-90, deg C]
# name 7 = c0mS/cm: Conductivity [mS/cm]
# name 8 = c1mS/cm: Conductivity, 2 [mS/cm]
# name 9 = C2-C1mS/cm: Conductivity Difference, 2 - 1 [mS/cm]
# name 10 = sal00: Salinity, Practical [PSU]
# name 11 = sal11: Salinity, Practical, 2 [PSU]
# name 12 = secS-priS: Salinity, Practical, Difference, 2 - 1 [PSU]
# name 13 = density00: Density [density, kg/m^3]
# name 14 = density11: Density, 2 [density, kg/m^3]
# name 15 = D2-D1,d: Density Difference, 2 - 1 [density, kg/m^3]
# name 16 = sbeox0Mg/L: Oxygen, SBE 43 [mg/l]
# name 17 = spar: SPAR/Surface Irradiance
# name 18 = par: PAR/Irradiance, Biospherical/Licor
# name 19 = CStarAt0: Beam Attenuation, WET Labs C-Star [1/m]
# name 20 = flSP: Fluorescence, Seapoint
# name 21 = seaTurbMtr: Turbidity, Seapoint [FTU]
# name 22 = depSM: Depth [salt water, m], lat = 38.9993
# name 23 = sal00: Salinity, Practical [PSU]
# name 24 = sal11: Salinity, Practical, 2 [PSU]
# name 25 = secS-priS: Salinity, Practical, Difference, 2 - 1 [PSU]
# name 26 = density00: Density [density, kg/m^3]
# name 27 = sigma-é00: Density [sigma-theta, kg/m^3]
# name 28 = density11: Density, 2 [density, kg/m^3]
# name 29 = sigma-é11: Density, 2 [sigma-theta, kg/m^3]
# name 30 = D2-D1,d: Density Difference, 2 - 1 [density, kg/m^3]
# name 31 = D2-D1: Density Difference, 2 - 1 [sigma-theta, kg/m^3]
# name 32 = nbin: number of scans per bin
# name 33 = flag: flag
# span 0 =   38.99989,   39.00076       
# span 1 =    0.73614,    0.73636       
# span 2 =      4.959,    950.557       
# span 3 =      5.000,    960.000       
# span 4 =    13.1497,    14.3673       
# span 5 =    13.1500,    14.3677       
# span 6 =    -0.0024,     0.0034       
# span 7 =  44.814846,  45.745976       
# span 8 =  44.818789,  45.750536       
# span 9 =   0.000450,   0.015409       
# span 10 =    38.2096,    38.5815      
# span 11 =    38.2127,    38.5848      
# span 12 =     0.0028,     0.0141      
# span 13 =  1028.6123,  1033.3039      
# span 14 =  1028.6146,  1033.3066      
# span 15 =     0.0017,     0.0107      
# span 16 =     5.5980,     8.1883      
# span 17 = 4.9689e+02, 5.1620e+02      
# span 18 = -1.008e-08, 1.5921e+02      
# span 19 =     0.2007,     0.4593      
# span 20 = 3.5889e-02, 1.5210e+00      
# span 21 =      3.648,     24.495      
# span 22 =      4.962,    950.533      
# span 23 =    38.2097,    38.5813      
# span 24 =    38.2128,    38.5846      
# span 25 =     0.0028,     0.0141      
# span 26 =  1028.6124,  1033.3037      
# span 27 =    28.5904,    29.1072      
# span 28 =  1028.6148,  1033.3064      
# span 29 =    28.5928,    29.1099      
# span 30 =     0.0017,     0.0107      
# span 31 =     0.0017,     0.0107      
# span 32 =         46,        178      
# span 33 = 0.0000e+00, 0.0000e+00      
# interval = decibars: 5                
# start_time = Mar 06 2019 11:36:33 [NMEA time, header]
# bad_flag = -9.990e-29
*END*
[from data line 86]
   39.00072    0.73634    431.259    435.000    13.4895    13.4901     0.0006  45.403723  45.407781   0.004059    38.5745    38.5777     0.0033  1030.9850  1030.9874     0.0024     5.6398 5.0953e+02 1.0000e-12     0.2153 3.7244e-02      7.155    431.253    38.5743    38.5776     0.0033  1030.9849    29.0758  1030.9873    29.0782     0.0024     0.0024         83 0.0000e+00
   39.00072    0.73634    436.205    440.000    13.4861    13.4866     0.0006  45.401822  45.405986   0.004164    38.5739    38.5773     0.0034  1031.0073  1031.0098     0.0025     5.6418 5.0934e+02 1.0000e-12     0.2157 3.7199e-02      6.604    436.204    38.5738    38.5772     0.0034  1031.0072    29.0763  1031.0097    29.0788     0.0025     0.0025        122 0.0000e+00
   39.00072    0.73634    441.154    445.000    13.4835    13.4841     0.0006  45.400999  45.405139   0.004139    38.5735    38.5769     0.0034  1031.0296  1031.0320     0.0025     5.6318 5.0919e+02 1.0000e-12     0.2152 3.7181e-02      6.494    441.156    38.5734    38.5767     0.0034  1031.0295    29.0767  1031.0319    29.0791     0.0025     0.0025        113 0.0000e+00
   39.00072    0.73634    446.103    450.000    13.4826    13.4832     0.0005  45.402548  45.406729   0.004181    38.5735    38.5770     0.0034  1031.0518  1031.0543     0.0025     5.6289 5.0939e+02 1.0000e-12     0.2158 3.7836e-02      7.344    446.107    38.5735    38.5769     0.0035  1031.0518    29.0771  1031.0543    29.0796     0.0025     0.0025        105 0.0000e+00
   39.00072    0.73634    451.070    455.000    13.4796    13.4803     0.0007  45.401189  45.405440   0.004250    38.5731    38.5765     0.0034  1031.0741  1031.0766     0.0025     5.6394 5.0931e+02 1.0000e-12     0.2174 3.7451e-02      6.514    451.059    38.5730    38.5764     0.0034  1031.0740    29.0775  1031.0765    29.0800     0.0025     0.0025         79 0.0000e+00
   39.00070    0.73634    456.009    460.000    13.4736    13.4743     0.0007  45.395928  45.400262   0.004332    38.5720    38.5755     0.0034  1031.0966  1031.0991     0.0025     5.6359 5.0927e+02 1.0000e-12     0.2145 3.7017e-02      6.189    456.010    38.5718    38.5753     0.0034  1031.0965    29.0780  1031.0989    29.0805     0.0025     0.0025        115 0.0000e+00
   39.00070    0.73634    460.957    465.000    13.4671    13.4676     0.0005  45.390392  45.394524   0.004134    38.5711    38.5745     0.0034  1031.1193  1031.1218     0.0025     5.6348 5.0927e+02 1.0000e-12     0.2142 3.7786e-02      7.482    460.961    38.5709    38.5743     0.0034  1031.1191    29.0788  1031.1216    29.0813     0.0025     0.0025        110 0.0000e+00
   39.00070    0.73634    465.924    470.000    13.4647    13.4653     0.0007  45.390414  45.394640   0.004226    38.5712    38.5746     0.0034  1031.1419  1031.1444     0.0025     5.6423 5.0927e+02 1.0000e-12     0.2151 3.7516e-02      6.366    465.912    38.5711    38.5745     0.0034  1031.1418    29.0796  1031.1443    29.0821     0.0025     0.0025         66 0.0000e+00
   39.00070    0.73633    470.865    475.000    13.4601    13.4608     0.0007  45.387419  45.391687   0.004267    38.5708    38.5742     0.0034  1031.1646  1031.1670     0.0024     5.6284 5.0925e+02 1.0000e-12     0.2152 3.7928e-02      6.482    470.863    38.5706    38.5740     0.0034  1031.1644    29.0804  1031.1669    29.0829     0.0024     0.0024         88 0.0000e+00
   39.00070    0.73632    475.811    480.000    13.4595    13.4601     0.0006  45.389253  45.393386   0.004137    38.5708    38.5742     0.0034  1031.1867  1031.1892     0.0025     5.6312 5.0925e+02 1.0000e-12     0.2148 3.6952e-02      6.587    475.813    38.5707    38.5741     0.0034  1031.1866    29.0808  1031.1891    29.0832     0.0025     0.0025         88 0.0000e+00
   39.00070    0.73632    480.762    485.000    13.4605    13.4610     0.0006  45.393248  45.397381   0.004135    38.5714    38.5747     0.0034  1031.2089  1031.2114     0.0025     5.6205 5.0927e+02 1.0000e-12     0.2150 3.6925e-02      6.589    480.764    38.5713    38.5747     0.0034  1031.2089    29.0812  1031.2114    29.0837     0.0025     0.0025         87 0.0000e+00
   39.00070    0.73632    485.720    490.000    13.4528    13.4538     0.0009  45.385496  45.390106   0.004602    38.5696    38.5730     0.0034  1031.2312  1031.2337     0.0024     5.6304 5.0927e+02 1.0000e-12     0.2141 4.6524e-02      6.225    485.714    38.5694    38.5729     0.0034  1031.2311    29.0815  1031.2335    29.0839     0.0025     0.0025         94 0.0000e+00
   39.00070    0.73632    490.666    495.000    13.4429    13.4439     0.0010  45.374885  45.379486   0.004598    38.5675    38.5708     0.0034  1031.2537  1031.2561     0.0024     5.6422 5.0927e+02 1.0000e-12     0.2131 3.7269e-02      6.352    490.665    38.5672    38.5705     0.0034  1031.2535    29.0820  1031.2559    29.0844     0.0024     0.0024         91 0.0000e+00
   39.00070    0.73632    495.613    500.000    13.4366    13.4372     0.0005  45.369566  45.373640   0.004082    38.5664    38.5698     0.0034  1031.2762  1031.2787     0.0025     5.6405 5.0927e+02 1.0000e-12     0.2122 3.7442e-02      6.331    495.615    38.5661    38.5695     0.0034  1031.2760    29.0826  1031.2785    29.0851     0.0025     0.0025        103 0.0000e+00
   39.00070    0.73632    500.570    505.000    13.4338    13.4343     0.0005  45.368304  45.372450   0.004149    38.5658    38.5692     0.0034  1031.2984  1031.3009     0.0025     5.6290 5.0927e+02 1.0000e-12     0.2115 3.7209e-02      5.519    500.565    38.5656    38.5690     0.0034  1031.2982    29.0830  1031.3007    29.0855     0.0025     0.0025         96 0.0000e+00
   39.00068    0.73632    505.510    510.000    13.4333    13.4339     0.0005  45.370105  45.374208   0.004105    38.5656    38.5690     0.0034  1031.3203  1031.3228     0.0025     5.6421 5.0927e+02 1.0000e-12     0.2106 3.7101e-02      5.900    505.515    38.5655    38.5689     0.0034  1031.3202    29.0832  1031.3227    29.0857     0.0025     0.0025         92 0.0000e+00
   39.00068    0.73632    510.469    515.000    13.4339    13.4344     0.0005  45.373065  45.377209   0.004145    38.5656    38.5690     0.0034  1031.3422  1031.3447     0.0025     5.6350 5.0927e+02 1.0000e-12     0.2108 3.7406e-02      5.373    510.465    38.5656    38.5690     0.0034  1031.3421    29.0832  1031.3446    29.0858     0.0025     0.0025        111 0.0000e+00
   39.00066    0.73634    515.414    520.000    13.4290    13.4296     0.0006  45.369554  45.373718   0.004164    38.5650    38.5685     0.0034  1031.3647  1031.3673     0.0025     5.6339 5.0927e+02 1.0000e-12     0.2107 3.7028e-02      5.756    515.415    38.5649    38.5683     0.0034  1031.3646    29.0839  1031.3672    29.0865     0.0025     0.0025        113 0.0000e+00
   39.00066    0.73634    520.364    525.000    13.4274    13.4278     0.0004  45.370346  45.374394   0.004050    38.5652    38.5686     0.0034  1031.3872  1031.3897     0.0026     5.6222 5.0927e+02 1.0000e-12     0.2100 3.7005e-02      5.713    520.365    38.5651    38.5685     0.0034  1031.3871    29.0846  1031.3897    29.0872     0.0025     0.0025        117 0.0000e+00
   39.00065    0.73634    525.314    530.000    13.4320    13.4324     0.0004  45.379175  45.383270   0.004096    38.5666    38.5701     0.0035  1031.4092  1031.4118     0.0026     5.6205 5.0927e+02 1.0000e-12     0.2108 3.6873e-02      6.014    525.314    38.5667    38.5702     0.0035  1031.4093    29.0850  1031.4119    29.0876     0.0026     0.0026        119 0.0000e+00
   39.00064    0.73634    530.265    535.000    13.4239    13.4246     0.0007  45.371009  45.375320   0.004307    38.5650    38.5684     0.0035  1031.4317  1031.4343     0.0025     5.6308 5.0926e+02 1.0000e-12     0.2111 3.6800e-02      5.775    530.264    38.5648    38.5683     0.0034  1031.4316    29.0854  1031.4341    29.0880     0.0025     0.0025        111 0.0000e+00
   39.00063    0.73634    535.209    540.000    13.4174    13.4182     0.0008  45.365506  45.369948   0.004436    38.5641    38.5675     0.0034  1031.4544  1031.4568     0.0024     5.6200 5.0927e+02 1.0000e-12     0.2106 3.6869e-02      5.651    535.213    38.5639    38.5673     0.0034  1031.4543    29.0862  1031.4567    29.0887     0.0024     0.0024        108 0.0000e+00
   39.00062    0.73634    540.166    545.000    13.4158    13.4163     0.0005  45.366063  45.370179   0.004120    38.5639    38.5673     0.0034  1031.4766  1031.4791     0.0025     5.6298 5.0924e+02 1.0000e-12     0.2105 3.6725e-02      5.812    540.162    38.5638    38.5672     0.0034  1031.4765    29.0866  1031.4790    29.0892     0.0025     0.0025        117 0.0000e+00
   39.00062    0.73634    545.110    550.000    13.4160    13.4166     0.0006  45.368797  45.373031   0.004234    38.5640    38.5675     0.0035  1031.4986  1031.5011     0.0025     5.6288 5.0927e+02 1.0000e-12     0.2110 3.6635e-02      8.389    545.111    38.5640    38.5675     0.0035  1031.4986    29.0869  1031.5011    29.0895     0.0025     0.0025        117 0.0000e+00
   39.00062    0.73634    550.057    555.000    13.4127    13.4134     0.0006  45.366928  45.371205   0.004277    38.5634    38.5669     0.0034  1031.5208  1031.5233     0.0025     5.6262 5.0925e+02 1.0000e-12     0.2106 3.6806e-02      5.643    550.060    38.5633    38.5668     0.0034  1031.5207    29.0872  1031.5232    29.0898     0.0025     0.0025        102 0.0000e+00
   39.00062    0.73633    555.011    560.000    13.4081    13.4087     0.0006  45.363278  45.367434   0.004155    38.5625    38.5658     0.0033  1031.5430  1031.5455     0.0024     5.6417 5.0927e+02 1.0000e-12     0.2103 3.6724e-02      5.531    555.009    38.5623    38.5656     0.0033  1031.5429    29.0876  1031.5454    29.0900     0.0024     0.0024        116 0.0000e+00
   39.00060    0.73632    559.957    565.000    13.4038    13.4043     0.0005  45.360226  45.364329   0.004105    38.5616    38.5650     0.0034  1031.5653  1031.5678     0.0025     5.6364 5.0922e+02 1.0000e-12     0.2094 3.7100e-02      6.093    559.958    38.5615    38.5649     0.0034  1031.5652    29.0880  1031.5677    29.0905     0.0025     0.0025        120 0.0000e+00
   39.00060    0.73632    564.906    570.000    13.4002    13.4007     0.0005  45.357976  45.362142   0.004167    38.5610    38.5644     0.0034  1031.5875  1031.5901     0.0025     5.6357 5.0923e+02 1.0000e-12     0.2087 3.6935e-02      6.046    564.906    38.5608    38.5642     0.0034  1031.5874    29.0884  1031.5900    29.0910     0.0025     0.0025        133 0.0000e+00
   39.00060    0.73632    569.855    575.000    13.3969    13.3973     0.0005  45.356259  45.360371   0.004113    38.5604    38.5639     0.0035  1031.6098  1031.6123     0.0026     5.6407 5.0927e+02 1.0000e-12     0.2086 3.6799e-02      5.381    569.855    38.5603    38.5637     0.0035  1031.6097    29.0888  1031.6122    29.0914     0.0026     0.0026        108 0.0000e+00
   39.00060    0.73632    574.801    580.000    13.3973    13.3977     0.0003  45.359533  45.363453   0.003922    38.5608    38.5642     0.0034  1031.6319  1031.6345     0.0026     5.6318 5.0924e+02 1.0000e-12     0.2083 3.7201e-02      5.684    574.803    38.5607    38.5641     0.0034  1031.6319    29.0892  1031.6344    29.0918     0.0026     0.0026        130 0.0000e+00
   39.00060    0.73632    579.747    585.000    13.3994    13.3999     0.0005  45.364921  45.369146   0.004223    38.5616    38.5651     0.0035  1031.6540  1031.6566     0.0026     5.6158 5.0899e+02 1.0000e-12     0.2080 3.6945e-02      5.179    579.751    38.5616    38.5651     0.0035  1031.6540    29.0897  1031.6566    29.0923     0.0026     0.0026         91 0.0000e+00
   39.00061    0.73632    584.706    590.000    13.3980    13.3985     0.0005  45.365518  45.369745   0.004224    38.5614    38.5649     0.0035  1031.6761  1031.6787     0.0026     5.6256 5.0823e+02 1.0000e-12     0.2081 3.6719e-02     13.635    584.699    38.5614    38.5648     0.0035  1031.6761    29.0899  1031.6787    29.0925     0.0026     0.0026         75 0.0000e+00
   39.00062    0.73632    589.652    595.000    13.3973    13.3979     0.0006  45.367521  45.371807   0.004284    38.5618    38.5653     0.0035  1031.6985  1031.7011     0.0025     5.6167 5.0806e+02 1.0000e-12     0.2079 3.6433e-02      4.997    589.647    38.5618    38.5652     0.0035  1031.6985    29.0905  1031.7010    29.0931     0.0025     0.0025         90 0.0000e+00
   39.00064    0.73634    594.597    600.000    13.3976    13.3981     0.0005  45.370793  45.374975   0.004183    38.5623    38.5658     0.0035  1031.7208  1031.7234     0.0026     5.6121 5.0758e+02 1.0000e-12     0.2063 3.6741e-02      5.025    594.595    38.5623    38.5658     0.0035  1031.7208    29.0911  1031.7234    29.0937     0.0026     0.0026        109 0.0000e+00
   39.00066    0.73634    599.541    605.000    13.3937    13.3942     0.0005  45.368130  45.372347   0.004218    38.5616    38.5652     0.0035  1031.7431  1031.7457     0.0026     5.6078 5.0751e+02 1.0000e-12     0.2044 3.6722e-02      4.667    599.543    38.5616    38.5651     0.0035  1031.7430    29.0914  1031.7456    29.0941     0.0026     0.0026        117 0.0000e+00
   39.00066    0.73634    604.492    610.000    13.3916    13.3922     0.0006  45.368169  45.372416   0.004245    38.5615    38.5650     0.0035  1031.7654  1031.7679     0.0026     5.6058 5.0751e+02 1.0000e-12     0.2036 3.6729e-02      5.012    604.491    38.5615    38.5649     0.0035  1031.7653    29.0920  1031.7679    29.0945     0.0026     0.0026        111 0.0000e+00
   39.00068    0.73634    609.437    615.000    13.3896    13.3901     0.0005  45.368040  45.372166   0.004127    38.5613    38.5647     0.0034  1031.7876  1031.7901     0.0025     5.6012 5.0751e+02 1.0000e-12     0.2024 3.6753e-02      4.611    609.438    38.5612    38.5646     0.0034  1031.7875    29.0924  1031.7900    29.0949     0.0025     0.0025        119 0.0000e+00
   39.00068    0.73634    614.384    620.000    13.3888    13.3893     0.0005  45.369413  45.373611   0.004198    38.5611    38.5646     0.0035  1031.8095  1031.8121     0.0026     5.6023 5.0751e+02 1.0000e-12     0.2018 3.6863e-02      4.585    614.386    38.5611    38.5646     0.0035  1031.8095    29.0926  1031.8121    29.0952     0.0026     0.0026        110 0.0000e+00
   39.00069    0.73634    619.333    625.000    13.3884    13.3890     0.0006  45.371053  45.375374   0.004321    38.5609    38.5644     0.0036  1031.8313  1031.8340     0.0026     5.6004 5.0742e+02 1.0000e-12     0.2011 3.6653e-02      4.385    619.333    38.5608    38.5644     0.0036  1031.8313    29.0926  1031.8340    29.0953     0.0026     0.0026         90 0.0000e+00
   39.00070    0.73634    624.285    630.000    13.3874    13.3880     0.0006  45.372032  45.376317   0.004284    38.5606    38.5641     0.0035  1031.8533  1031.8559     0.0026     5.5980 5.0738e+02 1.0000e-12     0.2008 3.6782e-02      3.885    624.280    38.5606    38.5641     0.0035  1031.8533    29.0928  1031.8559    29.0954     0.0026     0.0026        120 0.0000e+00
   39.00070    0.73634    629.223    635.000    13.3856    13.3862     0.0006  45.371824  45.376118   0.004293    38.5601    38.5636     0.0035  1031.8752  1031.8778     0.0026     5.6039 5.0700e+02 1.0000e-12     0.2022 3.6941e-02      4.124    629.227    38.5600    38.5635     0.0035  1031.8752    29.0929  1031.8777    29.0955     0.0026     0.0026        105 0.0000e+00
   39.00069    0.73633    634.173    640.000    13.3818    13.3827     0.0008  45.369214  45.373766   0.004546    38.5592    38.5627     0.0035  1031.8973  1031.8998     0.0025     5.6086 5.0619e+02 1.0000e-12     0.2013 3.6713e-02      3.863    634.174    38.5591    38.5626     0.0035  1031.8972    29.0931  1031.8997    29.0957     0.0025     0.0025        106 0.0000e+00
