example data/fromGithub/from cmunozmas_plot_raw_ctd/ds2_05.cnv
* Sea-Bird SBE 9 Data File:
* FileName = C:\OCEANO\CTD\DATOS\2019-02_SOCIB CanalesWinter19\S_05.hex
* Software Version Seasave V 7.26.7.121
* Temperature SN = 5391
* Conductivity SN = 3718
* Number of Bytes Per Scan = 40
* Number of Voltage Words = 5
* Number of Scans Averaged by the Deck Unit = 1
* NMEA Latitude = 38 59.96 N
* NMEA Longitude = 000 44.15 E
* NMEA UTC (Time) = Mar 06 2019  11:36:33
* NMEA baud rate = 4800
** Ship:B/O SOCIB
** Cruise: SOCIB-Canales Winter19
** Station: S2_ 05
** Date:  2019/03/06
** Time (UTC):  11:36
** Bottom Depth (m):  960
** Operator: NCW JBM
# nquan = 34
# nvalues = 192                         
# units = specified
# name 0 = latitude: Latitude [deg]
# name 1 = longitude: Longitude [deg]
# name 2 = depSM: Depth [salt water, m]
# name 3 = prDM: Pressure, Digiquartz [db]
# name 4 = t090C: Temperature [ITS-90, deg C]
# name 5 = t190C: Temperature, 2 [ITS-90, deg C]
# name 6 = T2-T190C: Temperature Difference, 2 - 1 [ITS-90, deg C]
# name 7 = c0mS/cm: Conductivity [mS/cm]
# name 8 = c1mS/cm: Conductivity, 2 [mS/cm]
# name 9 = C2-C1mS/cm: Conductivity Difference, 2 - 1 [mS/cm]
# name 10 = sal00: Salinity, Practical [PSU]
# name 11 = sal11: Salinity, Practical, 2 [PSU]
# name 12 = secS-priS: Salinity, Practical, Difference, 2 - 1 [PSU]
# name 13 = density00: Density [density, kg/m^3]
# name 14 = density11: Density, 2 [density, kg/m^3]
# name 15 = D2-D1,d: Density Difference, 2 - 1 [density, kg/m^3]
# name 16 = sbeox0Mg/L: Oxygen, SBE 43 [mg/l]
# name 17 = spar: SPAR/Surface Irradiance
# name 18 = par: PAR/Irradiance, Biospherical/Licor
# name 19 = CStarAt0: Beam Attenuation, WET Labs C-Star [1/m]
# name 20 = flSP: Fluorescence, Seapoint
# name 21 = seaTurbMtr: Turbidity, Seapoint [FTU]
# name 22 = depSM: Depth [salt water, m], lat = 38.9993
# name 23 = sal00: Salinity, Practical [PSU]
# name 24 = sal11: Salinity, Practical, 2 [PSU]
# name 25 = secS-priS: Salinity, Practical, Difference, 2 - 1 [PSU]
# name 26 = density00: Density [density, kg/m^3]
# name 27 = sigma-é00: Density [sigma-theta, kg/m^3]
# name 28 = density11: Density, 2 [density, kg/m^3]
# name 29 = sigma-é11: Density, 2 [sigma-theta, kg/m^3]
# name 30 = D2-D1,d: Density Difference, 2 - 1 [density, kg/m^3]
# name 31 = D2-D1: Density Difference, 2 - 1 [sigma-theta, kg/m^3]
# name 32 = nbin: number of scans per bin
# name 33 = flag: flag
# span 0 =   38.99989,   39.00076       
# span 1 =    0.73614,    0.73636       
# span 2 =      4.959,    950.557       
# span 3 =      5.000,    960.000       
# span 4 =    13.1497,    14.3673       
# span 5 =    13.1500,    14.3677       
# span 6 =    -0.0024,     0.0034       
# span 7 =  44.814846,  45.745976       
# span 8 =  44.818789,  45.750536       
# span 9 =   0.000450,   0.015409       
# span 10 =    38.2096,    38.5815      
# span 11 =    38.2127,    38.5848      
# span 12 =     0.0028,     0.0141      
# span 13 =  1028.6123,  1033.3039      
# span 14 =  1028.6146,  1033.3066      
# span 15 =     0.0017,     0.0107      
# span 16 =     5.5980,     8.1883      
# span 17 = 4.9689e+02, 5.1620e+02      
# span 18 = -1.008e-08, 1.5921e+02      
# span 19 =     0.2007,     0.4593      
# span 20 = 3.5889e-02, 1.5210e+00      
# span 21 =      3.648,     24.495      
# span 22 =      4.962,    950.533      
# span 23 =    38.2097,    38.5813      
# span 24 =    38.2128,    38.5846      
# span 25 =     0.0028,     0.0141      
# span 26 =  1028.6124,  1033.3037      
# span 27 =    28.5904,    29.1072      
# span 28 =  1028.6148,  1033.3064      
# span 29 =    28.5928,    29.1099      
# span 30 =     0.0017,     0.0107      
# span 31 =     0.0017,     0.0107      
# span 32 =         46,        178      
# span 33 = 0.0000e+00, 0.0000e+00      
# interval = decibars: 5                
# start_time = Mar 06 2019 11:36:33 [NMEA time, header]
# bad_flag = -9.990e-29
*END*
[from data line 129]
   39.00068    0.73631    644.074    650.000    13.3723    13.3729     0.0006  45.361599  45.365904   0.004303    38.5572    38.5607     0.0035  1031.9417  1031.9443     0.0025     5.6221 5.0575e+02 1.0000e-12     0.2021 3.6615e-02      4.016    644.067    38.5571    38.5605     0.0035  1031.9416    29.0939  1031.9441    29.0964     0.0026     0.0026        110 0.0000e+00
   39.00068    0.73630    649.015    655.000    13.3641    13.3648     0.0007  45.353347  45.357794   0.004444    38.5555    38.5590     0.0035  1031.9641  1031.9667     0.0026     5.6290 5.0574e+02 1.0000e-12     0.2021 3.6722e-02      5.236    649.014    38.5552    38.5587     0.0035  1031.9639    29.0943  1031.9664    29.0969     0.0026     0.0026        119 0.0000e+00
   39.00068    0.73630    653.962    660.000    13.3568    13.3571     0.0003  45.346202  45.350197   0.004002    38.5539    38.5574     0.0035  1031.9864  1031.9890     0.0026     5.6365 5.0562e+02 1.0000e-12     0.2022 3.6597e-02      4.007    653.961    38.5536    38.5571     0.0035  1031.9862    29.0947  1031.9888    29.0974     0.0026     0.0026        121 0.0000e+00
   39.00068    0.73630    658.902    665.000    13.3528    13.3533     0.0006  45.343278  45.347550   0.004271    38.5529    38.5564     0.0035  1032.0084  1032.0110     0.0026     5.6400 5.0543e+02 1.0000e-12     0.2023 3.6700e-02      4.109    658.907    38.5526    38.5562     0.0035  1032.0082    29.0950  1032.0108    29.0976     0.0026     0.0026        104 0.0000e+00
   39.00068    0.73628    663.850    670.000    13.3500    13.3506     0.0006  45.342003  45.346363   0.004357    38.5521    38.5556     0.0035  1032.0303  1032.0329     0.0026     5.6355 5.0480e+02 1.0000e-12     0.2025 3.6670e-02      4.134    663.853    38.5520    38.5555     0.0035  1032.0303    29.0952  1032.0328    29.0978     0.0026     0.0026         92 0.0000e+00
   39.00068    0.73628    668.803    675.000    13.3440    13.3445     0.0004  45.336373  45.340539   0.004170    38.5507    38.5542     0.0035  1032.0525  1032.0551     0.0026     5.6568 5.0403e+02 1.0000e-12     0.2025 3.6601e-02      4.336    668.799    38.5504    38.5540     0.0035  1032.0524    29.0954  1032.0549    29.0981     0.0026     0.0026        118 0.0000e+00
   39.00068    0.73628    673.743    680.000    13.3398    13.3404     0.0006  45.333043  45.337389   0.004344    38.5495    38.5531     0.0036  1032.0744  1032.0770     0.0026     5.6470 5.0398e+02 1.0000e-12     0.2025 3.6657e-02      4.082    673.745    38.5493    38.5529     0.0036  1032.0743    29.0956  1032.0769    29.0983     0.0026     0.0026        115 0.0000e+00
   39.00068    0.73628    678.693    685.000    13.3370    13.3375     0.0005  45.331773  45.336035   0.004263    38.5489    38.5525     0.0035  1032.0965  1032.0991     0.0026     5.6502 5.0398e+02 1.0000e-12     0.2028 3.6630e-02      4.255    678.691    38.5488    38.5523     0.0035  1032.0964    29.0959  1032.0990    29.0986     0.0026     0.0026        112 0.0000e+00
   39.00068    0.73630    683.637    690.000    13.3357    13.3362     0.0005  45.332669  45.336855   0.004187    38.5488    38.5523     0.0035  1032.1185  1032.1211     0.0026     5.6517 5.0398e+02 1.0000e-12     0.2023 3.6548e-02      4.460    683.637    38.5487    38.5522     0.0035  1032.1185    29.0963  1032.1211    29.0989     0.0026     0.0026        133 0.0000e+00
   39.00066    0.73630    688.579    695.000    13.3351    13.3357     0.0005  45.334350  45.338586   0.004236    38.5487    38.5522     0.0035  1032.1405  1032.1431     0.0026     5.6496 5.0398e+02 1.0000e-12     0.2022 3.6664e-02      4.002    688.582    38.5487    38.5522     0.0035  1032.1405    29.0966  1032.1431    29.0992     0.0026     0.0026        108 0.0000e+00
   39.00068    0.73630    693.529    700.000    13.3334    13.3339     0.0005  45.334151  45.338319   0.004168    38.5481    38.5516     0.0035  1032.1624  1032.1649     0.0026     5.6527 5.0398e+02 1.0000e-12     0.2023 3.6584e-02      4.759    693.528    38.5481    38.5515     0.0035  1032.1623    29.0966  1032.1649    29.0992     0.0026     0.0026         76 0.0000e+00
   39.00068    0.73630    698.475    705.000    13.3275    13.3280     0.0005  45.328678  45.332826   0.004150    38.5467    38.5502     0.0035  1032.1845  1032.1871     0.0026     5.6560 5.0398e+02 1.0000e-12     0.2026 3.6447e-02      4.104    698.473    38.5466    38.5501     0.0035  1032.1844    29.0968  1032.1870    29.0995     0.0026     0.0026         98 0.0000e+00
   39.00068    0.73630    703.419    710.000    13.3259    13.3264     0.0005  45.328844  45.332977   0.004135    38.5462    38.5497     0.0035  1032.2063  1032.2089     0.0026     5.6589 5.0394e+02 1.0000e-12     0.2023 3.7589e-02      4.144    703.419    38.5461    38.5496     0.0035  1032.2063    29.0970  1032.2089    29.0996     0.0026     0.0026        121 0.0000e+00
   39.00067    0.73630    708.363    715.000    13.3224    13.3229     0.0005  45.326328  45.330605   0.004276    38.5453    38.5488     0.0035  1032.2283  1032.2309     0.0026     5.6593 5.0386e+02 1.0000e-12     0.2021 3.8235e-02      4.209    708.364    38.5451    38.5487     0.0035  1032.2282    29.0971  1032.2308    29.0997     0.0026     0.0026        120 0.0000e+00
   39.00065    0.73630    713.311    720.000    13.3184    13.3187     0.0004  45.323384  45.327461   0.004080    38.5443    38.5478     0.0035  1032.2503  1032.2529     0.0027     5.6662 5.0273e+02 1.0000e-12     0.2028 3.6372e-02      4.775    713.309    38.5441    38.5477     0.0035  1032.2502    29.0973  1032.2528    29.1000     0.0027     0.0027         79 0.0000e+00
   39.00064    0.73630    718.255    725.000    13.3146    13.3150     0.0004  45.320622  45.324741   0.004118    38.5433    38.5468     0.0035  1032.2722  1032.2749     0.0026     5.6539 5.0239e+02 1.0000e-12     0.2026 3.6590e-02      3.949    718.254    38.5431    38.5466     0.0035  1032.2721    29.0975  1032.2748    29.1001     0.0026     0.0026        101 0.0000e+00
   39.00063    0.73630    723.200    730.000    13.3067    13.3073     0.0005  45.312658  45.316854   0.004194    38.5415    38.5450     0.0035  1032.2945  1032.2971     0.0026     5.6587 5.0228e+02 1.0000e-12     0.2022 3.6355e-02      3.998    723.199    38.5412    38.5447     0.0035  1032.2943    29.0978  1032.2969    29.1004     0.0026     0.0026        118 0.0000e+00
   39.00063    0.73630    728.143    735.000    13.3008    13.3012     0.0004  45.307105  45.311197   0.004092    38.5400    38.5435     0.0035  1032.3165  1032.3192     0.0026     5.6676 5.0222e+02 1.0000e-12     0.2029 3.6676e-02      4.080    728.143    38.5398    38.5432     0.0035  1032.3164    29.0981  1032.3190    29.1007     0.0026     0.0026         73 0.0000e+00
   39.00064    0.73630    733.093    740.000    13.2966    13.2973     0.0007  45.303999  45.308510   0.004505    38.5390    38.5425     0.0036  1032.3386  1032.3412     0.0026     5.6701 5.0222e+02 1.0000e-12     0.2023 3.6593e-02      4.072    733.088    38.5388    38.5424     0.0035  1032.3384    29.0983  1032.3410    29.1010     0.0026     0.0026        103 0.0000e+00
   39.00064    0.73630    738.030    745.000    13.2923    13.2929     0.0006  45.300683  45.304993   0.004310    38.5379    38.5415     0.0035  1032.3606  1032.3632     0.0026     5.6724 5.0222e+02 1.0000e-12     0.2020 3.6694e-02      4.416    738.032    38.5378    38.5413     0.0035  1032.3605    29.0986  1032.3631    29.1012     0.0026     0.0026        127 0.0000e+00
   39.00065    0.73630    742.982    750.000    13.2869    13.2874     0.0004  45.295805  45.299978   0.004175    38.5365    38.5401     0.0036  1032.3826  1032.3853     0.0026     5.6788 5.0220e+02 1.0000e-12     0.2022 3.6387e-02      4.123    742.977    38.5363    38.5399     0.0036  1032.3824    29.0988  1032.3851    29.1014     0.0026     0.0026        107 0.0000e+00
   39.00066    0.73630    747.916    755.000    13.2790    13.2798     0.0008  45.287886  45.292557   0.004667    38.5348    38.5384     0.0036  1032.4049  1032.4075     0.0026     5.6798 5.0222e+02 1.0000e-12     0.2023 3.6410e-02      5.123    747.921    38.5346    38.5382     0.0036  1032.4047    29.0992  1032.4074    29.1019     0.0026     0.0026        117 0.0000e+00
   39.00066    0.73630    752.864    760.000    13.2766    13.2771     0.0005  45.286976  45.291262   0.004290    38.5341    38.5377     0.0036  1032.4268  1032.4294     0.0027     5.6770 5.0216e+02 1.0000e-12     0.2027 3.6479e-02      4.528    752.865    38.5339    38.5376     0.0036  1032.4266    29.0994  1032.4293    29.1021     0.0027     0.0027        122 0.0000e+00
   39.00068    0.73630    757.816    765.000    13.2748    13.2754     0.0006  45.286839  45.291165   0.004325    38.5335    38.5371     0.0035  1032.4486  1032.4512     0.0026     5.6759 5.0222e+02 1.0000e-12     0.2027 3.6476e-02      4.518    757.809    38.5334    38.5369     0.0035  1032.4485    29.0995  1032.4511    29.1021     0.0026     0.0026         95 0.0000e+00
   39.00069    0.73630    762.749    770.000    13.2699    13.2703     0.0005  45.282774  45.286952   0.004181    38.5325    38.5360     0.0035  1032.4708  1032.4734     0.0026     5.6775 5.0213e+02 1.0000e-12     0.2024 3.6420e-02      4.050    762.753    38.5323    38.5359     0.0035  1032.4706    29.0998  1032.4733    29.1025     0.0026     0.0026        123 0.0000e+00
   39.00070    0.73630    767.696    775.000    13.2680    13.2685     0.0005  45.282599  45.286935   0.004336    38.5320    38.5356     0.0036  1032.4927  1032.4953     0.0026     5.6921 5.0155e+02 1.0000e-12     0.2021 3.6654e-02      4.195    767.697    38.5319    38.5355     0.0036  1032.4926    29.1000  1032.4952    29.1027     0.0026     0.0026        115 0.0000e+00
   39.00072    0.73630    772.641    780.000    13.2653    13.2659     0.0006  45.281342  45.285650   0.004306    38.5313    38.5349     0.0035  1032.5147  1032.5173     0.0026     5.7017 5.0063e+02 1.0000e-12     0.2027 3.6465e-02      4.995    772.640    38.5312    38.5348     0.0035  1032.5146    29.1003  1032.5172    29.1029     0.0026     0.0026        129 0.0000e+00
   39.00073    0.73631    777.583    785.000    13.2633    13.2639     0.0006  45.281081  45.285336   0.004255    38.5308    38.5343     0.0035  1032.5365  1032.5391     0.0026     5.6988 5.0058e+02 1.0000e-12     0.2024 3.5977e-02      4.260    777.584    38.5307    38.5342     0.0035  1032.5365    29.1004  1032.5391    29.1031     0.0026     0.0026        117 0.0000e+00
   39.00074    0.73632    782.529    790.000    13.2612    13.2618     0.0006  45.280524  45.284821   0.004297    38.5303    38.5338     0.0035  1032.5585  1032.5611     0.0026     5.7068 5.0046e+02 1.0000e-12     0.2023 3.6521e-02      4.644    782.527    38.5302    38.5337     0.0035  1032.5584    29.1006  1032.5610    29.1033     0.0026     0.0026        124 0.0000e+00
   39.00074    0.73632    787.467    795.000    13.2573    13.2579     0.0006  45.277805  45.282204   0.004399    38.5294    38.5330     0.0036  1032.5805  1032.5831     0.0027     5.7061 5.0046e+02 1.0000e-12     0.2024 3.6213e-02      4.044    787.470    38.5293    38.5329     0.0036  1032.5804    29.1009  1032.5831    29.1036     0.0027     0.0027        118 0.0000e+00
   39.00074    0.73632    792.417    800.000    13.2552    13.2559     0.0006  45.277197  45.281678   0.004481    38.5287    38.5324     0.0037  1032.6023  1032.6050     0.0027     5.7047 5.0036e+02 1.0000e-12     0.2026 3.6209e-02      4.540    792.414    38.5286    38.5323     0.0037  1032.6022    29.1010  1032.6049    29.1037     0.0027     0.0027         96 0.0000e+00
   39.00073    0.73632    797.356    805.000    13.2547    13.2553     0.0005  45.278769  45.283097   0.004329    38.5285    38.5321     0.0036  1032.6241  1032.6268     0.0027     5.7120 5.0043e+02 1.0000e-12     0.2026 3.6195e-02      4.918    797.357    38.5285    38.5320     0.0036  1032.6241    29.1011  1032.6267    29.1038     0.0027     0.0027        126 0.0000e+00
   39.00072    0.73632    802.296    810.000    13.2540    13.2546     0.0006  45.279926  45.284320   0.004394    38.5282    38.5318     0.0036  1032.6458  1032.6485     0.0027     5.7023 5.0046e+02 1.0000e-12     0.2026 3.6522e-02      4.369    802.300    38.5281    38.5318     0.0036  1032.6458    29.1011  1032.6485    29.1039     0.0027     0.0027        107 0.0000e+00
   39.00071    0.73633    807.248    815.000    13.2511    13.2518     0.0007  45.278275  45.282738   0.004461    38.5274    38.5310     0.0036  1032.6678  1032.6704     0.0026     5.7075 5.0038e+02 1.0000e-12     0.2029 3.6300e-02      4.149    807.242    38.5273    38.5309     0.0036  1032.6677    29.1013  1032.6703    29.1039     0.0026     0.0026         89 0.0000e+00
   39.00070    0.73634    812.188    820.000    13.2482    13.2488     0.0007  45.276756  45.281172   0.004416    38.5267    38.5303     0.0036  1032.6897  1032.6923     0.0026     5.7065 5.0041e+02 1.0000e-12     0.2025 3.6031e-02      4.732    812.185    38.5266    38.5302     0.0036  1032.6896    29.1015  1032.6923    29.1041     0.0026     0.0026        107 0.0000e+00
   39.00069    0.73634    817.126    825.000    13.2446    13.2452     0.0006  45.274312  45.278732   0.004421    38.5258    38.5295     0.0036  1032.7117  1032.7144     0.0027     5.6965 4.9999e+02 1.0000e-12     0.2023 3.6454e-02      4.271    817.128    38.5257    38.5293     0.0036  1032.7116    29.1017  1032.7143    29.1044     0.0027     0.0027        126 0.0000e+00
   39.00068    0.73634    822.067    830.000    13.2420    13.2425     0.0005  45.273141  45.277381   0.004243    38.5251    38.5286     0.0035  1032.7336  1032.7362     0.0026     5.7090 4.9925e+02 1.0000e-12     0.2025 3.6347e-02      4.054    822.070    38.5250    38.5286     0.0035  1032.7335    29.1019  1032.7361    29.1045     0.0026     0.0026        118 0.0000e+00
   39.00067    0.73634    827.016    835.000    13.2384    13.2390     0.0006  45.270559  45.274990   0.004430    38.5241    38.5277     0.0036  1032.7555  1032.7581     0.0027     5.6991 4.9896e+02 1.0000e-12     0.2033 3.6220e-02      4.530    827.012    38.5240    38.5276     0.0036  1032.7554    29.1020  1032.7580    29.1046     0.0027     0.0027         99 0.0000e+00
   39.00066    0.73634    831.952    840.000    13.2328    13.2336     0.0008  45.265446  45.270027   0.004577    38.5228    38.5263     0.0035  1032.7775  1032.7800     0.0025     5.6922 4.9869e+02 1.0000e-12     0.2029 3.6265e-02      4.061    831.955    38.5226    38.5261     0.0035  1032.7774    29.1022  1032.7799    29.1048     0.0025     0.0025        100 0.0000e+00
   39.00065    0.73634    836.898    845.000    13.2284    13.2290     0.0006  45.261921  45.266364   0.004445    38.5217    38.5253     0.0036  1032.7995  1032.8022     0.0026     5.7006 4.9870e+02 1.0000e-12     0.2027 3.6300e-02      4.062    836.897    38.5215    38.5251     0.0036  1032.7994    29.1024  1032.8020    29.1051     0.0026     0.0026         89 0.0000e+00
   39.00064    0.73634    841.839    850.000    13.2259    13.2266     0.0006  45.261061  45.265456   0.004397    38.5211    38.5246     0.0036  1032.8214  1032.8240     0.0026     5.6931 4.9870e+02 1.0000e-12     0.2024 3.6435e-02      4.129    841.839    38.5210    38.5245     0.0036  1032.8213    29.1027  1032.8240    29.1053     0.0026     0.0026        129 0.0000e+00
