example data/fromGithub/from cmunozmas_plot_raw_ctd/ds2_03.cnv
* Sea-Bird SBE 9 Data File:
* FileName = C:\OCEANO\CTD\DATOS\2019-02_SOCIB CanalesWinter19\S_03.hex
* Software Version Seasave V 7.26.7.121
* Temperature SN = 5391
* Conductivity SN = 3718
* Number of Bytes Per Scan = 40
* Number of Voltage Words = 5
* Number of Scans Averaged by the Deck Unit = 1
* NMEA Latitude = 38 59.99 N
* NMEA Longitude = 000 59.57 E
* NMEA UTC (Time) = Mar 06 2019  13:55:55
* NMEA baud rate = 4800
** Ship:B/O SOCIB
** Cruise: SOCIB-Canales Winter19
** Station: S2_ 03
** Date:  2019/03/06
** Time (UTC):  14:00
** Bottom Depth (m):  833
** Operator: NCW PBH
# nquan = 34
# nvalues = 128                         
# units = specified
# name 0 = latitude: Latitude [deg]
# name 1 = longitude: Longitude [deg]
# name 2 = depSM: Depth [salt water, m]
# name 3 = prDM: Pressure, Digiquartz [db]
# name 4 = t090C: Temperature [ITS-90, deg C]
# name 5 = t190C: Temperature, 2 [ITS-90, deg C]
# name 6 = T2-T190C: Temperature Difference, 2 - 1 [ITS-90, deg C]
# name 7 = c0mS/cm: Conductivity [mS/cm]
# name 8 = c1mS/cm: Conductivity, 2 [mS/cm]
# name 9 = C2-C1mS/cm: Conductivity Difference, 2 - 1 [mS/cm]
# name 10 = sal00: Salinity, Practical [PSU]
# name 11 = sal11: Salinity, Practical, 2 [PSU]
# name 12 = secS-priS: Salinity, Practical, Difference, 2 - 1 [PSU]
# name 13 = density00: Density [density, kg/m^3]
# name 14 = density11: Density, 2 [density, kg/m^3]
# name 15 = D2-D1,d: Density Difference, 2 - 1 [density, kg/m^3]
# name 16 = sbeox0Mg/L: Oxygen, SBE 43 [mg/l]
# name 17 = spar: SPAR/Surface Irradiance
# name 18 = par: PAR/Irradiance, Biospherical/Licor
# name 19 = CStarAt0: Beam Attenuation, WET Labs C-Star [1/m]
# name 20 = flSP: Fluorescence, Seapoint
# name 21 = seaTurbMtr: Turbidity, Seapoint [FTU]
# name 22 = depSM: Depth [salt water, m], lat = 38.9998
# name 23 = sal00: Salinity, Practical [PSU]
# name 24 = sal11: Salinity, Practical, 2 [PSU]
# name 25 = secS-priS: Salinity, Practical, Difference, 2 - 1 [PSU]
# name 26 = density00: Density [density, kg/m^3]
# name 27 = sigma-é00: Density [sigma-theta, kg/m^3]
# name 28 = density11: Density, 2 [density, kg/m^3]
# name 29 = sigma-é11: Density, 2 [sigma-theta, kg/m^3]
# name 30 = D2-D1,d: Density Difference, 2 - 1 [density, kg/m^3]
# name 31 = D2-D1: Density Difference, 2 - 1 [sigma-theta, kg/m^3]
# name 32 = nbin: number of scans per bin
# name 33 = flag: flag
# span 0 =   39.00245,   39.00338       
# span 1 =    0.99442,    0.99674       
# span 2 =      4.969,    634.185       
# span 3 =      5.000,    640.000       
# span 4 =    13.1505,    14.7098       
# span 5 =    13.1510,    14.7103       
# span 6 =    -0.0035,     0.0019       
# span 7 =  44.961534,  46.077328       
# span 8 =  44.965475,  46.081362       
# span 9 =  -0.001260,   0.004898       
# span 10 =    38.1833,    38.5630      
# span 11 =    38.1867,    38.5662      
# span 12 =     0.0023,     0.0035      
# span 13 =  1028.5160,  1031.9119      
# span 14 =  1028.5185,  1031.9145      
# span 15 =     0.0020,     0.0026      
# span 16 =     5.3642,     7.8004      
# span 17 = 4.6106e+02, 4.9834e+02      
# span 18 = 1.0000e-12, 2.0607e+02      
# span 19 =     0.2094,     0.4592      
# span 20 = 3.6599e-02, 5.6987e-01      
# span 21 =      4.929,     77.802      
# span 22 =      4.962,    634.174      
# span 23 =    38.1834,    38.5630      
# span 24 =    38.1867,    38.5662      
# span 25 =     0.0023,     0.0035      
# span 26 =  1028.5160,  1031.9118      
# span 27 =    28.4941,    29.1047      
# span 28 =  1028.5185,  1031.9143      
# span 29 =    28.4965,    29.1072      
# span 30 =     0.0020,     0.0026      
# span 31 =     0.0020,     0.0026      
# span 32 =         70,        216      
# span 33 = 0.0000e+00, 0.0000e+00      
# interval = decibars: 5                
# start_time = Mar 06 2019 13:55:55 [NMEA time, header]
# bad_flag = -9.990e-29
*END*
[from data line 86]
   39.00296    0.99600    431.256    435.000    13.4017    13.4022     0.0005  45.291513  45.295522   0.004008    38.5560    38.5593     0.0033  1030.9900  1030.9924     0.0024     5.4813 4.6369e+02 1.0000e-12     0.2191 3.7597e-02      7.540    431.253    38.5558    38.5591     0.0033  1030.9898    29.0799  1030.9923    29.0824     0.0024     0.0024        113 0.0000e+00
   39.00296    0.99601    436.206    440.000    13.3948    13.3953     0.0005  45.286338  45.290351   0.004013    38.5558    38.5591     0.0033  1031.0133  1031.0158     0.0024     5.5010 4.6379e+02 1.0000e-12     0.2206 3.7080e-02      7.248    436.204    38.5556    38.5589     0.0033  1031.0132    29.0814  1031.0156    29.0838     0.0025     0.0025        131 0.0000e+00
   39.00296    0.99602    441.154    445.000    13.3932    13.3936     0.0003  45.286798  45.290735   0.003939    38.5555    38.5590     0.0034  1031.0355  1031.0380     0.0026     5.5070 4.6295e+02 1.0000e-12     0.2198 3.7129e-02     13.585    441.156    38.5554    38.5588     0.0034  1031.0354    29.0817  1031.0379    29.0843     0.0026     0.0026        139 0.0000e+00
   39.00296    0.99604    446.106    450.000    13.3933    13.3938     0.0005  45.289274  45.293305   0.004028    38.5555    38.5589     0.0033  1031.0575  1031.0599     0.0025     5.4579 4.6315e+02 1.0000e-12     0.2192 3.7366e-02      7.584    446.107    38.5555    38.5588     0.0033  1031.0574    29.0819  1031.0599    29.0844     0.0025     0.0025        112 0.0000e+00
   39.00296    0.99605    451.058    455.000    13.3929    13.3934     0.0005  45.291408  45.295532   0.004123    38.5557    38.5591     0.0034  1031.0797  1031.0822     0.0025     5.4621 4.6319e+02 1.0000e-12     0.2189 3.6787e-02      8.601    451.059    38.5557    38.5591     0.0034  1031.0797    29.0824  1031.0822    29.0849     0.0025     0.0025        116 0.0000e+00
   39.00296    0.99607    456.011    460.000    13.3909    13.3913     0.0004  45.291642  45.295659   0.004019    38.5557    38.5591     0.0034  1031.1021  1031.1047     0.0025     5.4860 4.6289e+02 1.0000e-12     0.2188 3.6898e-02      6.825    456.010    38.5557    38.5591     0.0034  1031.1021    29.0829  1031.1046    29.0854     0.0025     0.0025        112 0.0000e+00
   39.00296    0.99608    460.960    465.000    13.3953    13.3959     0.0007  45.300117  45.304364   0.004241    38.5571    38.5604     0.0034  1031.1242  1031.1267     0.0025     5.4920 4.6281e+02 1.0000e-12     0.2176 3.7128e-02      6.640    460.961    38.5571    38.5605     0.0034  1031.1243    29.0833  1031.1267    29.0858     0.0025     0.0025        104 0.0000e+00
   39.00297    0.99610    465.910    470.000    13.3942    13.3946     0.0004  45.301104  45.305048   0.003949    38.5569    38.5603     0.0033  1031.1463  1031.1488     0.0025     5.4908 4.6300e+02 1.0000e-12     0.2148 3.6626e-02      6.157    465.912    38.5570    38.5603     0.0033  1031.1464    29.0835  1031.1488    29.0860     0.0025     0.0025        110 0.0000e+00
   39.00298    0.99610    470.876    475.000    13.3854    13.3861     0.0007  45.293152  45.297396   0.004245    38.5561    38.5595     0.0034  1031.1697  1031.1722     0.0025     5.5222 4.6495e+02 1.0000e-12     0.2173 3.6927e-02      6.441    470.863    38.5559    38.5594     0.0034  1031.1695    29.0847  1031.1720    29.0872     0.0025     0.0025         77 0.0000e+00
   39.00299    0.99612    475.814    480.000    13.3850    13.3855     0.0005  45.295797  45.299841   0.004046    38.5568    38.5601     0.0034  1031.1922  1031.1947     0.0025     5.5193 4.6332e+02 1.0000e-12     0.2139 3.7150e-02      5.922    475.813    38.5567    38.5601     0.0033  1031.1922    29.0856  1031.1947    29.0881     0.0025     0.0025         77 0.0000e+00
   39.00301    0.99612    480.761    485.000    13.3816    13.3822     0.0006  45.294212  45.298355   0.004144    38.5564    38.5598     0.0034  1031.2147  1031.2171     0.0025     5.5370 4.6282e+02 1.0000e-12     0.2117 3.7110e-02      5.551    480.764    38.5563    38.5597     0.0034  1031.2146    29.0861  1031.2170    29.0886     0.0025     0.0025         92 0.0000e+00
   39.00302    0.99614    485.718    490.000    13.3758    13.3763     0.0005  45.289010  45.292992   0.003987    38.5551    38.5585     0.0034  1031.2370  1031.2394     0.0025     5.5331 4.6297e+02 1.0000e-12     0.2115 3.6599e-02      5.831    485.714    38.5550    38.5583     0.0034  1031.2368    29.0865  1031.2393    29.0890     0.0025     0.0025         93 0.0000e+00
   39.00304    0.99616    490.665    495.000    13.3638    13.3643     0.0005  45.276121  45.280202   0.004082    38.5529    38.5563     0.0034  1031.2599  1031.2624     0.0025     5.5316 4.6175e+02 1.0000e-12     0.2161 3.7036e-02      7.436    490.665    38.5526    38.5560     0.0034  1031.2596    29.0873  1031.2621    29.0898     0.0025     0.0025        140 0.0000e+00
   39.00304    0.99617    495.615    500.000    13.3588    13.3595     0.0007  45.272879  45.277071   0.004190    38.5525    38.5559     0.0033  1031.2826  1031.2851     0.0024     5.5215 4.6160e+02 1.0000e-12     0.2174 3.6716e-02      7.555    495.615    38.5523    38.5557     0.0033  1031.2825    29.0883  1031.2849    29.0907     0.0024     0.0024        137 0.0000e+00
   39.00306    0.99618    500.564    505.000    13.3529    13.3535     0.0005  45.267813  45.271923   0.004113    38.5514    38.5548     0.0034  1031.3050  1031.3075     0.0025     5.4977 4.6153e+02 1.0000e-12     0.2178 3.6827e-02      7.306    500.565    38.5511    38.5545     0.0034  1031.3048    29.0888  1031.3073    29.0913     0.0025     0.0025        128 0.0000e+00
   39.00306    0.99620    505.514    510.000    13.3470    13.3478     0.0008  45.262327  45.266786   0.004454    38.5499    38.5533     0.0034  1031.3271  1031.3296     0.0025     5.4656 4.6158e+02 1.0000e-12     0.2220 3.6830e-02     10.231    505.515    38.5497    38.5531     0.0034  1031.3270    29.0891  1031.3295    29.0916     0.0025     0.0025        128 0.0000e+00
   39.00308    0.99621    510.465    515.000    13.3355    13.3360     0.0006  45.249305  45.253435   0.004134    38.5470    38.5504     0.0034  1031.3494  1031.3519     0.0025     5.3898 4.6131e+02 1.0000e-12     0.2378 3.7211e-02     19.627    510.465    38.5466    38.5500     0.0034  1031.3491    29.0893  1031.3516    29.0918     0.0025     0.0025        123 0.0000e+00
   39.00309    0.99622    515.417    520.000    13.3285    13.3290     0.0005  45.242662  45.246707   0.004048    38.5453    38.5487     0.0034  1031.3716  1031.3742     0.0025     5.3757 4.6180e+02 1.0000e-12     0.2638 3.7096e-02     26.686    515.415    38.5451    38.5484     0.0034  1031.3714    29.0896  1031.3739    29.0922     0.0025     0.0025        134 0.0000e+00
   39.00310    0.99624    520.363    525.000    13.3243    13.3248     0.0005  45.239674  45.243781   0.004107    38.5445    38.5479     0.0034  1031.3939  1031.3964     0.0025     5.3642 4.6106e+02 1.0000e-12     0.2776 3.7852e-02     26.117    520.365    38.5443    38.5477     0.0034  1031.3937    29.0901  1031.3962    29.0926     0.0025     0.0025        135 0.0000e+00
   39.00312    0.99625    525.314    530.000    13.3217    13.3223     0.0006  45.239044  45.243179   0.004135    38.5442    38.5476     0.0034  1031.4162  1031.4187     0.0025     5.3798 4.6137e+02 1.0000e-12     0.2636 3.7204e-02     20.959    525.314    38.5441    38.5474     0.0034  1031.4161    29.0906  1031.4186    29.0931     0.0025     0.0025        126 0.0000e+00
   39.00314    0.99627    530.262    535.000    13.3222    13.3227     0.0005  45.241932  45.245969   0.004039    38.5441    38.5475     0.0034  1031.4380  1031.4405     0.0025     5.3807 4.6173e+02 1.0000e-12     0.2558 3.6861e-02     20.924    530.263    38.5440    38.5474     0.0034  1031.4379    29.0906  1031.4404    29.0932     0.0025     0.0025        123 0.0000e+00
   39.00314    0.99628    535.212    540.000    13.3222    13.3227     0.0005  45.244088  45.248147   0.004058    38.5440    38.5473     0.0034  1031.4599  1031.4623     0.0025     5.3830 4.6189e+02 1.0000e-12     0.2556 3.6902e-02     20.408    535.213    38.5439    38.5473     0.0034  1031.4598    29.0907  1031.4623    29.0932     0.0025     0.0025        108 0.0000e+00
   39.00316    0.99630    540.162    545.000    13.3205    13.3210     0.0005  45.244220  45.248259   0.004039    38.5436    38.5470     0.0034  1031.4819  1031.4844     0.0025     5.3842 4.6187e+02 1.0000e-12     0.2627 3.6961e-02     24.386    540.162    38.5436    38.5469     0.0034  1031.4819    29.0909  1031.4844    29.0934     0.0025     0.0025        121 0.0000e+00
   39.00318    0.99632    545.112    550.000    13.3184    13.3189     0.0005  45.243835  45.247854   0.004019    38.5431    38.5465     0.0034  1031.5040  1031.5065     0.0025     5.3882 4.6182e+02 1.0000e-12     0.2684 3.7624e-02     28.379    545.111    38.5431    38.5464     0.0034  1031.5039    29.0912  1031.5064    29.0937     0.0025     0.0025        135 0.0000e+00
   39.00319    0.99634    550.059    555.000    13.3171    13.3176     0.0005  45.244493  45.248500   0.004007    38.5428    38.5462     0.0033  1031.5260  1031.5284     0.0025     5.3851 4.6173e+02 1.0000e-12     0.2821 3.7235e-02     32.298    550.060    38.5428    38.5461     0.0033  1031.5260    29.0914  1031.5284    29.0939     0.0025     0.0025        135 0.0000e+00
   39.00320    0.99636    555.007    560.000    13.3104    13.3110     0.0006  45.238334  45.242424   0.004088    38.5416    38.5448     0.0033  1031.5484  1031.5508     0.0024     5.3789 4.6422e+02 1.0000e-12     0.3009 3.7435e-02     38.404    555.009    38.5414    38.5447     0.0033  1031.5483    29.0918  1031.5507    29.0943     0.0024     0.0024         87 0.0000e+00
   39.00322    0.99638    559.963    565.000    13.2920    13.2925     0.0005  45.217769  45.221839   0.004071    38.5386    38.5420     0.0034  1031.5722  1031.5747     0.0025     5.3913 4.6310e+02 1.0000e-12     0.3088 3.7248e-02     32.218    559.958    38.5381    38.5415     0.0034  1031.5718    29.0933  1031.5743    29.0958     0.0025     0.0025        110 0.0000e+00
   39.00323    0.99640    564.901    570.000    13.2783    13.2789     0.0005  45.203255  45.207337   0.004083    38.5362    38.5396     0.0034  1031.5952  1031.5977     0.0025     5.3946 4.6322e+02 1.0000e-12     0.2876 3.7210e-02     32.169    564.906    38.5358    38.5392     0.0034  1031.5949    29.0945  1031.5974    29.0970     0.0025     0.0025        101 0.0000e+00
   39.00324    0.99641    569.861    575.000    13.2698    13.2702     0.0004  45.194750  45.198691   0.003946    38.5344    38.5378     0.0034  1031.6177  1031.6203     0.0025     5.3935 4.6423e+02 1.0000e-12     0.3172 3.6937e-02     51.093    569.855    38.5341    38.5374     0.0034  1031.6174    29.0951  1031.6199    29.0976     0.0025     0.0025         84 0.0000e+00
   39.00326    0.99643    574.801    580.000    13.2586    13.2591     0.0005  45.183247  45.187225   0.003978    38.5325    38.5358     0.0033  1031.6406  1031.6431     0.0025     5.3916 4.6336e+02 1.0000e-12     0.4015 3.7789e-02     71.207    574.803    38.5321    38.5354     0.0033  1031.6403    29.0961  1031.6428    29.0985     0.0025     0.0025        128 0.0000e+00
   39.00326    0.99645    579.752    585.000    13.2556    13.2561     0.0005  45.181634  45.185688   0.004054    38.5316    38.5350     0.0034  1031.6626  1031.6651     0.0025     5.3895 4.6463e+02 1.0000e-12     0.4502 3.8438e-02     77.802    579.751    38.5314    38.5348     0.0034  1031.6624    29.0963  1031.6649    29.0988     0.0025     0.0025        127 0.0000e+00
   39.00328    0.99646    584.701    590.000    13.2509    13.2514     0.0006  45.178055  45.182186   0.004130    38.5307    38.5341     0.0034  1031.6849  1031.6874     0.0025     5.4232 4.6560e+02 1.0000e-12     0.4592 3.8162e-02     77.227    584.699    38.5305    38.5339     0.0034  1031.6847    29.0968  1031.6872    29.0993     0.0025     0.0025        104 0.0000e+00
   39.00330    0.99649    589.650    595.000    13.2458    13.2464     0.0006  45.174017  45.178181   0.004165    38.5297    38.5331     0.0034  1031.7072  1031.7097     0.0025     5.4445 4.6541e+02 1.0000e-12     0.4355 3.8145e-02     71.424    589.647    38.5296    38.5329     0.0034  1031.7070    29.0972  1031.7095    29.0997     0.0025     0.0025         92 0.0000e+00
   39.00331    0.99650    594.596    600.000    13.2351    13.2358     0.0007  45.163069  45.167348   0.004278    38.5280    38.5314     0.0034  1031.7301  1031.7326     0.0025     5.4955 4.6648e+02 1.0000e-12     0.4153 3.7590e-02     64.220    594.595    38.5276    38.5311     0.0034  1031.7299    29.0981  1031.7323    29.1006     0.0025     0.0025        141 0.0000e+00
   39.00333    0.99652    599.540    605.000    13.2188    13.2195     0.0007  45.145031  45.149276   0.004244    38.5250    38.5284     0.0034  1031.7534  1031.7558     0.0024     5.5474 4.6621e+02 1.0000e-12     0.3959 3.7339e-02     60.058    599.543    38.5246    38.5280     0.0034  1031.7530    29.0993  1031.7555    29.1018     0.0024     0.0024        120 0.0000e+00
   39.00334    0.99654    604.491    610.000    13.2058    13.2067     0.0009  45.131157  45.135709   0.004548    38.5227    38.5262     0.0035  1031.7764  1031.7789     0.0025     5.6057 4.6758e+02 1.0000e-12     0.3733 3.7007e-02     46.400    604.491    38.5222    38.5257     0.0035  1031.7760    29.1003  1031.7785    29.1029     0.0025     0.0025        125 0.0000e+00
   39.00336    0.99657    609.437    615.000    13.1948    13.1950     0.0002  45.119683  45.123375   0.003707    38.5206    38.5240     0.0034  1031.7991  1031.8017     0.0026     5.6480 4.6886e+02 1.0000e-12     0.3067 3.6801e-02     31.761    609.438    38.5202    38.5235     0.0034  1031.7988    29.1012  1031.8013    29.1038     0.0026     0.0026         99 0.0000e+00
   39.00338    0.99659    614.388    620.000    13.1898    13.1905     0.0007  45.115689  45.120037   0.004345    38.5195    38.5229     0.0034  1031.8213  1031.8238     0.0025     5.6468 4.6865e+02 1.0000e-12     0.2890 3.7574e-02     30.386    614.385    38.5191    38.5226     0.0034  1031.8210    29.1016  1031.8235    29.1041     0.0025     0.0025         97 0.0000e+00
   39.00338    0.99661    619.337    625.000    13.1832    13.1836     0.0004  45.109706  45.113675   0.003977    38.5181    38.5215     0.0034  1031.8436  1031.8462     0.0026     5.6705 4.6944e+02 1.0000e-12     0.2803 3.6863e-02     26.973    619.333    38.5178    38.5213     0.0034  1031.8434    29.1021  1031.8460    29.1047     0.0026     0.0026        106 0.0000e+00
   39.00338    0.99664    624.277    630.000    13.1698    13.1704     0.0005  45.095127  45.099312   0.004187    38.5155    38.5190     0.0035  1031.8665  1031.8691     0.0026     5.6991 4.7017e+02 1.0000e-12     0.2694 3.7064e-02     25.446    624.280    38.5152    38.5187     0.0035  1031.8663    29.1030  1031.8688    29.1056     0.0026     0.0026        111 0.0000e+00
   39.00337    0.99668    629.231    635.000    13.1618    13.1626     0.0007  45.087510  45.091788   0.004263    38.5141    38.5175     0.0034  1031.8891  1031.8916     0.0025     5.7324 4.7193e+02 1.0000e-12     0.2662 3.6776e-02     27.717    629.227    38.5138    38.5172     0.0034  1031.8889    29.1037  1031.8914    29.1062     0.0025     0.0025        124 0.0000e+00
   39.00332    0.99674    634.185    640.000    13.1505    13.1510     0.0004  45.075923  45.079914   0.004002    38.5120    38.5154     0.0034  1031.9119  1031.9145     0.0026     5.7494 4.7287e+02 1.7958e-07     0.2624 3.6629e-02     27.599    634.174    38.5118    38.5152     0.0035  1031.9118    29.1047  1031.9143    29.1072     0.0026     0.0026        124 0.0000e+00
