example data/fromGithub/from cmunozmas_plot_raw_ctd/ds2_07.cnv
* Sea-Bird SBE 9 Data File:
* FileName = C:\OCEANO\CTD\DATOS\2019-02_SOCIB CanalesWinter19\S_07.hex
* Software Version Seasave V 7.26.7.121
* Temperature SN = 5391
* Conductivity SN = 3718
* Number of Bytes Per Scan = 40
* Number of Voltage Words = 5
* Number of Scans Averaged by the Deck Unit = 1
* NMEA Latitude = 38 59.91 N
* NMEA Longitude = 000 28.79 E
* NMEA UTC (Time) = Mar 06 2019  09:23:45
* NMEA baud rate = 4800
** Ship:B/O SOCIB
** Cruise: SOCIB-Canales Winter19
** Station: S2_ 07
** Date:  2019/03/06
** Time (UTC):  9:24
** Bottom Depth (m):  728
** Operator: NCW JBM
# nquan = 34
# nvalues = 145                         
# units = specified
# name 0 = latitude: Latitude [deg]
# name 1 = longitude: Longitude [deg]
# name 2 = depSM: Depth [salt water, m]
# name 3 = prDM: Pressure, Digiquartz [db]
# name 4 = t090C: Temperature [ITS-90, deg C]
# name 5 = t190C: Temperature, 2 [ITS-90, deg C]
# name 6 = T2-T190C: Temperature Difference, 2 - 1 [ITS-90, deg C]
# name 7 = c0mS/cm: Conductivity [mS/cm]
# name 8 = c1mS/cm: Conductivity, 2 [mS/cm]
# name 9 = C2-C1mS/cm: Conductivity Difference, 2 - 1 [mS/cm]
# name 10 = sal00: Salinity, Practical [PSU]
# name 11 = sal11: Salinity, Practical, 2 [PSU]
# name 12 = secS-priS: Salinity, Practical, Difference, 2 - 1 [PSU]
# name 13 = density00: Density [density, kg/m^3]
# name 14 = density11: Density, 2 [density, kg/m^3]
# name 15 = D2-D1,d: Density Difference, 2 - 1 [density, kg/m^3]
# name 16 = sbeox0Mg/L: Oxygen, SBE 43 [mg/l]
# name 17 = spar: SPAR/Surface Irradiance
# name 18 = par: PAR/Irradiance, Biospherical/Licor
# name 19 = CStarAt0: Beam Attenuation, WET Labs C-Star [1/m]
# name 20 = flSP: Fluorescence, Seapoint
# name 21 = seaTurbMtr: Turbidity, Seapoint [FTU]
# name 22 = depSM: Depth [salt water, m], lat = 38.9985
# name 23 = sal00: Salinity, Practical [PSU]
# name 24 = sal11: Salinity, Practical, 2 [PSU]
# name 25 = secS-priS: Salinity, Practical, Difference, 2 - 1 [PSU]
# name 26 = density00: Density [density, kg/m^3]
# name 27 = sigma-é00: Density [sigma-theta, kg/m^3]
# name 28 = density11: Density, 2 [density, kg/m^3]
# name 29 = sigma-é11: Density, 2 [sigma-theta, kg/m^3]
# name 30 = D2-D1,d: Density Difference, 2 - 1 [density, kg/m^3]
# name 31 = D2-D1: Density Difference, 2 - 1 [sigma-theta, kg/m^3]
# name 32 = nbin: number of scans per bin
# name 33 = flag: flag
# span 0 =   39.00012,   39.00081       
# span 1 =    0.47913,    0.47994       
# span 2 =      4.966,    718.261       
# span 3 =      5.000,    725.000       
# span 4 =    13.1291,    14.6811       
# span 5 =    13.1301,    14.6817       
# span 6 =    -0.0014,     0.0078       
# span 7 =  44.646583,  46.083772       
# span 8 =  44.651404,  46.088037       
# span 9 =   0.001929,   0.011406       
# span 10 =    38.1391,    38.5837      
# span 11 =    38.1426,    38.5873      
# span 12 =     0.0028,     0.0041      
# span 13 =  1028.5472,  1032.2581      
# span 14 =  1028.5501,  1032.2607      
# span 15 =     0.0005,     0.0030      
# span 16 =     5.6047,     7.9125      
# span 17 = 5.1300e+02, 8.5507e+02      
# span 18 = -9.670e-06, 3.2816e+02      
# span 19 =     0.2074,     0.3684      
# span 20 = 3.6765e-02, 1.4703e+00      
# span 21 =      5.359,     27.902      
# span 22 =      4.962,    718.254      
# span 23 =    38.1354,    38.5837      
# span 24 =    38.1389,    38.5872      
# span 25 =     0.0028,     0.0041      
# span 26 =  1028.5472,  1032.2580      
# span 27 =    28.5252,    29.0853      
# span 28 =  1028.5501,  1032.2606      
# span 29 =    28.5281,    29.0880      
# span 30 =     0.0005,     0.0030      
# span 31 =     0.0005,     0.0030      
# span 32 =         65,        205      
# span 33 = 0.0000e+00, 0.0000e+00      
# interval = decibars: 5                
# start_time = Mar 06 2019 09:23:45 [NMEA time, header]
# bad_flag = -9.990e-29
*END*
[from data line 129]
   39.00046    0.47914    644.072    650.000    13.5117    13.5124     0.0007  45.528488  45.533009   0.004519    38.5758    38.5794     0.0036  1031.9251  1031.9277     0.0026     5.6193 5.4675e+02 1.0000e-12     0.2192 3.6846e-02      7.924    644.068    38.5758    38.5794     0.0036  1031.9250    29.0791  1031.9276    29.0817     0.0026     0.0026        108 0.0000e+00
   39.00047    0.47914    649.012    655.000    13.5045    13.5052     0.0007  45.521726  45.526348   0.004621    38.5745    38.5782     0.0037  1031.9475  1031.9502     0.0027     5.6219 5.4346e+02 1.0000e-12     0.2178 3.7640e-02      7.007    649.014    38.5743    38.5780     0.0037  1031.9474    29.0796  1031.9501    29.0823     0.0027     0.0027        118 0.0000e+00
   39.00050    0.47914    653.956    660.000    13.5035    13.5042     0.0007  45.522601  45.527086   0.004487    38.5740    38.5776     0.0036  1031.9693  1031.9719     0.0026     5.6120 5.4075e+02 1.0000e-12     0.2162 3.6943e-02      7.166    653.961    38.5739    38.5776     0.0036  1031.9692    29.0797  1031.9718    29.0824     0.0026     0.0026         96 0.0000e+00
   39.00052    0.47914    658.912    665.000    13.4987    13.4993     0.0006  45.518573  45.523089   0.004518    38.5729    38.5766     0.0037  1031.9914  1031.9941     0.0027     5.6191 5.3664e+02 1.0000e-12     0.2146 3.6882e-02      6.414    658.907    38.5728    38.5765     0.0037  1031.9913    29.0800  1031.9940    29.0827     0.0027     0.0027         87 0.0000e+00
   39.00055    0.47914    663.855    670.000    13.4803    13.4814     0.0011  45.497410  45.502438   0.005024    38.5694    38.5731     0.0036  1032.0147  1032.0173     0.0025     5.6412 5.3398e+02 1.0000e-12     0.2110 3.6970e-02      6.192    663.853    38.5690    38.5726     0.0036  1032.0144    29.0811  1032.0169    29.0837     0.0025     0.0025        129 0.0000e+00
   39.00057    0.47914    668.797    675.000    13.4702    13.4708     0.0006  45.487446  45.491930   0.004490    38.5678    38.5714     0.0036  1032.0376  1032.0402     0.0027     5.6510 5.3036e+02 1.0000e-12     0.2106 3.7279e-02      5.623    668.799    38.5675    38.5711     0.0036  1032.0373    29.0822  1032.0400    29.0848     0.0027     0.0027        132 0.0000e+00
   39.00060    0.47914    673.743    680.000    13.4686    13.4692     0.0006  45.487852  45.492257   0.004410    38.5674    38.5710     0.0036  1032.0595  1032.0622     0.0027     5.6530 5.2750e+02 1.0000e-12     0.2111 3.6856e-02      7.375    673.745    38.5672    38.5708     0.0036  1032.0594    29.0825  1032.0621    29.0852     0.0027     0.0027         98 0.0000e+00
   39.00062    0.47914    678.696    685.000    13.4665    13.4672     0.0007  45.487619  45.492089   0.004470    38.5670    38.5706     0.0036  1032.0816  1032.0842     0.0026     5.6576 5.2419e+02 1.0000e-12     0.2113 3.6983e-02      6.607    678.691    38.5669    38.5705     0.0036  1032.0815    29.0828  1032.0841    29.0855     0.0026     0.0026        114 0.0000e+00
   39.00065    0.47914    683.635    690.000    13.4641    13.4647     0.0007  45.486727  45.491218   0.004492    38.5665    38.5701     0.0036  1032.1036  1032.1062     0.0026     5.6627 5.2225e+02 1.0000e-12     0.2106 3.6765e-02      7.585    683.637    38.5664    38.5700     0.0036  1032.1035    29.0831  1032.1062    29.0857     0.0026     0.0026        151 0.0000e+00
   39.00068    0.47916    688.585    695.000    13.4621    13.4628     0.0007  45.486404  45.491064   0.004660    38.5659    38.5696     0.0037  1032.1255  1032.1282     0.0027     5.6589 5.2064e+02 1.0000e-12     0.2110 3.6927e-02      8.864    688.583    38.5658    38.5696     0.0037  1032.1255    29.0832  1032.1282    29.0860     0.0027     0.0027        134 0.0000e+00
   39.00071    0.47916    693.525    700.000    13.4588    13.4594     0.0007  45.484676  45.489184   0.004509    38.5655    38.5691     0.0036  1032.1478  1032.1504     0.0027     5.6552 5.1935e+02 1.0000e-12     0.2224 3.7045e-02     14.885    693.528    38.5654    38.5690     0.0036  1032.1477    29.0837  1032.1504    29.0864     0.0027     0.0027        148 0.0000e+00
   39.00074    0.47916    698.472    705.000    13.4566    13.4573     0.0007  45.484284  45.488832   0.004547    38.5651    38.5687     0.0036  1032.1699  1032.1725     0.0026     5.6565 5.1825e+02 1.0000e-12     0.2364 3.6921e-02     17.847    698.473    38.5650    38.5686     0.0036  1032.1698    29.0841  1032.1724    29.0867     0.0026     0.0026        114 0.0000e+00
   39.00076    0.47918    703.417    710.000    13.4547    13.4555     0.0007  45.484357  45.488878   0.004521    38.5648    38.5684     0.0036  1032.1919  1032.1945     0.0026     5.6491 5.1658e+02 1.0000e-12     0.2389 3.6828e-02     18.774    703.419    38.5647    38.5683     0.0036  1032.1919    29.0844  1032.1945    29.0870     0.0026     0.0026        109 0.0000e+00
   39.00078    0.47917    708.366    715.000    13.4543    13.4549     0.0006  45.485908  45.490373   0.004469    38.5645    38.5682     0.0037  1032.2137  1032.2164     0.0027     5.6468 5.1665e+02 1.0000e-12     0.2391 3.7208e-02     18.022    708.364    38.5645    38.5682     0.0037  1032.2137    29.0845  1032.2164    29.0872     0.0027     0.0027         97 0.0000e+00
   39.00080    0.47916    713.311    720.000    13.4532    13.4538     0.0006  45.486821  45.491359   0.004539    38.5643    38.5680     0.0037  1032.2357  1032.2384     0.0027     5.6445 5.1463e+02 1.3441e-07     0.2404 3.6952e-02     17.218    713.309    38.5643    38.5680     0.0037  1032.2356    29.0847  1032.2384    29.0875     0.0027     0.0027        128 0.0000e+00
   39.00081    0.47913    718.261    725.000    13.4493    13.4501     0.0008  45.484552  45.489118   0.004564    38.5639    38.5675     0.0036  1032.2581  1032.2607     0.0026     5.6445 5.1300e+02 -6.433e-09     0.2369 3.6815e-02     18.873    718.254    38.5638    38.5674     0.0036  1032.2580    29.0853  1032.2606    29.0880     0.0026     0.0026         96 0.0000e+00
