example data/fromGithub/from cmunozmas_plot_raw_ctd/ds2_06.cnv
* Sea-Bird SBE 9 Data File:
* FileName = C:\OCEANO\CTD\DATOS\2019-02_SOCIB CanalesWinter19\S_06.hex
* Software Version Seasave V 7.26.7.121
* Temperature SN = 5391
* Conductivity SN = 3718
* Number of Bytes Per Scan = 40
* Number of Voltage Words = 5
* Number of Scans Averaged by the Deck Unit = 1
* NMEA Latitude = 38 59.94 N
* NMEA Longitude = 000 36.17 E
* NMEA UTC (Time) = Mar 06 2019  10:28:21
* NMEA baud rate = 4800
** Ship:B/O SOCIB
** Cruise: SOCIB-Canales Winter19
** Station: S2_ 06
** Date:  2019/03/06
** Time (UTC):  10:30
** Bottom Depth (m):  915
** Operator: NCW JBM
# nquan = 34
# nvalues = 184                         
# units = specified
# name 0 = latitude: Latitude [deg]
# name 1 = longitude: Longitude [deg]
# name 2 = depSM: Depth [salt water, m]
# name 3 = prDM: Pressure, Digiquartz [db]
# name 4 = t090C: Temperature [ITS-90, deg C]
# name 5 = t190C: Temperature, 2 [ITS-90, deg C]
# name 6 = T2-T190C: Temperature Difference, 2 - 1 [ITS-90, deg C]
# name 7 = c0mS/cm: Conductivity [mS/cm]
# name 8 = c1mS/cm: Conductivity, 2 [mS/cm]
# name 9 = C2-C1mS/cm: Conductivity Difference, 2 - 1 [mS/cm]
# name 10 = sal00: Salinity, Practical [PSU]
# name 11 = sal11: Salinity, Practical, 2 [PSU]
# name 12 = secS-priS: Salinity, Practical, Difference, 2 - 1 [PSU]
# name 13 = density00: Density [density, kg/m^3]
# name 14 = density11: Density, 2 [density, kg/m^3]
# name 15 = D2-D1,d: Density Difference, 2 - 1 [density, kg/m^3]
# name 16 = sbeox0Mg/L: Oxygen, SBE 43 [mg/l]
# name 17 = spar: SPAR/Surface Irradiance
# name 18 = par: PAR/Irradiance, Biospherical/Licor
# name 19 = CStarAt0: Beam Attenuation, WET Labs C-Star [1/m]
# name 20 = flSP: Fluorescence, Seapoint
# name 21 = seaTurbMtr: Turbidity, Seapoint [FTU]
# name 22 = depSM: Depth [salt water, m], lat = 38.999
# name 23 = sal00: Salinity, Practical [PSU]
# name 24 = sal11: Salinity, Practical, 2 [PSU]
# name 25 = secS-priS: Salinity, Practical, Difference, 2 - 1 [PSU]
# name 26 = density00: Density [density, kg/m^3]
# name 27 = sigma-é00: Density [sigma-theta, kg/m^3]
# name 28 = density11: Density, 2 [density, kg/m^3]
# name 29 = sigma-é11: Density, 2 [sigma-theta, kg/m^3]
# name 30 = D2-D1,d: Density Difference, 2 - 1 [density, kg/m^3]
# name 31 = D2-D1: Density Difference, 2 - 1 [sigma-theta, kg/m^3]
# name 32 = nbin: number of scans per bin
# name 33 = flag: flag
# span 0 =   39.00009,   39.00190       
# span 1 =    0.60588,    0.60721       
# span 2 =      4.970,    911.032       
# span 3 =      5.000,    920.000       
# span 4 =    13.2441,    14.4988       
# span 5 =    13.2446,    14.4994       
# span 6 =    -0.0000,     0.0028       
# span 7 =  44.673204,  45.895583       
# span 8 =  44.677290,  45.899581       
# span 9 =   0.003265,   0.006799       
# span 10 =    38.2062,    38.5841      
# span 11 =    38.2099,    38.5877      
# span 12 =     0.0033,     0.0041      
# span 13 =  1028.5911,  1033.1242      
# span 14 =  1028.5936,  1033.1270      
# span 15 =     0.0019,     0.0030      
# span 16 =     5.5594,     8.1095      
# span 17 = 4.7980e+02, 5.6335e+02      
# span 18 = 1.0000e-12, 2.0803e+02      
# span 19 =     0.1991,     0.3992      
# span 20 = 3.6110e-02, 1.2541e+00      
# span 21 =      3.636,     26.144      
# span 22 =      4.962,    911.014      
# span 23 =    38.2021,    38.5841      
# span 24 =    38.2058,    38.5877      
# span 25 =     0.0033,     0.0041      
# span 26 =  1028.5910,  1033.1242      
# span 27 =    28.5690,    29.1027      
# span 28 =  1028.5935,  1033.1270      
# span 29 =    28.5716,    29.1055      
# span 30 =     0.0019,     0.0031      
# span 31 =     0.0019,     0.0031      
# span 32 =         66,        162      
# span 33 = 0.0000e+00, 0.0000e+00      
# interval = decibars: 5                
# start_time = Mar 06 2019 10:28:21 [NMEA time, header]
# bad_flag = -9.990e-29
*END*
[from data line 43]
   39.00112    0.60716    218.216    220.000    13.2656    13.2664     0.0009  44.809856  44.814437   0.004570    38.3283    38.3318     0.0035  1029.8944  1029.8969     0.0025     7.0993 5.5916e+02 1.0000e-12     0.2281 6.8388e-02      8.169    218.218    38.3284    38.3320     0.0035  1029.8945    28.9255  1029.8971    28.9280     0.0025     0.0025        129 0.0000e+00
   39.00112    0.60716    223.174    225.000    13.2516    13.2521     0.0006  44.799294  44.803479   0.004186    38.3303    38.3337     0.0035  1029.9211  1029.9236     0.0026     7.0975 5.5861e+02 1.0000e-12     0.2265 5.9262e-02      9.612    223.175    38.3301    38.3336     0.0035  1029.9209    28.9299  1029.9235    28.9324     0.0026     0.0026        108 0.0000e+00
   39.00112    0.60715    228.129    230.000    13.2518    13.2523     0.0004  44.803237  44.807362   0.004129    38.3316    38.3351     0.0035  1029.9442  1029.9468     0.0026     7.0760 5.5861e+02 1.0000e-12     0.2285 5.7001e-02      9.942    228.131    38.3314    38.3349     0.0035  1029.9440    28.9310  1029.9466    28.9336     0.0027     0.0027        103 0.0000e+00
   39.00112    0.60714    233.086    235.000    13.2823    13.2827     0.0004  44.852301  44.856367   0.004069    38.3448    38.3483     0.0035  1029.9699  1029.9725     0.0026     7.0063 5.5856e+02 1.0000e-12     0.2310 5.3458e-02     11.613    233.088    38.3455    38.3490     0.0035  1029.9705    28.9357  1029.9731    28.9383     0.0026     0.0026         97 0.0000e+00
   39.00112    0.60712    238.049    240.000    13.2917    13.2920     0.0003  44.869655  44.873593   0.003942    38.3499    38.3534     0.0035  1029.9941  1029.9967     0.0026     6.9891 5.5804e+02 1.0000e-12     0.2317 5.1528e-02     11.238    238.044    38.3504    38.3539     0.0035  1029.9944    28.9376  1029.9970    28.9403     0.0026     0.0026        108 0.0000e+00
   39.00112    0.60712    243.001    245.000    13.2995    13.3003     0.0009  44.888492  44.893103   0.004599    38.3580    38.3615     0.0035  1030.0208  1030.0233     0.0025     6.9643 5.5827e+02 1.0000e-12     0.2346 5.0849e-02     11.361    243.001    38.3584    38.3619     0.0035  1030.0210    28.9424  1030.0236    28.9450     0.0025     0.0025        116 0.0000e+00
   39.00112    0.60710    247.955    250.000    13.2761    13.2769     0.0007  44.863255  44.867913   0.004656    38.3559    38.3595     0.0036  1030.0463  1030.0489     0.0026     6.9804 5.5825e+02 1.0000e-12     0.2304 5.0757e-02     11.104    247.957    38.3555    38.3591     0.0036  1030.0459    28.9452  1030.0486    28.9478     0.0026     0.0026        118 0.0000e+00
   39.00112    0.60709    252.911    255.000    13.3183    13.3186     0.0001  44.926595  44.930168   0.003588    38.3715    38.3748     0.0033  1030.0715  1030.0740     0.0025     6.8758 5.5799e+02 1.0000e-12     0.2308 5.1224e-02     11.881    252.913    38.3727    38.3761     0.0033  1030.0726    28.9499  1030.0752    28.9524     0.0025     0.0025        105 0.0000e+00
   39.00112    0.60708    257.873    260.000    13.3107    13.3115     0.0008  44.925030  44.929447   0.004406    38.3750    38.3785     0.0034  1030.0978  1030.1003     0.0025     6.8786 5.5806e+02 1.0000e-12     0.2295 5.0337e-02     10.560    257.869    38.3753    38.3787     0.0034  1030.0981    28.9537  1030.1005    28.9561     0.0025     0.0025        100 0.0000e+00
   39.00112    0.60707    262.827    265.000    13.2859    13.2864     0.0005  44.900142  44.904344   0.004205    38.3747    38.3782     0.0035  1030.1250  1030.1276     0.0026     6.8973 5.5810e+02 1.0000e-12     0.2276 5.1675e-02     10.788    262.825    38.3742    38.3778     0.0035  1030.1247    28.9582  1030.1273    28.9608     0.0026     0.0026        121 0.0000e+00
   39.00112    0.60706    267.779    270.000    13.3080    13.3084     0.0004  44.937325  44.941322   0.003999    38.3850    38.3885     0.0035  1030.1503  1030.1529     0.0026     6.8182 5.5761e+02 1.0000e-12     0.2270 5.1351e-02      9.440    267.781    38.3853    38.3888     0.0035  1030.1506    28.9623  1030.1532    28.9649     0.0026     0.0026        114 0.0000e+00
   39.00112    0.60704    272.738    275.000    13.3147    13.3153     0.0006  44.956717  44.960978   0.004257    38.3947    38.3982     0.0035  1030.1785  1030.1811     0.0026     6.7826 5.5602e+02 1.0000e-12     0.2271 5.1166e-02     10.394    272.736    38.3950    38.3984     0.0035  1030.1787    28.9685  1030.1813    28.9711     0.0026     0.0026        116 0.0000e+00
   39.00111    0.60703    277.687    280.000    13.3087    13.3091     0.0004  44.956444  44.960504   0.004063    38.3984    38.4019     0.0035  1030.2047  1030.2073     0.0026     6.7758 5.5505e+02 1.0000e-12     0.2298 4.8190e-02     10.811    277.692    38.3984    38.4019     0.0035  1030.2048    28.9726  1030.2073    28.9752     0.0026     0.0026         99 0.0000e+00
   39.00112    0.60702    282.643    285.000    13.3295    13.3300     0.0005  44.991647  44.995822   0.004174    38.4085    38.4121     0.0035  1030.2301  1030.2328     0.0026     6.7180 5.5433e+02 1.0000e-12     0.2291 4.7719e-02      9.725    282.647    38.4089    38.4125     0.0035  1030.2305    28.9765  1030.2331    28.9792     0.0026     0.0026        109 0.0000e+00
   39.00112    0.60702    287.608    290.000    13.3320    13.3327     0.0006  45.001398  45.005567   0.004166    38.4132    38.4166     0.0034  1030.2554  1030.2578     0.0025     6.7202 5.5340e+02 1.0000e-12     0.2286 4.8485e-02     10.672    287.602    38.4135    38.4169     0.0034  1030.2555    28.9797  1030.2580    28.9822     0.0025     0.0025         81 0.0000e+00
   39.00112    0.60700    292.563    295.000    13.3484    13.3489     0.0005  45.030992  45.035107   0.004116    38.4225    38.4260     0.0034  1030.2811  1030.2837     0.0025     6.6756 5.5365e+02 1.0000e-12     0.2293 4.8270e-02     10.472    292.557    38.4231    38.4265     0.0034  1030.2815    28.9838  1030.2841    28.9864     0.0025     0.0025         91 0.0000e+00
   39.00113    0.60700    297.513    300.000    13.3359    13.3366     0.0007  45.019635  45.023928   0.004292    38.4226    38.4261     0.0034  1030.3060  1030.3085     0.0025     6.6765 5.5332e+02 1.0000e-12     0.2291 4.8470e-02     10.003    297.512    38.4226    38.4260     0.0034  1030.3059    28.9862  1030.3084    28.9888     0.0025     0.0025        119 0.0000e+00
   39.00114    0.60700    302.468    305.000    13.3373    13.3378     0.0006  45.025370  45.029610   0.004240    38.4244    38.4279     0.0035  1030.3291  1030.3317     0.0026     6.6583 5.5332e+02 1.0000e-12     0.2297 4.8782e-02     10.455    302.467    38.4244    38.4279     0.0035  1030.3291    28.9875  1030.3317    28.9901     0.0026     0.0026        115 0.0000e+00
   39.00114    0.60698    307.421    310.000    13.3428    13.3434     0.0006  45.036107  45.040351   0.004245    38.4267    38.4302     0.0035  1030.3518  1030.3543     0.0026     6.6390 5.5325e+02 1.0000e-12     0.2299 4.7756e-02     10.505    307.422    38.4268    38.4303     0.0035  1030.3519    28.9884  1030.3544    28.9910     0.0026     0.0026        120 0.0000e+00
   39.00114    0.60698    312.377    315.000    13.3514    13.3516     0.0002  45.052196  45.055996   0.003809    38.4311    38.4345     0.0034  1030.3754  1030.3780     0.0026     6.6263 5.5297e+02 1.0000e-12     0.2300 4.8110e-02     11.011    312.377    38.4313    38.4348     0.0034  1030.3756    28.9902  1030.3782    28.9928     0.0026     0.0026        110 0.0000e+00
   39.00114    0.60696    317.333    320.000    13.3790    13.3793     0.0003  45.094004  45.097974   0.003975    38.4406    38.4442     0.0035  1030.3989  1030.4015     0.0027     6.5644 5.5241e+02 1.0000e-12     0.2294 4.7374e-02     10.490    317.331    38.4413    38.4448     0.0035  1030.3994    28.9923  1030.4020    28.9950     0.0027     0.0027        118 0.0000e+00
   39.00114    0.60695    322.285    325.000    13.4178    13.4178    -0.0000  45.154596  45.158049   0.003458    38.4567    38.4601     0.0033  1030.4249  1030.4275     0.0026     6.4828 5.5198e+02 1.0000e-12     0.2276 4.5751e-02      9.295    322.286    38.4579    38.4612     0.0033  1030.4258    28.9972  1030.4284    28.9998     0.0026     0.0026        119 0.0000e+00
   39.00114    0.60694    327.238    330.000    13.4332    13.4336     0.0005  45.180567  45.184832   0.004259    38.4643    38.4679     0.0036  1030.4495  1030.4522     0.0027     6.4662 5.5110e+02 1.0000e-12     0.2199 4.4729e-02      7.659    327.240    38.4650    38.4686     0.0036  1030.4501    28.9996  1030.4528    29.0023     0.0027     0.0027        103 0.0000e+00
   39.00115    0.60692    332.196    335.000    13.4498    13.4504     0.0005  45.209516  45.213675   0.004154    38.4728    38.4762     0.0034  1030.4745  1030.4770     0.0025     6.4278 5.5125e+02 1.0000e-12     0.2147 4.4259e-02      6.409    332.194    38.4736    38.4770     0.0034  1030.4752    29.0029  1030.4777    29.0055     0.0025     0.0025         87 0.0000e+00
   39.00116    0.60691    337.149    340.000    13.4527    13.4532     0.0005  45.220320  45.224610   0.004289    38.4784    38.4820     0.0036  1030.5003  1030.5030     0.0027     6.3883 5.5111e+02 1.0000e-12     0.2116 4.3688e-02      6.266    337.148    38.4788    38.4824     0.0036  1030.5006    29.0065  1030.5033    29.0091     0.0027     0.0027        112 0.0000e+00
   39.00116    0.60690    342.102    345.000    13.4629    13.4632     0.0003  45.239807  45.243728   0.003924    38.4845    38.4880     0.0035  1030.5249  1030.5275     0.0026     6.3381 5.5075e+02 1.0000e-12     0.2115 4.3913e-02      5.700    342.102    38.4849    38.4883     0.0035  1030.5252    29.0092  1030.5278    29.0118     0.0026     0.0026        116 0.0000e+00
   39.00116    0.60689    347.061    350.000    13.4732    13.4736     0.0004  45.259788  45.263784   0.003992    38.4909    38.4943     0.0034  1030.5496  1030.5522     0.0025     6.2930 5.5065e+02 1.0000e-12     0.2120 4.3222e-02      6.868    347.056    38.4914    38.4948     0.0034  1030.5500    29.0122  1030.5525    29.0148     0.0025     0.0025         94 0.0000e+00
   39.00116    0.60688    352.010    355.000    13.4783    13.4788     0.0004  45.276804  45.280941   0.004136    38.4999    38.5034     0.0035  1030.5775  1030.5801     0.0026     6.2454 5.5049e+02 1.0000e-12     0.2125 4.3209e-02      5.369    352.010    38.5002    38.5037     0.0035  1030.5777    29.0181  1030.5803    29.0208     0.0026     0.0026        117 0.0000e+00
   39.00117    0.60687    356.963    360.000    13.4906    13.4908     0.0002  45.301213  45.304917   0.003710    38.5084    38.5118     0.0034  1030.6034  1030.6060     0.0026     6.1659 5.5040e+02 1.0000e-12     0.2071 4.2330e-02      5.180    356.963    38.5089    38.5123     0.0034  1030.6038    29.0224  1030.6064    29.0250     0.0026     0.0026        106 0.0000e+00
   39.00118    0.60686    361.916    365.000    13.5084    13.5086     0.0002  45.331370  45.335205   0.003833    38.5170    38.5204     0.0034  1030.6282  1030.6308     0.0026     6.0867 5.5029e+02 1.0000e-12     0.2058 4.1674e-02      5.455    361.917    38.5175    38.5209     0.0034  1030.6286    29.0255  1030.6312    29.0281     0.0026     0.0026        112 0.0000e+00
   39.00118    0.60686    366.870    370.000    13.5465    13.5468     0.0003  45.391497  45.395366   0.003866    38.5331    38.5365     0.0034  1030.6543  1030.6569     0.0026     5.9591 5.4983e+02 1.0000e-12     0.2073 4.0132e-02      6.228    366.870    38.5342    38.5376     0.0034  1030.6552    29.0305  1030.6578    29.0331     0.0026     0.0026        114 0.0000e+00
   39.00118    0.60684    371.823    375.000    13.5690    13.5694     0.0004  45.427688  45.431641   0.003949    38.5429    38.5463     0.0034  1030.6790  1030.6815     0.0025     5.8875 5.4959e+02 1.0000e-12     0.2086 4.0512e-02      5.228    371.823    38.5438    38.5472     0.0034  1030.6797    29.0334  1030.6823    29.0359     0.0025     0.0025        119 0.0000e+00
   39.00118    0.60684    376.777    380.000    13.5893    13.5897     0.0005  45.462234  45.466324   0.004087    38.5532    38.5566     0.0034  1030.7045  1030.7071     0.0026     5.8237 5.4874e+02 1.0000e-12     0.2091 4.0707e-02      5.545    376.776    38.5541    38.5575     0.0034  1030.7052    29.0372  1030.7078    29.0398     0.0026     0.0026        123 0.0000e+00
   39.00118    0.60682    381.727    385.000    13.5956    13.5962     0.0006  45.475385  45.479558   0.004168    38.5575    38.5608     0.0034  1030.7285  1030.7310     0.0025     5.7917 5.4782e+02 1.0000e-12     0.2114 3.9846e-02      6.324    381.729    38.5579    38.5613     0.0034  1030.7288    29.0390  1030.7313    29.0415     0.0025     0.0025        112 0.0000e+00
   39.00119    0.60682    386.686    390.000    13.6002    13.6009     0.0008  45.485888  45.490296   0.004403    38.5607    38.5642     0.0034  1030.7520  1030.7545     0.0025     5.7659 5.4632e+02 1.0000e-12     0.2160 3.9785e-02      7.509    386.682    38.5611    38.5646     0.0034  1030.7523    29.0407  1030.7549    29.0432     0.0025     0.0025         72 0.0000e+00
   39.00120    0.60681    391.638    395.000    13.5988    13.5994     0.0006  45.487832  45.492051   0.004219    38.5620    38.5654     0.0034  1030.7753  1030.7778     0.0025     5.7573 5.4665e+02 1.0000e-12     0.2195 3.9828e-02      8.981    391.635    38.5621    38.5655     0.0034  1030.7754    29.0419  1030.7779    29.0444     0.0025     0.0025         79 0.0000e+00
   39.00122    0.60680    396.590    400.000    13.6019    13.6024     0.0005  45.496230  45.500437   0.004208    38.5647    38.5681     0.0035  1030.7987  1030.8013     0.0026     5.7524 5.4662e+02 1.0000e-12     0.2212 3.9511e-02      8.097    396.588    38.5648    38.5683     0.0035  1030.7988    29.0435  1030.8014    29.0461     0.0026     0.0026        104 0.0000e+00
   39.00123    0.60680    401.542    405.000    13.5989    13.5995     0.0006  45.497074  45.501257   0.004182    38.5664    38.5698     0.0034  1030.8227  1030.8252     0.0025     5.7253 5.4640e+02 1.0000e-12     0.2220 3.9344e-02      8.331    401.540    38.5663    38.5698     0.0034  1030.8227    29.0455  1030.8252    29.0480     0.0025     0.0025        136 0.0000e+00
   39.00124    0.60680    406.490    410.000    13.5972    13.5977     0.0006  45.500025  45.504258   0.004233    38.5688    38.5722     0.0035  1030.8469  1030.8495     0.0026     5.7134 5.4586e+02 1.0000e-12     0.2218 3.9053e-02      8.863    406.492    38.5687    38.5722     0.0035  1030.8469    29.0479  1030.8495    29.0504     0.0026     0.0026        125 0.0000e+00
   39.00126    0.60680    411.443    415.000    13.5993    13.5999     0.0006  45.508583  45.512841   0.004258    38.5724    38.5759     0.0035  1030.8712  1030.8738     0.0026     5.6925 5.4579e+02 1.0000e-12     0.2188 3.9021e-02      7.417    411.445    38.5724    38.5759     0.0035  1030.8713    29.0504  1030.8739    29.0530     0.0026     0.0026        124 0.0000e+00
   39.00126    0.60680    416.395    420.000    13.6010    13.6016     0.0006  45.516195  45.520558   0.004362    38.5758    38.5793     0.0035  1030.8955  1030.8981     0.0026     5.6728 5.4398e+02 1.0000e-12     0.2213 3.8321e-02      8.029    416.397    38.5758    38.5794     0.0035  1030.8955    29.0529  1030.8981    29.0555     0.0026     0.0026        106 0.0000e+00
   39.00126    0.60678    421.353    425.000    13.5978    13.5984     0.0006  45.515204  45.519483   0.004279    38.5759    38.5793     0.0035  1030.9183  1030.9208     0.0026     5.6808 5.4428e+02 1.0000e-12     0.2221 3.9145e-02      8.631    421.349    38.5758    38.5793     0.0035  1030.9182    29.0537  1030.9208    29.0563     0.0026     0.0026        123 0.0000e+00
