example data/fromGithub/from cmunozmas_plot_raw_ctd/ds2_06.cnv
* Sea-Bird SBE 9 Data File:
* FileName = C:\OCEANO\CTD\DATOS\2019-02_SOCIB CanalesWinter19\S_06.hex
* Software Version Seasave V 7.26.7.121
* Temperature SN = 5391
* Conductivity SN = 3718
* Number of Bytes Per Scan = 40
* Number of Voltage Words = 5
* Number of Scans Averaged by the Deck Unit = 1
* NMEA Latitude = 38 59.94 N
* NMEA Longitude = 000 36.17 E
* NMEA UTC (Time) = Mar 06 2019  10:28:21
* NMEA baud rate = 4800
** Ship:B/O SOCIB
** Cruise: SOCIB-Canales Winter19
** Station: S2_ 06
** Date:  2019/03/06
** Time (UTC):  10:30
** Bottom Depth (m):  915
** Operator: NCW JBM
# nquan = 34
# nvalues = 184                         
# units = specified
# name 0 = latitude: Latitude [deg]
# name 1 = longitude: Longitude [deg]
# name 2 = depSM: Depth [salt water, m]
# name 3 = prDM: Pressure, Digiquartz [db]
# name 4 = t090C: Temperature [ITS-90, deg C]
# name 5 = t190C: Temperature, 2 [ITS-90, deg C]
# name 6 = T2-T190C: Temperature Difference, 2 - 1 [ITS-90, deg C]
# name 7 = c0mS/cm: Conductivity [mS/cm]
# name 8 = c1mS/cm: Conductivity, 2 [mS/cm]
# name 9 = C2-C1mS/cm: Conductivity Difference, 2 - 1 [mS/cm]
# name 10 = sal00: Salinity, Practical [PSU]
# name 11 = sal11: Salinity, Practical, 2 [PSU]
# name 12 = secS-priS: Salinity, Practical, Difference, 2 - 1 [PSU]
# name 13 = density00: Density [density, kg/m^3]
# name 14 = density11: Density, 2 [density, kg/m^3]
# name 15 = D2-D1,d: Density Difference, 2 - 1 [density, kg/m^3]
# name 16 = sbeox0Mg/L: Oxygen, SBE 43 [mg/l]
# name 17 = spar: SPAR/Surface Irradiance
# name 18 = par: PAR/Irradiance, Biospherical/Licor
# name 19 = CStarAt0: Beam Attenuation, WET Labs C-Star [1/m]
# name 20 = flSP: Fluorescence, Seapoint
# name 21 = seaTurbMtr: Turbidity, Seapoint [FTU]
# name 22 = depSM: Depth [salt water, m], lat = 38.999
# name 23 = sal00: Salinity, Practical [PSU]
# name 24 = sal11: Salinity, Practical, 2 [PSU]
# name 25 = secS-priS: Salinity, Practical, Difference, 2 - 1 [PSU]
# name 26 = density00: Density [density, kg/m^3]
# name 27 = sigma-é00: Density [sigma-theta, kg/m^3]
# name 28 = density11: Density, 2 [density, kg/m^3]
# name 29 = sigma-é11: Density, 2 [sigma-theta, kg/m^3]
# name 30 = D2-D1,d: Density Difference, 2 - 1 [density, kg/m^3]
# name 31 = D2-D1: Density Difference, 2 - 1 [sigma-theta, kg/m^3]
# name 32 = nbin: number of scans per bin
# name 33 = flag: flag
# span 0 =   39.00009,   39.00190       
# span 1 =    0.60588,    0.60721       
# span 2 =      4.970,    911.032       
# span 3 =      5.000,    920.000       
# span 4 =    13.2441,    14.4988       
# span 5 =    13.2446,    14.4994       
# span 6 =    -0.0000,     0.0028       
# span 7 =  44.673204,  45.895583       
# span 8 =  44.677290,  45.899581       
# span 9 =   0.003265,   0.006799       
# span 10 =    38.2062,    38.5841      
# span 11 =    38.2099,    38.5877      
# span 12 =     0.0033,     0.0041      
# span 13 =  1028.5911,  1033.1242      
# span 14 =  1028.5936,  1033.1270      
# span 15 =     0.0019,     0.0030      
# span 16 =     5.5594,     8.1095      
# span 17 = 4.7980e+02, 5.6335e+02      
# span 18 = 1.0000e-12, 2.0803e+02      
# span 19 =     0.1991,     0.3992      
# span 20 = 3.6110e-02, 1.2541e+00      
# span 21 =      3.636,     26.144      
# span 22 =      4.962,    911.014      
# span 23 =    38.2021,    38.5841      
# span 24 =    38.2058,    38.5877      
# span 25 =     0.0033,     0.0041      
# span 26 =  1028.5910,  1033.1242      
# span 27 =    28.5690,    29.1027      
# span 28 =  1028.5935,  1033.1270      
# span 29 =    28.5716,    29.1055      
# span 30 =     0.0019,     0.0031      
# span 31 =     0.0019,     0.0031      
# span 32 =         66,        162      
# span 33 = 0.0000e+00, 0.0000e+00      
# interval = decibars: 5                
# start_time = Mar 06 2019 10:28:21 [NMEA time, header]
# bad_flag = -9.990e-29
*END*
[from data line 86]
   39.00128    0.60677    431.250    435.000    13.5903    13.5910     0.0006  45.512949  45.517241   0.004290    38.5769    38.5803     0.0035  1030.9647  1030.9672     0.0026     5.6733 5.4327e+02 1.0000e-12     0.2253 3.8666e-02      9.169    431.253    38.5768    38.5802     0.0035  1030.9646    29.0564  1030.9671    29.0589     0.0026     0.0026        108 0.0000e+00
   39.00128    0.60676    436.206    440.000    13.5885    13.5891     0.0006  45.513718  45.518112   0.004393    38.5772    38.5808     0.0036  1030.9873  1030.9900     0.0026     5.6758 5.4162e+02 1.0000e-12     0.2267 3.9148e-02     10.014    436.204    38.5771    38.5807     0.0036  1030.9873    29.0572  1030.9899    29.0598     0.0026     0.0026         89 0.0000e+00
   39.00128    0.60676    441.158    445.000    13.5864    13.5870     0.0006  45.514514  45.518804   0.004290    38.5778    38.5813     0.0035  1031.0103  1031.0129     0.0026     5.6666 5.4120e+02 1.0000e-12     0.2291 3.8815e-02     10.003    441.156    38.5778    38.5813     0.0035  1031.0102    29.0583  1031.0128    29.0609     0.0026     0.0026        125 0.0000e+00
   39.00128    0.60674    446.109    450.000    13.5857    13.5863     0.0006  45.517643  45.521947   0.004303    38.5793    38.5828     0.0035  1031.0335  1031.0361     0.0026     5.6484 5.4109e+02 1.0000e-12     0.2268 3.7906e-02      9.174    446.107    38.5792    38.5827     0.0035  1031.0335    29.0597  1031.0361    29.0623     0.0026     0.0026        104 0.0000e+00
   39.00128    0.60671    451.055    455.000    13.5828    13.5835     0.0008  45.517458  45.521943   0.004482    38.5799    38.5834     0.0035  1031.0566  1031.0592     0.0026     5.6403 5.4023e+02 1.0000e-12     0.2249 3.8743e-02      9.065    451.059    38.5798    38.5833     0.0035  1031.0566    29.0609  1031.0592    29.0635     0.0026     0.0026        113 0.0000e+00
   39.00126    0.60670    456.010    460.000    13.5769    13.5775     0.0005  45.512891  45.517140   0.004253    38.5793    38.5828     0.0035  1031.0795  1031.0821     0.0026     5.6582 5.3989e+02 1.0000e-12     0.2242 3.8396e-02      8.747    456.010    38.5791    38.5826     0.0035  1031.0793    29.0618  1031.0819    29.0644     0.0026     0.0026        118 0.0000e+00
   39.00126    0.60668    460.961    465.000    13.5636    13.5644     0.0007  45.498939  45.503438   0.004496    38.5773    38.5809     0.0035  1031.1028  1031.1054     0.0026     5.6586 5.3923e+02 1.0000e-12     0.2212 3.7846e-02      7.387    460.961    38.5770    38.5806     0.0035  1031.1026    29.0631  1031.1052    29.0657     0.0026     0.0026        112 0.0000e+00
   39.00126    0.60667    465.910    470.000    13.5422    13.5428     0.0006  45.474116  45.478363   0.004249    38.5733    38.5767     0.0034  1031.1264  1031.1290     0.0025     5.6859 5.3909e+02 1.0000e-12     0.2158 3.8095e-02      6.222    465.912    38.5727    38.5761     0.0034  1031.1260    29.0645  1031.1285    29.0670     0.0025     0.0025        112 0.0000e+00
   39.00126    0.60666    470.866    475.000    13.5112    13.5121     0.0008  45.436534  45.441141   0.004605    38.5668    38.5704     0.0036  1031.1503  1031.1528     0.0026     5.7021 5.3889e+02 1.0000e-12     0.2083 3.7788e-02      4.926    470.863    38.5659    38.5694     0.0036  1031.1495    29.0659  1031.1521    29.0685     0.0026     0.0026        114 0.0000e+00
   39.00125    0.60664    475.811    480.000    13.5324    13.5329     0.0006  45.469826  45.474337   0.004516    38.5740    38.5778     0.0038  1031.1731  1031.1759     0.0028     5.6605 5.3796e+02 1.0000e-12     0.2054 3.7412e-02      5.429    475.813    38.5741    38.5778     0.0037  1031.1732    29.0680  1031.1759    29.0708     0.0028     0.0028        110 0.0000e+00
   39.00124    0.60663    480.766    485.000    13.5503    13.5508     0.0005  45.497823  45.502049   0.004226    38.5802    38.5837     0.0036  1031.1959  1031.1985     0.0027     5.6335 5.3759e+02 1.0000e-12     0.2152 3.7674e-02     17.162    480.764    38.5805    38.5840     0.0036  1031.1961    29.0693  1031.1988    29.0720     0.0027     0.0027        115 0.0000e+00
   39.00126    0.60662    485.712    490.000    13.5491    13.5498     0.0008  45.498833  45.503341   0.004502    38.5803    38.5839     0.0035  1031.2183  1031.2208     0.0026     5.6314 5.3727e+02 1.0000e-12     0.2208 3.7691e-02      8.122    485.715    38.5804    38.5840     0.0035  1031.2183    29.0697  1031.2209    29.0723     0.0026     0.0026        114 0.0000e+00
   39.00126    0.60662    490.665    495.000    13.5429    13.5437     0.0009  45.493023  45.497641   0.004612    38.5791    38.5826     0.0035  1031.2406  1031.2432     0.0025     5.6343 5.3670e+02 1.0000e-12     0.2208 3.7864e-02      8.035    490.665    38.5790    38.5825     0.0035  1031.2406    29.0700  1031.2431    29.0726     0.0025     0.0025        107 0.0000e+00
   39.00126    0.60660    495.614    500.000    13.5348    13.5355     0.0007  45.484908  45.489352   0.004449    38.5773    38.5808     0.0035  1031.2630  1031.2656     0.0026     5.6466 5.3591e+02 1.0000e-12     0.2183 3.7252e-02      7.184    495.615    38.5772    38.5807     0.0035  1031.2629    29.0705  1031.2655    29.0731     0.0026     0.0026        108 0.0000e+00
   39.00126    0.60660    500.562    505.000    13.5269    13.5275     0.0006  45.477266  45.481567   0.004306    38.5758    38.5793     0.0035  1031.2856  1031.2882     0.0026     5.6426 5.3528e+02 1.0000e-12     0.2141 3.7842e-02      5.788    500.565    38.5756    38.5791     0.0035  1031.2854    29.0711  1031.2879    29.0737     0.0026     0.0026        120 0.0000e+00
   39.00127    0.60660    505.522    510.000    13.5305    13.5311     0.0006  45.484941  45.489195   0.004257    38.5771    38.5806     0.0035  1031.3078  1031.3103     0.0026     5.6375 5.3481e+02 1.0000e-12     0.2113 3.7424e-02      5.692    505.515    38.5771    38.5805     0.0035  1031.3077    29.0716  1031.3103    29.0742     0.0026     0.0026        109 0.0000e+00
   39.00128    0.60658    510.460    515.000    13.5356    13.5362     0.0006  45.494836  45.499265   0.004429    38.5790    38.5826     0.0036  1031.3300  1031.3327     0.0026     5.6266 5.3394e+02 1.0000e-12     0.2116 3.7067e-02      6.240    510.465    38.5791    38.5827     0.0036  1031.3301    29.0723  1031.3328    29.0750     0.0026     0.0026         92 0.0000e+00
   39.00129    0.60658    515.417    520.000    13.5365    13.5371     0.0006  45.498855  45.503174   0.004320    38.5797    38.5833     0.0036  1031.3524  1031.3550     0.0026     5.6307 5.3394e+02 1.0000e-12     0.2137 3.7539e-02      8.245    515.415    38.5798    38.5833     0.0036  1031.3524    29.0728  1031.3550    29.0754     0.0026     0.0026         92 0.0000e+00
   39.00130    0.60658    520.364    525.000    13.5362    13.5368     0.0006  45.501453  45.505760   0.004307    38.5804    38.5839     0.0035  1031.3749  1031.3774     0.0026     5.6212 5.3328e+02 1.0000e-12     0.2165 3.7245e-02      7.437    520.365    38.5804    38.5839     0.0035  1031.3749    29.0735  1031.3775    29.0761     0.0026     0.0026        122 0.0000e+00
   39.00130    0.60656    525.315    530.000    13.5354    13.5360     0.0006  45.503476  45.507799   0.004323    38.5809    38.5845     0.0035  1031.3974  1031.4000     0.0026     5.6101 5.3271e+02 1.0000e-12     0.2169 3.7270e-02      7.047    525.314    38.5809    38.5845     0.0035  1031.3975    29.0742  1031.4000    29.0769     0.0026     0.0026        126 0.0000e+00
   39.00132    0.60656    530.263    535.000    13.5353    13.5360     0.0007  45.505917  45.510297   0.004379    38.5812    38.5847     0.0035  1031.4196  1031.4221     0.0026     5.6130 5.3216e+02 1.0000e-12     0.2164 3.7109e-02      6.938    530.264    38.5812    38.5847     0.0035  1031.4196    29.0746  1031.4222    29.0772     0.0026     0.0026        128 0.0000e+00
   39.00132    0.60656    535.214    540.000    13.5355    13.5361     0.0006  45.508853  45.513251   0.004398    38.5816    38.5851     0.0036  1031.4418  1031.4444     0.0026     5.6130 5.3151e+02 1.0000e-12     0.2160 3.7099e-02      6.967    535.213    38.5816    38.5851     0.0036  1031.4418    29.0750  1031.4444    29.0777     0.0026     0.0026        117 0.0000e+00
   39.00132    0.60654    540.161    545.000    13.5355    13.5361     0.0007  45.511557  45.516004   0.004446    38.5819    38.5855     0.0035  1031.4640  1031.4666     0.0026     5.6092 5.3097e+02 1.0000e-12     0.2152 3.7273e-02      7.120    540.162    38.5819    38.5855     0.0035  1031.4641    29.0755  1031.4666    29.0781     0.0026     0.0026        112 0.0000e+00
   39.00134    0.60653    545.110    550.000    13.5350    13.5356     0.0006  45.513569  45.517958   0.004390    38.5821    38.5857     0.0036  1031.4862  1031.4888     0.0026     5.6035 5.3058e+02 1.0000e-12     0.2130 3.7290e-02      6.753    545.111    38.5821    38.5857     0.0036  1031.4862    29.0759  1031.4888    29.0785     0.0026     0.0026        111 0.0000e+00
   39.00134    0.60652    550.060    555.000    13.5328    13.5333     0.0006  45.513658  45.517919   0.004262    38.5823    38.5858     0.0035  1031.5088  1031.5114     0.0026     5.5973 5.2936e+02 1.0000e-12     0.2120 3.7332e-02      5.984    550.060    38.5822    38.5857     0.0035  1031.5088    29.0766  1031.5113    29.0792     0.0026     0.0026        115 0.0000e+00
   39.00135    0.60652    555.014    560.000    13.5332    13.5338     0.0006  45.517603  45.521972   0.004370    38.5834    38.5869     0.0036  1031.5315  1031.5341     0.0026     5.5868 5.2888e+02 1.0000e-12     0.2105 3.6903e-02      5.528    555.009    38.5833    38.5869     0.0036  1031.5315    29.0775  1031.5341    29.0802     0.0026     0.0026        107 0.0000e+00
   39.00136    0.60651    559.954    565.000    13.5335    13.5341     0.0006  45.520818  45.525210   0.004394    38.5839    38.5875     0.0036  1031.5537  1031.5564     0.0027     5.5830 5.2820e+02 1.0000e-12     0.2084 3.7188e-02      5.141    559.958    38.5839    38.5875     0.0036  1031.5538    29.0780  1031.5564    29.0807     0.0027     0.0027        133 0.0000e+00
   39.00136    0.60650    564.904    570.000    13.5342    13.5348     0.0006  45.524094  45.528461   0.004367    38.5841    38.5877     0.0036  1031.5757  1031.5783     0.0026     5.5801 5.2760e+02 1.0000e-12     0.2067 3.6925e-02      4.896    564.906    38.5841    38.5877     0.0036  1031.5757    29.0782  1031.5784    29.0809     0.0026     0.0026         97 0.0000e+00
   39.00136    0.60648    569.861    575.000    13.5308    13.5317     0.0008  45.522365  45.527019   0.004649    38.5837    38.5873     0.0036  1031.5981  1031.6007     0.0026     5.5760 5.2640e+02 1.0000e-12     0.2055 3.7084e-02      5.210    569.855    38.5837    38.5873     0.0036  1031.5981    29.0788  1031.6006    29.0814     0.0026     0.0026        113 0.0000e+00
   39.00136    0.60648    574.795    580.000    13.5210    13.5216     0.0006  45.512142  45.516538   0.004400    38.5819    38.5855     0.0035  1031.6208  1031.6234     0.0026     5.5749 5.2571e+02 1.0000e-12     0.2045 3.7297e-02      4.651    574.803    38.5816    38.5852     0.0036  1031.6206    29.0794  1031.6232    29.0821     0.0026     0.0026         94 0.0000e+00
   39.00138    0.60648    579.756    585.000    13.5248    13.5254     0.0005  45.520410  45.524644   0.004233    38.5833    38.5869     0.0036  1031.6430  1031.6456     0.0027     5.5594 5.2493e+02 1.0000e-12     0.2039 3.6900e-02      4.742    579.751    38.5834    38.5869     0.0036  1031.6431    29.0802  1031.6463    29.0828     0.0027     0.0027         69 0.0000e+00
   39.00138    0.60648    584.702    590.000    13.5148    13.5161     0.0014  45.509830  45.515149   0.005305    38.5815    38.5852     0.0036  1031.6658  1031.6683     0.0025     5.5785 5.2428e+02 1.0000e-12     0.2033 3.7147e-02      4.601    584.699    38.5813    38.5850     0.0036  1031.6656    29.0808  1031.6681    29.0834     0.0025     0.0025         99 0.0000e+00
   39.00139    0.60646    589.643    595.000    13.5071    13.5076     0.0004  45.502159  45.506394   0.004248    38.5797    38.5833     0.0036  1031.6880  1031.6906     0.0027     5.5836 5.2288e+02 1.0000e-12     0.2040 3.7333e-02      4.588    589.647    38.5795    38.5830     0.0036  1031.6878    29.0811  1031.6904    29.0838     0.0027     0.0027         95 0.0000e+00
   39.00140    0.60646    594.613    600.000    13.5001    13.5009     0.0009  45.495190  45.499875   0.004684    38.5780    38.5816     0.0036  1031.7102  1031.7128     0.0026     5.6053 5.2236e+02 1.0000e-12     0.2047 3.7343e-02      4.726    594.595    38.5777    38.5813     0.0036  1031.7099    29.0814  1031.7125    29.0840     0.0026     0.0026         72 0.0000e+00
   39.00142    0.60646    599.546    605.000    13.4841    13.4851     0.0010  45.476772  45.481653   0.004881    38.5745    38.5782     0.0036  1031.7330  1031.7356     0.0026     5.6243 5.2127e+02 1.0000e-12     0.2069 3.7311e-02      5.286    599.543    38.5740    38.5777     0.0036  1031.7326    29.0821  1031.7352    29.0847     0.0026     0.0026         70 0.0000e+00
   39.00143    0.60646    604.494    610.000    13.4788    13.4795     0.0007  45.472672  45.477146   0.004478    38.5736    38.5771     0.0036  1031.7553  1031.7579     0.0026     5.6304 5.2159e+02 1.0000e-12     0.2080 3.6701e-02      5.507    604.491    38.5733    38.5768     0.0036  1031.7551    29.0828  1031.7577    29.0854     0.0026     0.0026        100 0.0000e+00
   39.00144    0.60645    609.436    615.000    13.4742    13.4749     0.0006  45.469335  45.473781   0.004449    38.5727    38.5763     0.0036  1031.7776  1031.7802     0.0026     5.6246 5.2072e+02 1.0000e-12     0.2082 3.6558e-02      4.928    609.438    38.5725    38.5760     0.0036  1031.7774    29.0833  1031.7800    29.0859     0.0026     0.0026        101 0.0000e+00
   39.00145    0.60644    614.384    620.000    13.4728    13.4734     0.0006  45.469891  45.474284   0.004396    38.5724    38.5760     0.0036  1031.7996  1031.8022     0.0026     5.6250 5.1971e+02 1.0000e-12     0.2077 3.6833e-02      5.253    614.386    38.5723    38.5759     0.0036  1031.7995    29.0836  1031.8021    29.0863     0.0026     0.0026        111 0.0000e+00
   39.00146    0.60644    619.336    625.000    13.4672    13.4683     0.0011  45.465299  45.470293   0.004986    38.5715    38.5751     0.0036  1031.8221  1031.8246     0.0026     5.6184 5.1924e+02 1.0000e-12     0.2077 3.6995e-02      4.607    619.333    38.5713    38.5750     0.0036  1031.8219    29.0842  1031.8245    29.0868     0.0026     0.0026        100 0.0000e+00
   39.00146    0.60644    624.277    630.000    13.4633    13.4644     0.0010  45.462625  45.467515   0.004889    38.5706    38.5742     0.0036  1031.8441  1031.8467     0.0026     5.6236 5.1800e+02 1.0000e-12     0.2042 3.7187e-02      4.327    624.280    38.5705    38.5741     0.0036  1031.8441    29.0845  1031.8466    29.0871     0.0026     0.0026        121 0.0000e+00
   39.00148    0.60643    629.232    635.000    13.4484    13.4492     0.0008  45.445637  45.450208   0.004578    38.5676    38.5712     0.0036  1031.8671  1031.8697     0.0026     5.6286 5.1716e+02 1.0000e-12     0.2026 3.6879e-02      3.970    629.227    38.5671    38.5707     0.0036  1031.8667    29.0852  1031.8693    29.0878     0.0026     0.0026         72 0.0000e+00
   39.00148    0.60642    634.176    640.000    13.4353    13.4359     0.0007  45.431563  45.436035   0.004478    38.5652    38.5688     0.0036  1031.8900  1031.8927     0.0026     5.6353 5.1664e+02 1.0000e-12     0.2009 3.6978e-02      4.251    634.174    38.5647    38.5683     0.0036  1031.8897    29.0863  1031.8923    29.0889     0.0026     0.0026        118 0.0000e+00
