example data/IOW/P0009F01.cnv
* Sea-Bird SBE 9 Data File:
* FileName = F:\sbp\dat\P0009F01.hdr
* Software Version Seasave V 7.22.5
* Temperature SN = 2883 temp
* Conductivity SN = 1150 cond
* Number of Bytes Per Scan = 34
* Number of Voltage Words = 5
* Number of Scans Averaged by the Deck Unit = 1
* NMEA Latitude = 44 41.82 N
* NMEA Longitude = 031 27.38 E
* NMEA UTC (Time) = Nov 12 2013  03:41:34
* NMEA baud rate = 4800
** StationNr= 0009
** EinsatzNr= 0009
** SerieNr  = 01  Operator= Krueger
** StatBez  = MSM33/28 aus .eMission.
** Startzeit= 03:41:07 12-Nov-13
** GPS_Posn = 44 41.8229N 031 27.3851E
** Echolote =  m 153.2 m
** Luftdruck= 1023.7 hPa
** ThermoSal= 14.408 grdC 18.254 ppth
** WsStartID= 76
# nquan = 20
# nvalues = 615                         
# units = specified
# name 0 = depSM: Depth [salt water, m]
# name 1 = prDM: Pressure, Digiquartz [db]
# name 2 = c0mS/cm: Conductivity [mS/cm]
# name 3 = t090C: Temperature [ITS-90, deg C]
# name 4 = sal00: Salinity, Practical [PSU]
# name 5 = sbeox0ML/L: Oxygen, SBE 43 [ml/l]
# name 6 = svCM: Sound Velocity [Chen-Millero, m/s]
# name 7 = oxsatML/L: Oxygen Saturation, Weiss [ml/l]
# name 8 = altM: Altimeter [m]
# name 9 = spar: SPAR/Surface Irradiance
# name 10 = flECO-AFL: Fluorescence, WET Labs ECO-AFL/FL [mg/m^3]
# name 11 = turbWETntu0: Turbidity, WET Labs ECO [NTU]
# name 12 = nbf: Bottles Fired
# name 13 = latitude: Latitude [deg]
# name 14 = longitude: Longitude [deg]
# name 15 = timeS: Time, Elapsed [seconds]
# name 16 = scan: Scan Count
# name 17 = sigma-é00: Density [sigma-theta, kg/m^3]
# name 18 = flag: flag
# name 19 = nbin: number of scans per bin
# span 0 = 6.00000, 159.50000           
# span 1 = 5.94454, 160.76025           
# span 2 = 20.477365, 23.476246         
# span 3 = 7.8618, 14.4104              
# span 4 = 18.2338, 21.0718             
# span 5 = -0.01113, 6.64871            
# span 6 = 1462.90, 1485.61             
# span 7 = 6.38104, 7.35166             
# span 8 = 0.18381, 151.16043           
# span 9 = 0.0000e+00, 0.0000e+00       
# span 10 = 1.6421e-02, 4.2177e-01      
# span 11 = 0.41269, 1.36128            
# span 12 = 0, 0                        
# span 13 = 44.69700, 44.69700          
# span 14 = 31.45640, 31.45640          
# span 15 = 15.945, 1147.095            
# span 16 = 384, 27531                  
# span 17 = 13.2011, 16.2892            
# span 18 = 0.0000e+00, 0.0000e+00      
# span 19 = 7.0000, 3800.0000           
# interval = meters: 0.25                               
# start_time = Nov 12 2013 03:41:34 [NMEA time, header]
# bad_flag = -9.990e-29
*END*
[from data line 507]
  132.75000  133.77176  22.695245     8.4491    20.6025    0.15041    1468.62    7.17415   27.50097 0.0000e+00 5.4136e-02    1.31655          0   44.69700   31.45640    663.613      15928    15.9402 0.0000e+00    40.0000
  133.00000  134.02375  22.708536     8.4526    20.6132    0.15001    1468.66    7.17307   27.30331 0.0000e+00 5.3853e-02    1.31668          0   44.69700   31.45640    665.086      15963    15.9484 0.0000e+00    29.0000
  133.25000  134.27601  22.714762     8.4546    20.6182    0.14632    1468.67    7.17251   26.92739 0.0000e+00 4.7511e-02    1.33302          0   44.69700   31.45640    666.150      15989    15.9520 0.0000e+00    24.0000
  133.50000  134.52845  22.711860     8.4537    20.6158    0.14282    1468.67    7.17276   26.79499 0.0000e+00 5.8926e-02    1.35852          0   44.69700   31.45640    667.128      16012    15.9502 0.0000e+00    24.0000
  133.75000  134.78046  22.723518     8.4573    20.6251    0.13998    1468.70    7.17175   26.55408 0.0000e+00 5.0128e-02    1.35296          0   44.69700   31.45640    668.340      16041    15.9571 0.0000e+00    35.0000
  134.00000  135.03253  22.729970     8.4591    20.6304    0.13955    1468.72    7.17119   26.20351 0.0000e+00 4.8732e-02    1.35777          0   44.69700   31.45640    669.917      16079    15.9611 0.0000e+00    36.0000
  134.25000  135.28473  22.723360     8.4571    20.6254    0.13957    1468.71    7.17174   25.90812 0.0000e+00 4.0115e-02    1.36128          0   44.69700   31.45640    671.184      16109    15.9570 0.0000e+00    27.0000
  134.50000  135.53712  22.738991     8.4616    20.6375    0.13209    1468.74    7.17047   25.79147 0.0000e+00 4.9693e-02    1.35000          0   44.69700   31.45640    672.258      16135    15.9665 0.0000e+00    26.0000
  134.75000  135.78910  22.723283     8.4571    20.6248    0.12872    1468.72    7.17178   25.46062 0.0000e+00 7.3646e-02    1.35498          0   44.69700   31.45640    673.397      16163    15.9568 0.0000e+00    29.0000
  135.00000  136.04145  22.750303     8.4650    20.6470    0.12860    1468.78    7.16942   25.07707 0.0000e+00 5.0616e-02    1.35559          0   44.69700   31.45640    674.731      16195    15.9732 0.0000e+00    35.0000
  135.25000  136.29384  22.761581     8.4681    20.6560    0.12760    1468.81    7.16851   24.85095 0.0000e+00 6.2677e-02    1.35035          0   44.69700   31.45640    676.196      16230    15.9801 0.0000e+00    33.0000
  135.50000  136.54594  22.776475     8.4724    20.6685    0.11772    1468.84    7.16720   24.68085 0.0000e+00 4.2219e-02    1.35513          0   44.69700   31.45640    677.427      16259    15.9891 0.0000e+00    27.0000
  135.75000  136.79825  22.783545     8.4745    20.6738    0.11608    1468.86    7.16663   24.46060 0.0000e+00 4.6049e-02    1.34473          0   44.69700   31.45640    678.487      16285    15.9933 0.0000e+00    25.0000
  136.00000  137.05037  22.777779     8.4726    20.6697    0.11059    1468.85    7.16713   24.11444 0.0000e+00 5.0993e-02    1.34252          0   44.69700   31.45640    679.640      16312    15.9899 0.0000e+00    31.0000
  136.25000  137.30228  22.778949     8.4730    20.6701    0.10688    1468.86    7.16706   23.88312 0.0000e+00 5.7082e-02    1.33385          0   44.69700   31.45640    681.029      16346    15.9905 0.0000e+00    34.0000
  136.50000  137.55446  22.786645     8.4754    20.6763    0.10691    1468.88    7.16638   23.67191 0.0000e+00 6.4250e-02    1.33009          0   44.69700   31.45640    682.372      16378    15.9951 0.0000e+00    30.0000
  136.75000  137.80694  22.806538     8.4809    20.6928    0.10690    1468.93    7.16468   23.55948 0.0000e+00 6.6368e-02    1.31646          0   44.69700   31.45640    683.553      16406    16.0072 0.0000e+00    28.0000
  137.00000  138.05920  22.800709     8.4796    20.6874    0.10138    1468.92    7.16517   23.13136 0.0000e+00 5.6894e-02    1.31645          0   44.69700   31.45640    684.776      16436    16.0035 0.0000e+00    31.0000
  137.25000  138.31139  22.800480     8.4793    20.6873    0.09593    1468.92    7.16519   22.90013 0.0000e+00 5.5344e-02    1.31919          0   44.69700   31.45640    686.113      16468    16.0033 0.0000e+00    32.0000
  137.50000  138.56387  22.811300     8.4829    20.6960    0.09591    1468.95    7.16422   22.61993 0.0000e+00 5.7821e-02    1.31437          0   44.69700   31.45640    687.396      16499    16.0096 0.0000e+00    30.0000
  137.75000  138.81600  22.882309     8.5022    20.7539    0.08577    1469.10    7.15842   22.37659 0.0000e+00 6.0267e-02    1.23877          0   44.69700   31.45640    688.564      16527    16.0535 0.0000e+00    27.0000
  138.00000  139.06801  22.942140     8.5208    20.8003    0.07201    1469.23    7.15326   22.17040 0.0000e+00 6.1482e-02    1.09057          0   44.69700   31.45640    689.780      16556    16.0890 0.0000e+00    31.0000
  138.25000  139.32037  22.899198     8.5081    20.7686    0.06222    1469.15    7.15662   21.87097 0.0000e+00 5.5226e-02    1.09989          0   44.69700   31.45640    691.110      16588    16.0631 0.0000e+00    31.0000
  138.50000  139.57251  22.869345     8.4997    20.7417    0.05257    1469.08    7.15946   21.64849 0.0000e+00 5.1741e-02    1.12530          0   44.69700   31.45640    692.317      16617    16.0447 0.0000e+00    28.0000
  138.75000  139.82460  22.903410     8.5092    20.7714    0.05303    1469.16    7.15640   21.34062 0.0000e+00 6.6124e-02    1.11201          0   44.69700   31.45640    693.458      16644    16.0656 0.0000e+00    28.0000
  139.00000  140.07673  22.899926     8.5082    20.7686    0.05261    1469.16    7.15666   21.03453 0.0000e+00 5.9634e-02    1.10107          0   44.69700   31.45640    694.698      16674    16.0634 0.0000e+00    32.0000
  139.25000  140.32891  22.858500     8.4968    20.7334    0.05260    1469.08    7.16024   20.80161 0.0000e+00 5.0270e-02    1.12419          0   44.69700   31.45640    696.124      16708    16.0378 0.0000e+00    35.0000
  139.50000  140.58132  22.974469     8.5293    20.8298    0.04962    1469.33    7.15034   20.55928 0.0000e+00 5.8488e-02    1.08954          0   44.69700   31.45640    697.512      16741    16.1088 0.0000e+00    30.0000
  139.75000  140.83376  23.005274     8.5374    20.8554    0.04076    1469.40    7.14782   20.28590 0.0000e+00 5.7329e-02    1.00926          0   44.69700   31.45640    698.609      16768    16.1279 0.0000e+00    24.0000
  140.00000  141.08597  23.012630     8.5391    20.8617    0.03023    1469.41    7.14724   20.04931 0.0000e+00 6.9907e-02    0.89780          0   44.69700   31.45640    699.653      16793    16.1325 0.0000e+00    27.0000
  140.25000  141.33796  23.017428     8.5403    20.8658    0.02172    1469.43    7.14685   19.78117 0.0000e+00 6.3714e-02    0.84309          0   44.69700   31.45640    700.974      16824    16.1355 0.0000e+00    37.0000
  140.50000  141.59023  23.018127     8.5405    20.8665    0.01730    1469.43    7.14680   19.56907 0.0000e+00 4.7235e-02    0.80492          0   44.69700   31.45640    702.464      16860    16.1359 0.0000e+00    32.0000
  140.75000  141.84229  23.014786     8.5397    20.8636    0.01046    1469.43    7.14705   19.29604 0.0000e+00 5.9062e-02    0.79948          0   44.69700   31.45640    703.633      16888    16.1337 0.0000e+00    25.0000
  141.00000  142.09454  23.012843     8.5392    20.8620    0.00964    1469.43    7.14721   19.03950 0.0000e+00 5.7802e-02    0.79083          0   44.69700   31.45640    704.657      16913    16.1325 0.0000e+00    25.0000
  141.25000  142.34672  23.014321     8.5396    20.8633    0.00921    1469.44    7.14710   18.83775 0.0000e+00 5.6623e-02    0.78839          0   44.69700   31.45640    705.872      16942    16.1333 0.0000e+00    34.0000
  141.50000  142.59916  23.014933     8.5398    20.8637    0.00920    1469.44    7.14705   18.58816 0.0000e+00 5.6857e-02    0.78391          0   44.69700   31.45640    707.393      16978    16.1336 0.0000e+00    37.0000
  141.75000  142.85114  23.015528     8.5399    20.8642    0.00920    1469.45    7.14698   18.34076 0.0000e+00 7.5058e-02    0.78649          0   44.69700   31.45640    708.753      17011    16.1339 0.0000e+00    28.0000
  142.00000  143.10374  23.017376     8.5403    20.8658    0.00920    1469.46    7.14685   18.16268 0.0000e+00 7.2423e-02    0.78565          0   44.69700   31.45640    709.841      17037    16.1351 0.0000e+00    25.0000
  142.25000  143.35565  23.024030     8.5419    20.8713    0.00920    1469.47    7.14634   17.87370 0.0000e+00 6.2366e-02    0.77921          0   44.69700   31.45640    710.920      17063    16.1393 0.0000e+00    28.0000
  142.50000  143.60816  23.033959     8.5441    20.8797    0.00920    1469.50    7.14559   17.56196 0.0000e+00 6.5739e-02    0.77190          0   44.69700   31.45640    712.245      17095    16.1456 0.0000e+00    35.0000
  142.75000  143.86028  23.041284     8.5458    20.8860    0.00887    1469.51    7.14502   17.33121 0.0000e+00 5.8752e-02    0.76288          0   44.69700   31.45640    713.693      17130    16.1502 0.0000e+00    33.0000
  143.00000  144.11228  23.052187     8.5482    20.8953    0.00920    1469.54    7.14419   17.13150 0.0000e+00 6.1325e-02    0.74893          0   44.69700   31.45640    714.876      17158    16.1572 0.0000e+00    25.0000
  143.25000  144.36464  23.057601     8.5495    20.8999    0.00877    1469.55    7.14376   16.86008 0.0000e+00 6.1899e-02    0.72583          0   44.69700   31.45640    715.901      17183    16.1606 0.0000e+00    25.0000
  143.50000  144.61680  23.061728     8.5504    20.9033    0.00659    1469.57    7.14344   16.62425 0.0000e+00 5.9854e-02    0.69426          0   44.69700   31.45640    717.136      17212    16.1633 0.0000e+00    36.0000
  143.75000  144.86888  23.063252     8.5508    20.9045    0.00837    1469.57    7.14332   16.38080 0.0000e+00 6.7796e-02    0.67986          0   44.69700   31.45640    718.743      17251    16.1641 0.0000e+00    36.0000
  144.00000  145.12144  23.063123     8.5508    20.9045    0.00921    1469.58    7.14334   16.21104 0.0000e+00 6.2169e-02    0.66619          0   44.69700   31.45640    719.948      17280    16.1640 0.0000e+00    24.0000
  144.25000  145.37344  23.064378     8.5510    20.9054    0.00704    1469.58    7.14325   15.94036 0.0000e+00 5.9576e-02    0.66120          0   44.69700   31.45640    720.958      17304    16.1648 0.0000e+00    25.0000
  144.50000  145.62564  23.065252     8.5513    20.9061    0.00745    1469.59    7.14320   15.63175 0.0000e+00 6.4244e-02    0.65964          0   44.69700   31.45640    722.106      17332    16.1652 0.0000e+00    31.0000
  144.75000  145.87801  23.067765     8.5518    20.9083    0.00699    1469.60    7.14301   15.31391 0.0000e+00 6.8329e-02    0.65219          0   44.69700   31.45640    723.557      17366    16.1668 0.0000e+00    39.0000
  145.00000  146.12994  23.071399     8.5527    20.9113    0.00231    1469.61    7.14274   15.02284 0.0000e+00 6.1154e-02    0.64546          0   44.69700   31.45640    725.058      17402    16.1691 0.0000e+00    29.0000
  145.25000  146.38185  23.075681     8.5536    20.9149    0.00135    1469.62    7.14242   14.83507 0.0000e+00 6.8818e-02    0.64589          0   44.69700   31.45640    726.057      17426    16.1718 0.0000e+00    22.0000
  145.50000  146.63395  23.081511     8.5550    20.9198    0.00802    1469.64    7.14194   14.63827 0.0000e+00 6.1882e-02    0.63541          0   44.69700   31.45640    726.982      17449    16.1754 0.0000e+00    24.0000
  145.75000  146.88651  23.088182     8.5566    20.9253    0.00426    1469.65    7.14142   14.37041 0.0000e+00 6.5024e-02    0.62583          0   44.69700   31.45640    728.366      17482    16.1796 0.0000e+00    44.0000
  146.00000  147.13879  23.091281     8.5573    20.9280    0.00613    1469.66    7.14120   14.05446 0.0000e+00 6.4316e-02    0.61124          0   44.69700   31.45640    730.151      17525    16.1816 0.0000e+00    34.0000
  146.25000  147.39109  23.095231     8.5582    20.9312    0.00544    1469.68    7.14089   13.89533 0.0000e+00 5.5497e-02    0.60002          0   44.69700   31.45640    731.252      17551    16.1840 0.0000e+00    23.0000
  146.50000  147.64349  23.096265     8.5584    20.9321    0.00119    1469.68    7.14081   13.58648 0.0000e+00 6.5058e-02    0.58739          0   44.69700   31.45640    732.209      17574    16.1847 0.0000e+00    24.0000
  146.75000  147.89551  23.098293     8.5589    20.9337    0.00078    1469.69    7.14065   13.32963 0.0000e+00 7.1119e-02    0.58121          0   44.69700   31.45640    733.346      17601    16.1859 0.0000e+00    32.0000
  147.00000  148.14765  23.108245     8.5611    20.9422    0.00139    1469.71    7.13989   13.05965 0.0000e+00 5.8206e-02    0.57812          0   44.69700   31.45640    734.935      17639    16.1922 0.0000e+00    40.0000
  147.25000  148.39978  23.121025     8.5639    20.9531    0.00855    1469.74    7.13894   12.87884 0.0000e+00 6.0807e-02    0.57174          0   44.69700   31.45640    736.291      17672    16.2005 0.0000e+00    25.0000
  147.50000  148.65252  23.129004     8.5657    20.9601    0.00085    1469.76    7.13831   12.60966 0.0000e+00 5.1240e-02    0.56217          0   44.69700   31.45640    737.225      17694    16.2056 0.0000e+00    21.0000
  147.75000  148.90411  23.136574     8.5674    20.9663    0.00049    1469.78    7.13777   12.38168 0.0000e+00 7.2957e-02    0.55633          0   44.69700   31.45640    738.165      17717    16.2104 0.0000e+00    26.0000
  148.00000  149.15639  23.139115     8.5680    20.9684   -0.00015    1469.79    7.13756   12.05243 0.0000e+00 6.7002e-02    0.55114          0   44.69700   31.45640    739.649      17753    16.2119 0.0000e+00    45.0000
  148.25000  149.40891  23.141980     8.5687    20.9708    0.00066    1469.80    7.13733   11.82064 0.0000e+00 7.0133e-02    0.54112          0   44.69700   31.45640    741.264      17791    16.2137 0.0000e+00    29.0000
  148.50000  149.66111  23.143251     8.5689    20.9719   -0.00157    1469.80    7.13724   11.64511 0.0000e+00 5.8356e-02    0.53364          0   44.69700   31.45640    742.257      17815    16.2145 0.0000e+00    22.0000
  148.75000  149.91347  23.146164     8.5695    20.9743    0.00123    1469.81    7.13704   11.37462 0.0000e+00 6.1528e-02    0.52799          0   44.69700   31.45640    743.243      17839    16.2163 0.0000e+00    26.0000
  149.00000  150.16566  23.146756     8.5698    20.9747    0.00335    1469.82    7.13699   11.06434 0.0000e+00 6.0899e-02    0.52464          0   44.69700   31.45640    744.603      17871    16.2166 0.0000e+00    39.0000
  149.25000  150.41790  23.153315     8.5711    20.9804   -0.00167    1469.83    7.13650   10.85757 0.0000e+00 5.8751e-02    0.51935          0   44.69700   31.45640    746.082      17907    16.2208 0.0000e+00    30.0000
  149.50000  150.67012  23.161836     8.5730    20.9876   -0.00160    1469.86    7.13584   10.58252 0.0000e+00 5.9939e-02    0.52330          0   44.69700   31.45640    747.214      17934    16.2262 0.0000e+00    26.0000
  149.75000  150.92207  23.161354     8.5729    20.9871   -0.00160    1469.86    7.13590   10.39424 0.0000e+00 5.8181e-02    0.51614          0   44.69700   31.45640    748.309      17960    16.2259 0.0000e+00    27.0000
  150.00000  151.17441  23.159162     8.5725    20.9851    0.00289    1469.86    7.13605   10.07142 0.0000e+00 5.6680e-02    0.52212          0   44.69700   31.45640    749.557      17990    16.2244 0.0000e+00    33.0000
  150.25000  151.42664  23.158912     8.5724    20.9849   -0.00027    1469.86    7.13608    9.78922 0.0000e+00 5.7624e-02    0.52159          0   44.69700   31.45640    750.944      18024    16.2242 0.0000e+00    32.0000
  150.50000  151.67896  23.164402     8.5736    20.9896   -0.00123    1469.88    7.13567    9.59263 0.0000e+00 5.6915e-02    0.51960          0   44.69700   31.45640    752.207      18054    16.2277 0.0000e+00    29.0000
