example data/IOW/P0009F01.cnv
* Sea-Bird SBE 9 Data File:
* FileName = F:\sbp\dat\P0009F01.hdr
* Software Version Seasave V 7.22.5
* Temperature SN = 2883 temp
* Conductivity SN = 1150 cond
* Number of Bytes Per Scan = 34
* Number of Voltage Words = 5
* Number of Scans Averaged by the Deck Unit = 1
* NMEA Latitude = 44 41.82 N
* NMEA Longitude = 031 27.38 E
* NMEA UTC (Time) = Nov 12 2013  03:41:34
* NMEA baud rate = 4800
** StationNr= 0009
** EinsatzNr= 0009
** SerieNr  = 01  Operator= Krueger
** StatBez  = MSM33/28 aus .eMission.
** Startzeit= 03:41:07 12-Nov-13
** GPS_Posn = 44 41.8229N 031 27.3851E
** Echolote =  m 153.2 m
** Luftdruck= 1023.7 hPa
** ThermoSal= 14.408 grdC 18.254 ppth
** WsStartID= 76
# nquan = 20
# nvalues = 615                         
# units = specified
# name 0 = depSM: Depth [salt water, m]
# name 1 = prDM: Pressure, Digiquartz [db]
# name 2 = c0mS/cm: Conductivity [mS/cm]
# name 3 = t090C: Temperature [ITS-90, deg C]
# name 4 = sal00: Salinity, Practical [PSU]
# name 5 = sbeox0ML/L: Oxygen, SBE 43 [ml/l]
# name 6 = svCM: Sound Velocity [Chen-Millero, m/s]
# name 7 = oxsatML/L: Oxygen Saturation, Weiss [ml/l]
# name 8 = altM: Altimeter [m]
# name 9 = spar: SPAR/Surface Irradiance
# name 10 = flECO-AFL: Fluorescence, WET Labs ECO-AFL/FL [mg/m^3]
# name 11 = turbWETntu0: Turbidity, WET Labs ECO [NTU]
# name 12 = nbf: Bottles Fired
# name 13 = latitude: Latitude [deg]
# name 14 = longitude: Longitude [deg]
# name 15 = timeS: Time, Elapsed [seconds]
# name 16 = scan: Scan Count
# name 17 = sigma-é00: Density [sigma-theta, kg/m^3]
# name 18 = flag: flag
# name 19 = nbin: number of scans per bin
# span 0 = 6.00000, 159.50000           
# span 1 = 5.94454, 160.76025           
# span 2 = 20.477365, 23.476246         
# span 3 = 7.8618, 14.4104              
# span 4 = 18.2338, 21.0718             
# span 5 = -0.01113, 6.64871            
# span 6 = 1462.90, 1485.61             
# span 7 = 6.38104, 7.35166             
# span 8 = 0.18381, 151.16043           
# span 9 = 0.0000e+00, 0.0000e+00       
# span 10 = 1.6421e-02, 4.2177e-01      
# span 11 = 0.41269, 1.36128            
# span 12 = 0, 0                        
# span 13 = 44.69700, 44.69700          
# span 14 = 31.45640, 31.45640          
# span 15 = 15.945, 1147.095            
# span 16 = 384, 27531                  
# span 17 = 13.2011, 16.2892            
# span 18 = 0.0000e+00, 0.0000e+00      
# span 19 = 7.0000, 3800.0000           
# interval = meters: 0.25                               
# start_time = Nov 12 2013 03:41:34 [NMEA time, header]
# bad_flag = -9.990e-29
*END*
[from data line 580]
  151.00000  152.18361  23.167983     8.5743    20.9925   -0.00126    1469.89    7.13540    9.05363 0.0000e+00 5.8996e-02    0.52157          0   44.69700   31.45640    754.667      18113    16.2299 0.0000e+00    32.0000
  151.25000  152.43564  23.168879     8.5745    20.9932   -0.00016    1469.90    7.13534    8.79442 0.0000e+00 6.0253e-02    0.51747          0   44.69700   31.45640    755.982      18145    16.2304 0.0000e+00    30.0000
  151.50000  152.68768  23.170556     8.5750    20.9946    0.00104    1469.90    7.13522    8.55971 0.0000e+00 6.3678e-02    0.51925          0   44.69700   31.45640    757.294      18176    16.2314 0.0000e+00    36.0000
  151.75000  152.93983  23.170559     8.5750    20.9945   -0.00150    1469.91    7.13522    8.28780 0.0000e+00 6.4833e-02    0.52194          0   44.69700   31.45640    759.401      18227    16.2313 0.0000e+00    66.0000
  152.00000  153.19213  23.170477     8.5749    20.9944   -0.00160    1469.91    7.13521    8.04603 0.0000e+00 5.7009e-02    0.52109          0   44.69700   31.45640    761.861      18286    16.2312 0.0000e+00    49.0000
  152.25000  153.44433  23.170067     8.5748    20.9940   -0.00099    1469.91    7.13526    7.80319 0.0000e+00 6.3649e-02    0.52427          0   44.69700   31.45640    764.280      18344    16.2309 0.0000e+00    69.0000
  152.50000  153.69686  23.170166     8.5748    20.9940   -0.00161    1469.92    7.13526    7.50169 0.0000e+00 5.7230e-02    0.51930          0   44.69700   31.45640    766.930      18407    16.2309 0.0000e+00    53.0000
  152.75000  153.94886  23.171495     8.5751    20.9951   -0.00128    1469.93    7.13516    7.30150 0.0000e+00 6.1508e-02    0.52225          0   44.69700   31.45640    769.177      18461    16.2317 0.0000e+00    64.0000
  153.00000  154.20116  23.171916     8.5752    20.9953   -0.00161    1469.93    7.13513    7.04066 0.0000e+00 6.2079e-02    0.51858          0   44.69700   31.45640    771.943      18528    16.2319 0.0000e+00    57.0000
  153.25000  154.45340  23.172891     8.5754    20.9961   -0.00142    1469.94    7.13505    6.80080 0.0000e+00 6.4733e-02    0.52270          0   44.69700   31.45640    774.179      18581    16.2325 0.0000e+00    59.0000
  153.50000  154.70549  23.173133     8.5755    20.9962   -0.00161    1469.94    7.13503    6.48627 0.0000e+00 5.5545e-02    0.52164          0   44.69700   31.45640    776.970      18648    16.2326 0.0000e+00    65.0000
  153.75000  154.95780  23.173732     8.5756    20.9967   -0.00160    1469.95    7.13498    6.27298 0.0000e+00 5.5405e-02    0.52007          0   44.69700   31.45640    779.299      18704    16.2329 0.0000e+00    56.0000
  154.00000  155.20995  23.177952     8.5766    21.0002   -0.00160    1469.96    7.13468    6.07153 0.0000e+00 5.7709e-02    0.52358          0   44.69700   31.45640    781.733      18763    16.2356 0.0000e+00    61.0000
  154.25000  155.46243  23.180914     8.5773    21.0026   -0.00160    1469.97    7.13445    5.80743 0.0000e+00 6.6110e-02    0.52309          0   44.69700   31.45640    784.553      18830    16.2374 0.0000e+00    62.0000
  154.50000  155.71483  23.182467     8.5777    21.0039   -0.00160    1469.98    7.13432    5.58970 0.0000e+00 6.9844e-02    0.52178          0   44.69700   31.45640    786.580      18879    16.2383 0.0000e+00    51.0000
  154.75000  155.96659  23.183302     8.5778    21.0046   -0.00160    1469.98    7.13428    5.26261 0.0000e+00 6.2004e-02    0.52558          0   44.69700   31.45640    789.616      18952    16.2388 0.0000e+00    73.0000
  155.00000  156.21887  23.186048     8.5785    21.0068   -0.00052    1469.99    7.13406    5.04197 0.0000e+00 5.5429e-02    0.52352          0   44.69700   31.45640    791.573      18999    16.2405 0.0000e+00    39.0000
  155.25000  156.47135  23.190403     8.5794    21.0105   -0.00175    1470.00    7.13375    4.73182 0.0000e+00 6.9450e-02    0.51842          0   44.69700   31.45640    794.530      19070    16.2433 0.0000e+00    84.0000
  155.50000  156.72323  23.203833     8.5824    21.0219   -0.00160    1470.03    7.13273    4.56532 0.0000e+00 6.6458e-02    0.51512          0   44.69700   31.45640    796.549      19118    16.2519 0.0000e+00    33.0000
  155.75000  156.97564  23.206362     8.5830    21.0240   -0.00160    1470.04    7.13253    4.20548 0.0000e+00 5.9509e-02    0.51715          0   44.69700   31.45640    799.432      19187    16.2535 0.0000e+00    88.0000
  156.00000  157.22808  23.215049     8.5849    21.0314   -0.00160    1470.06    7.13187    4.06232 0.0000e+00 5.8490e-02    0.51813          0   44.69700   31.45640    801.764      19243    16.2590 0.0000e+00    41.0000
  156.25000  157.48020  23.226287     8.5872    21.0411   -0.00160    1470.09    7.13106    3.67918 0.0000e+00 5.9714e-02    0.51537          0   44.69700   31.45640    804.303      19304    16.2663 0.0000e+00    76.0000
  156.50000  157.73226  23.233294     8.5890    21.0469   -0.00160    1470.11    7.13050    3.47525 0.0000e+00 6.8096e-02    0.50960          0   44.69700   31.45640    806.763      19363    16.2706 0.0000e+00    46.0000
  156.75000  157.98452  23.237693     8.5899    21.0507   -0.00160    1470.12    7.13016    3.18957 0.0000e+00 5.8519e-02    0.50394          0   44.69700   31.45640    809.417      19427    16.2734 0.0000e+00    77.0000
  157.00000  158.23691  23.242233     8.5910    21.0545   -0.00160    1470.13    7.12981    2.97232 0.0000e+00 6.6400e-02    0.49689          0   44.69700   31.45640    811.860      19486    16.2762 0.0000e+00    42.0000
  157.25000  158.48913  23.244366     8.5915    21.0563   -0.00160    1470.14    7.12966    2.65418 0.0000e+00 7.0007e-02    0.49270          0   44.69700   31.45640    814.222      19542    16.2776 0.0000e+00    75.0000
  157.50000  158.74154  23.255279     8.5939    21.0655   -0.00160    1470.16    7.12882    2.42699 0.0000e+00 6.2022e-02    0.48671          0   44.69700   31.45640    816.932      19607    16.2845 0.0000e+00    51.0000
  157.75000  158.99338  23.259816     8.5949    21.0692   -0.00160    1470.18    7.12848    2.20747 0.0000e+00 7.2535e-02    0.48257          0   44.69700   31.45640    819.213      19662    16.2874 0.0000e+00    59.0000
  158.00000  159.24574  23.258291     8.5946    21.0679   -0.00160    1470.18    7.12860    1.94505 0.0000e+00 6.8038e-02    0.49283          0   44.69700   31.45640    821.755      19723    16.2863 0.0000e+00    69.0000
  158.25000  159.49809  23.260486     8.5951    21.0698   -0.00160    1470.19    7.12844    1.72598 0.0000e+00 6.4764e-02    0.48656          0   44.69700   31.45640    824.525      19790    16.2877 0.0000e+00    51.0000
  158.50000  159.75010  23.261781     8.5958    21.0706   -0.00160    1470.19    7.12828    1.29609 0.0000e+00 6.5343e-02    0.49171          0   44.69700   31.45640    833.913      20015    16.2883 0.0000e+00   391.0000
  158.75000  160.00256  23.262928     8.5956    21.0718   -0.00160    1470.20    7.12825    1.00796 0.0000e+00 6.5428e-02    0.49734          0   44.69700   31.45640    846.725      20322    16.2892 0.0000e+00   265.0000
  159.00000  160.25461  23.259397     8.5949    21.0686   -0.00225    1470.20    7.12851    0.69691 0.0000e+00 7.1843e-02    0.49046          0   44.69700   31.45640    937.476      22500    16.2868 0.0000e+00  3800.0000
  159.25000  160.50687  23.261591     8.5954    21.0704   -0.00725    1470.20    7.12835    0.40897 0.0000e+00 5.5755e-02    0.48177          0   44.69700   31.45640   1094.935      26279    16.2882 0.0000e+00   890.0000
  159.50000  160.76025  23.260417     8.5950    21.0694   -0.01113    1470.21    7.12847    0.18381 0.0000e+00 6.4271e-02    0.51943          0   44.69700   31.45640   1147.095      27531    16.2874 0.0000e+00     7.0000
