example data/IOW/P0009F01.cnv
* Sea-Bird SBE 9 Data File:
* FileName = F:\sbp\dat\P0009F01.hdr
* Software Version Seasave V 7.22.5
* Temperature SN = 2883 temp
* Conductivity SN = 1150 cond
* Number of Bytes Per Scan = 34
* Number of Voltage Words = 5
* Number of Scans Averaged by the Deck Unit = 1
* NMEA Latitude = 44 41.82 N
* NMEA Longitude = 031 27.38 E
* NMEA UTC (Time) = Nov 12 2013  03:41:34
* NMEA baud rate = 4800
** StationNr= 0009
** EinsatzNr= 0009
** SerieNr  = 01  Operator= Krueger
** StatBez  = MSM33/28 aus .eMission.
** Startzeit= 03:41:07 12-Nov-13
** GPS_Posn = 44 41.8229N 031 27.3851E
** Echolote =  m 153.2 m
** Luftdruck= 1023.7 hPa
** ThermoSal= 14.408 grdC 18.254 ppth
** WsStartID= 76
# nquan = 20
# nvalues = 615                         
# units = specified
# name 0 = depSM: Depth [salt water, m]
# name 1 = prDM: Pressure, Digiquartz [db]
# name 2 = c0mS/cm: Conductivity [mS/cm]
# name 3 = t090C: Temperature [ITS-90, deg C]
# name 4 = sal00: Salinity, Practical [PSU]
# name 5 = sbeox0ML/L: Oxygen, SBE 43 [ml/l]
# name 6 = svCM: Sound Velocity [Chen-Millero, m/s]
# name 7 = oxsatML/L: Oxygen Saturation, Weiss [ml/l]
# name 8 = altM: Altimeter [m]
# name 9 = spar: SPAR/Surface Irradiance
# name 10 = flECO-AFL: Fluorescence, WET Labs ECO-AFL/FL [mg/m^3]
# name 11 = turbWETntu0: Turbidity, WET Labs ECO [NTU]
# name 12 = nbf: Bottles Fired
# name 13 = latitude: Latitude [deg]
# name 14 = longitude: Longitude [deg]
# name 15 = timeS: Time, Elapsed [seconds]
# name 16 = scan: Scan Count
# name 17 = sigma-é00: Density [sigma-theta, kg/m^3]
# name 18 = flag: flag
# name 19 = nbin: number of scans per bin
# span 0 = 6.00000, 159.50000           
# span 1 = 5.94454, 160.76025           
# span 2 = 20.477365, 23.476246         
# span 3 = 7.8618, 14.4104              
# span 4 = 18.2338, 21.0718             
# span 5 = -0.01113, 6.64871            
# span 6 = 1462.90, 1485.61             
# span 7 = 6.38104, 7.35166             
# span 8 = 0.18381, 151.16043           
# span 9 = 0.0000e+00, 0.0000e+00       
# span 10 = 1.6421e-02, 4.2177e-01      
# span 11 = 0.41269, 1.36128            
# span 12 = 0, 0                        
# span 13 = 44.69700, 44.69700          
# span 14 = 31.45640, 31.45640          
# span 15 = 15.945, 1147.095            
# span 16 = 384, 27531                  
# span 17 = 13.2011, 16.2892            
# span 18 = 0.0000e+00, 0.0000e+00      
# span 19 = 7.0000, 3800.0000           
# interval = meters: 0.25                               
# start_time = Nov 12 2013 03:41:34 [NMEA time, header]
# bad_flag = -9.990e-29
*END*
    6.00000    5.94454  23.470023    14.4042    18.2368    6.44049    1485.34    6.38187  120.41277 0.0000e+00 2.8637e-01    0.46429          0   44.69700   31.45640     15.945        384    13.2020 0.0000e+00   710.0000
    6.25000    6.19658  23.470044    14.4042    18.2368    6.44113    1485.34    6.38188  123.29264 0.0000e+00 2.8241e-01    0.46385          0   44.69700   31.45640     29.884        718    13.2019 0.0000e+00    17.0000
    6.50000    6.44872  23.470124    14.4042    18.2368    6.44125    1485.35    6.38188  131.23317 0.0000e+00 2.7295e-01    0.46274          0   44.69700   31.45640     30.678        737    13.2020 0.0000e+00    19.0000
    6.75000    6.70098  23.471208    14.4062    18.2367    6.44137    1485.36    6.38161  129.10957 0.0000e+00 2.7584e-01    0.46556          0   44.69700   31.45640     31.517        757    13.2016 0.0000e+00    23.0000
    7.00000    6.95274  23.471253    14.4059    18.2369    6.44155    1485.36    6.38165  126.91334 0.0000e+00 2.8945e-01    0.46188          0   44.69700   31.45640     32.671        785    13.2017 0.0000e+00    34.0000
    7.25000    7.20464  23.471098    14.4056    18.2368    6.44189    1485.36    6.38171  135.69222 0.0000e+00 2.8379e-01    0.47353          0   44.69700   31.45640     34.233        823    13.2018 0.0000e+00    36.0000
    7.50000    7.45692  23.471227    14.4058    18.2368    6.44193    1485.37    6.38169  122.75160 0.0000e+00 2.8880e-01    0.46648          0   44.69700   31.45640     35.516        853    13.2017 0.0000e+00    27.0000
    7.75000    7.70888  23.471368    14.4058    18.2369    6.44218    1485.37    6.38168  135.85320 0.0000e+00 2.8006e-01    0.46089          0   44.69700   31.45640     36.563        879    13.2017 0.0000e+00    25.0000
    8.00000    7.96127  23.471356    14.4056    18.2369    6.44238    1485.38    6.38170  134.06243 0.0000e+00 2.7199e-01    0.46508          0   44.69700   31.45640     37.657        905    13.2018 0.0000e+00    27.0000
    8.25000    8.21308  23.472263    14.4071    18.2368    6.44242    1485.39    6.38149  127.74048 0.0000e+00 2.8933e-01    0.47477          0   44.69700   31.45640     38.867        934    13.2015 0.0000e+00    32.0000
    8.50000    8.46507  23.471890    14.4062    18.2369    6.44281    1485.39    6.38160  128.54335 0.0000e+00 2.7282e-01    0.46514          0   44.69700   31.45640     40.477        972    13.2017 0.0000e+00    42.0000
    8.75000    8.71693  23.472480    14.4073    18.2368    6.44302    1485.39    6.38146  133.48984 0.0000e+00 2.6561e-01    0.46003          0   44.69700   31.45640     41.873       1006    13.2015 0.0000e+00    25.0000
    9.00000    8.96910  23.472948    14.4080    18.2368    6.44320    1485.40    6.38137  121.20134 0.0000e+00 2.7122e-01    0.46269          0   44.69700   31.45640     42.797       1028    13.2014 0.0000e+00    22.0000
    9.25000    9.22128  23.472388    14.4068    18.2369    6.44138    1485.40    6.38153  130.63143 0.0000e+00 2.6148e-01    0.45746          0   44.69700   31.45640     43.875       1054    13.2016 0.0000e+00    32.0000
    9.50000    9.47327  23.472369    14.4066    18.2369    6.44215    1485.40    6.38156  120.82715 0.0000e+00 3.1747e-01    0.47193          0   44.69700   31.45640     45.546       1094    13.2016 0.0000e+00    42.0000
    9.75000    9.72527  23.472578    14.4069    18.2369    6.44072    1485.41    6.38151  109.00681 0.0000e+00 3.0280e-01    0.46747          0   44.69700   31.45640     46.923       1127    13.2016 0.0000e+00    27.0000
   10.00000    9.97737  23.472579    14.4067    18.2369    6.44390    1485.42    6.38153  109.66825 0.0000e+00 2.8062e-01    0.46229          0   44.69700   31.45640     47.956       1152    13.2016 0.0000e+00    24.0000
   10.25000   10.22966  23.472415    14.4064    18.2369    6.44382    1485.42    6.38158  128.76463 0.0000e+00 2.7332e-01    0.46571          0   44.69700   31.45640     49.021       1178    13.2017 0.0000e+00    28.0000
   10.50000   10.48179  23.473055    14.4074    18.2368    6.44448    1485.42    6.38145  129.65999 0.0000e+00 2.7101e-01    0.46917          0   44.69700   31.45640     50.370       1210    13.2015 0.0000e+00    36.0000
   10.75000   10.73409  23.473127    14.4075    18.2368    6.44467    1485.43    6.38143  135.20034 0.0000e+00 2.8112e-01    0.45587          0   44.69700   31.45640     51.873       1246    13.2015 0.0000e+00    33.0000
   11.00000   10.98558  23.472877    14.4068    18.2369    6.44483    1485.43    6.38150  135.77797 0.0000e+00 2.6901e-01    0.45722          0   44.69700   31.45640     53.061       1274    13.2016 0.0000e+00    26.0000
   11.25000   11.23778  23.473360    14.4074    18.2369    6.44494    1485.44    6.38145  139.00862 0.0000e+00 2.6899e-01    0.46649          0   44.69700   31.45640     54.113       1300    13.2016 0.0000e+00    26.0000
   11.50000   11.48970  23.473619    14.4077    18.2370    6.44511    1485.44    6.38143  136.21968 0.0000e+00 2.7567e-01    0.46020          0   44.69700   31.45640     55.404       1331    13.2016 0.0000e+00    36.0000
   11.75000   11.74200  23.473906    14.4082    18.2369    6.44235    1485.45    6.38133  108.43817 0.0000e+00 2.7632e-01    0.48050          0   44.69700   31.45640     56.958       1368    13.2015 0.0000e+00    35.0000
   12.00000   11.99394  23.474160    14.4086    18.2369    6.43721    1485.45    6.38128  126.59433 0.0000e+00 2.5286e-01    0.46168          0   44.69700   31.45640     58.176       1397    13.2014 0.0000e+00    26.0000
   12.25000   12.24613  23.474421    14.4088    18.2370    6.43630    1485.46    6.38127  127.60254 0.0000e+00 2.5820e-01    0.45834          0   44.69700   31.45640     59.264       1423    13.2014 0.0000e+00    27.0000
   12.50000   12.49809  23.474359    14.4085    18.2370    6.43569    1485.46    6.38129  139.69669 0.0000e+00 2.9180e-01    0.46346          0   44.69700   31.45640     60.543       1454    13.2015 0.0000e+00    34.0000
   12.75000   12.75011  23.474368    14.4086    18.2370    6.43675    1485.47    6.38130  151.16043 0.0000e+00 2.6981e-01    0.46509          0   44.69700   31.45640     61.952       1488    13.2014 0.0000e+00    31.0000
   13.00000   13.00234  23.474387    14.4085    18.2369    6.43704    1485.47    6.38130  149.74395 0.0000e+00 2.7415e-01    0.46445          0   44.69700   31.45640     63.158       1517    13.2014 0.0000e+00    28.0000
   13.25000   13.25432  23.474601    14.4087    18.2369    6.43728    1485.47    6.38128  134.03404 0.0000e+00 2.8181e-01    0.46222          0   44.69700   31.45640     64.291       1544    13.2014 0.0000e+00    28.0000
   13.50000   13.50635  23.474542    14.4085    18.2369    6.43749    1485.48    6.38131  143.52498 0.0000e+00 2.8242e-01    0.46115          0   44.69700   31.45640     65.544       1574    13.2014 0.0000e+00    32.0000
   13.75000   13.75824  23.474208    14.4078    18.2369    6.43766    1485.48    6.38140  142.14272 0.0000e+00 2.8056e-01    0.45559          0   44.69700   31.45640     66.908       1607    13.2016 0.0000e+00    32.0000
   14.00000   14.01055  23.474180    14.4076    18.2369    6.43719    1485.48    6.38142  139.26773 0.0000e+00 2.5738e-01    0.46510          0   44.69700   31.45640     68.196       1638    13.2016 0.0000e+00    30.0000
   14.25000   14.26234  23.474219    14.4075    18.2369    6.43538    1485.49    6.38142  136.36265 0.0000e+00 2.5902e-01    0.45570          0   44.69700   31.45640     69.448       1668    13.2016 0.0000e+00    31.0000
   14.50000   14.51452  23.474778    14.4086    18.2368    6.43896    1485.49    6.38129  133.93763 0.0000e+00 2.8746e-01    0.47946          0   44.69700   31.45640     70.754       1699    13.2014 0.0000e+00    31.0000
   14.75000   14.76662  23.475477    14.4095    18.2370    6.44487    1485.50    6.38117  131.41418 0.0000e+00 2.8443e-01    0.50458          0   44.69700   31.45640     72.011       1729    13.2013 0.0000e+00    30.0000
   15.00000   15.01867  23.475967    14.4103    18.2369    6.44700    1485.51    6.38106  133.22795 0.0000e+00 2.8622e-01    0.46640          0   44.69700   31.45640     73.238       1759    13.2011 0.0000e+00    29.0000
   15.25000   15.27089  23.476046    14.4104    18.2369    6.44796    1485.51    6.38104  140.94989 0.0000e+00 3.1972e-01    0.46032          0   44.69700   31.45640     74.495       1789    13.2011 0.0000e+00    32.0000
   15.50000   15.52257  23.476090    14.4103    18.2369    6.44845    1485.52    6.38105  143.50406 0.0000e+00 2.9749e-01    0.46193          0   44.69700   31.45640     75.819       1821    13.2012 0.0000e+00    30.0000
   15.75000   15.77468  23.476022    14.4101    18.2369    6.44904    1485.52    6.38110  143.09246 0.0000e+00 2.8976e-01    0.45441          0   44.69700   31.45640     77.007       1849    13.2012 0.0000e+00    27.0000
   16.00000   16.02707  23.476246    14.4104    18.2369    6.44906    1485.53    6.38105  139.40164 0.0000e+00 2.7104e-01    0.45449          0   44.69700   31.45640     78.197       1878    13.2012 0.0000e+00    31.0000
   16.25000   16.27886  23.475076    14.4084    18.2368    6.44449    1485.52    6.38131  145.33181 0.0000e+00 2.7559e-01    0.45979          0   44.69700   31.45640     79.533       1910    13.2014 0.0000e+00    32.0000
   16.50000   16.53101  23.475476    14.4088    18.2369    6.43361    1485.53    6.38124  142.31468 0.0000e+00 2.8645e-01    0.45120          0   44.69700   31.45640     80.817       1941    13.2014 0.0000e+00    29.0000
   16.75000   16.78309  23.475313    14.4084    18.2369    6.43305    1485.53    6.38132  139.54513 0.0000e+00 2.7369e-01    0.46549          0   44.69700   31.45640     82.017       1969    13.2015 0.0000e+00    30.0000
   17.00000   17.03512  23.475275    14.4080    18.2370    6.43249    1485.53    6.38137  126.86473 0.0000e+00 2.7367e-01    0.45249          0   44.69700   31.45640     83.288       2000    13.2016 0.0000e+00    31.0000
   17.25000   17.28690  23.473311    14.4047    18.2369    6.43342    1485.53    6.38181  128.12706 0.0000e+00 2.9363e-01    0.46904          0   44.69700   31.45640     84.619       2032    13.2021 0.0000e+00    33.0000
   17.50000   17.53904  23.471968    14.4023    18.2369    6.43407    1485.52    6.38213  129.81659 0.0000e+00 2.8689e-01    0.47391          0   44.69700   31.45640     85.966       2064    13.2025 0.0000e+00    31.0000
   17.75000   17.79108  23.468217    14.3961    18.2367    6.43446    1485.51    6.38297  139.22253 0.0000e+00 2.7698e-01    0.45670          0   44.69700   31.45640     87.123       2092    13.2033 0.0000e+00    25.0000
   18.00000   18.04337  23.463501    14.3881    18.2364    6.43449    1485.48    6.38406  140.14247 0.0000e+00 2.7964e-01    0.46157          0   44.69700   31.45640     88.231       2119    13.2046 0.0000e+00    29.0000
   18.25000   18.29531  23.463321    14.3878    18.2363    6.43453    1485.49    6.38409  113.18869 0.0000e+00 2.7748e-01    0.45566          0   44.69700   31.45640     89.606       2152    13.2046 0.0000e+00    36.0000
   18.50000   18.54739  23.463339    14.3878    18.2362    6.43500    1485.49    6.38409  103.57980 0.0000e+00 2.9921e-01    0.46032          0   44.69700   31.45640     91.012       2185    13.2045 0.0000e+00    29.0000
   18.75000   18.79950  23.464281    14.3890    18.2363    6.43052    1485.50    6.38393  141.84104 0.0000e+00 2.8919e-01    0.47417          0   44.69700   31.45640     92.094       2211    13.2045 0.0000e+00    25.0000
   19.00000   19.05141  23.464687    14.3896    18.2363    6.43309    1485.50    6.38386  144.76017 0.0000e+00 2.6185e-01    0.45537          0   44.69700   31.45640     93.213       2238    13.2044 0.0000e+00    30.0000
   19.25000   19.30368  23.463735    14.3879    18.2362    6.43460    1485.50    6.38410  143.09927 0.0000e+00 2.7928e-01    0.46032          0   44.69700   31.45640     94.709       2274    13.2046 0.0000e+00    40.0000
   19.50000   19.55559  23.464150    14.3884    18.2362    6.43552    1485.51    6.38402  143.77355 0.0000e+00 2.5943e-01    0.45199          0   44.69700   31.45640     96.145       2308    13.2046 0.0000e+00    28.0000
   19.75000   19.80791  23.470282    14.3985    18.2365    6.43434    1485.55    6.38266  138.95944 0.0000e+00 2.7173e-01    0.45718          0   44.69700   31.45640     97.221       2334    13.2031 0.0000e+00    26.0000
   20.00000   20.05991  23.466192    14.3914    18.2364    6.43450    1485.53    6.38360  142.96701 0.0000e+00 2.7644e-01    0.45724          0   44.69700   31.45640     98.362       2362    13.2042 0.0000e+00    30.0000
   20.25000   20.31175  23.469536    14.3972    18.2363    6.43487    1485.55    6.38284  134.26673 0.0000e+00 2.7939e-01    0.45520          0   44.69700   31.45640     99.739       2395    13.2032 0.0000e+00    34.0000
   20.50000   20.56390  23.471962    14.4010    18.2365    6.43246    1485.57    6.38235  136.37796 0.0000e+00 3.0534e-01    0.45725          0   44.69700   31.45640    101.086       2427    13.2027 0.0000e+00    30.0000
   20.75000   20.81578  23.472406    14.4015    18.2366    6.42727    1485.57    6.38226  143.73165 0.0000e+00 3.0496e-01    0.46095          0   44.69700   31.45640    102.285       2456    13.2027 0.0000e+00    29.0000
   21.00000   21.06821  23.469670    14.3967    18.2365    6.43026    1485.56    6.38289  138.73226 0.0000e+00 2.9822e-01    0.46001          0   44.69700   31.45640    103.492       2485    13.2035 0.0000e+00    30.0000
   21.25000   21.31989  23.469742    14.3967    18.2366    6.43644    1485.57    6.38290  134.32509 0.0000e+00 2.9124e-01    0.45722          0   44.69700   31.45640    104.778       2516    13.2035 0.0000e+00    31.0000
   21.50000   21.57219  23.468605    14.3948    18.2365    6.43662    1485.56    6.38316  142.95635 0.0000e+00 3.2772e-01    0.45724          0   44.69700   31.45640    106.073       2547    13.2037 0.0000e+00    30.0000
   21.75000   21.82427  23.468445    14.3941    18.2367    6.43696    1485.56    6.38325  142.74175 0.0000e+00 3.0567e-01    0.45747          0   44.69700   31.45640    107.262       2575    13.2040 0.0000e+00    28.0000
   22.00000   22.07625  23.469091    14.3953    18.2365    6.43161    1485.57    6.38308  142.35258 0.0000e+00 2.7768e-01    0.46018          0   44.69700   31.45640    108.525       2606    13.2037 0.0000e+00    33.0000
   22.25000   22.32820  23.467161    14.3923    18.2363    6.42876    1485.57    6.38351  130.59224 0.0000e+00 2.9438e-01    0.45813          0   44.69700   31.45640    109.933       2639    13.2040 0.0000e+00    33.0000
   22.50000   22.58067  23.467074    14.3918    18.2364    6.43390    1485.57    6.38357  123.10752 0.0000e+00 2.7988e-01    0.45416          0   44.69700   31.45640    111.236       2671    13.2042 0.0000e+00    29.0000
   22.75000   22.83253  23.468282    14.3936    18.2365    6.43069    1485.58    6.38332  112.16191 0.0000e+00 2.9643e-01    0.45593          0   44.69700   31.45640    112.380       2698    13.2040 0.0000e+00    27.0000
   23.00000   23.08452  23.467445    14.3919    18.2365    6.42851    1485.58    6.38353  106.86562 0.0000e+00 3.0753e-01    0.45730          0   44.69700   31.45640    113.595       2727    13.2043 0.0000e+00    32.0000
   23.25000   23.33684  23.467057    14.3912    18.2365    6.43093    1485.58    6.38363  128.88385 0.0000e+00 2.8746e-01    0.45762          0   44.69700   31.45640    114.937       2759    13.2044 0.0000e+00    32.0000
   23.50000   23.58876  23.468879    14.3939    18.2367    6.43408    1485.59    6.38328  136.86100 0.0000e+00 2.8421e-01    0.45912          0   44.69700   31.45640    116.210       2790    13.2041 0.0000e+00    29.0000
   23.75000   23.84059  23.469044    14.3940    18.2366    6.43096    1485.60    6.38325  136.17314 0.0000e+00 2.8921e-01    0.46391          0   44.69700   31.45640    117.400       2819    13.2041 0.0000e+00    29.0000
