example data/IOW/P0009F01.cnv
* Sea-Bird SBE 9 Data File:
* FileName = F:\sbp\dat\P0009F01.hdr
* Software Version Seasave V 7.22.5
* Temperature SN = 2883 temp
* Conductivity SN = 1150 cond
* Number of Bytes Per Scan = 34
* Number of Voltage Words = 5
* Number of Scans Averaged by the Deck Unit = 1
* NMEA Latitude = 44 41.82 N
* NMEA Longitude = 031 27.38 E
* NMEA UTC (Time) = Nov 12 2013  03:41:34
* NMEA baud rate = 4800
** StationNr= 0009
** EinsatzNr= 0009
** SerieNr  = 01  Operator= Krueger
** StatBez  = MSM33/28 aus .eMission.
** Startzeit= 03:41:07 12-Nov-13
** GPS_Posn = 44 41.8229N 031 27.3851E
** Echolote =  m 153.2 m
** Luftdruck= 1023.7 hPa
** ThermoSal= 14.408 grdC 18.254 ppth
** WsStartID= 76
# nquan = 20
# nvalues = 615                         
# units = specified
# name 0 = depSM: Depth [salt water, m]
# name 1 = prDM: Pressure, Digiquartz [db]
# name 2 = c0mS/cm: Conductivity [mS/cm]
# name 3 = t090C: Temperature [ITS-90, deg C]
# name 4 = sal00: Salinity, Practical [PSU]
# name 5 = sbeox0ML/L: Oxygen, SBE 43 [ml/l]
# name 6 = svCM: Sound Velocity [Chen-Millero, m/s]
# name 7 = oxsatML/L: Oxygen Saturation, Weiss [ml/l]
# name 8 = altM: Altimeter [m]
# name 9 = spar: SPAR/Surface Irradiance
# name 10 = flECO-AFL: Fluorescence, WET Labs ECO-AFL/FL [mg/m^3]
# name 11 = turbWETntu0: Turbidity, WET Labs ECO [NTU]
# name 12 = nbf: Bottles Fired
# name 13 = latitude: Latitude [deg]
# name 14 = longitude: Longitude [deg]
# name 15 = timeS: Time, Elapsed [seconds]
# name 16 = scan: Scan Count
# name 17 = sigma-é00: Density [sigma-theta, kg/m^3]
# name 18 = flag: flag
# name 19 = nbin: number of scans per bin
# span 0 = 6.00000, 159.50000           
# span 1 = 5.94454, 160.76025           
# span 2 = 20.477365, 23.476246         
# span 3 = 7.8618, 14.4104              
# span 4 = 18.2338, 21.0718             
# span 5 = -0.01113, 6.64871            
# span 6 = 1462.90, 1485.61             
# span 7 = 6.38104, 7.35166             
# span 8 = 0.18381, 151.16043           
# span 9 = 0.0000e+00, 0.0000e+00       
# span 10 = 1.6421e-02, 4.2177e-01      
# span 11 = 0.41269, 1.36128            
# span 12 = 0, 0                        
# span 13 = 44.69700, 44.69700          
# span 14 = 31.45640, 31.45640          
# span 15 = 15.945, 1147.095            
# span 16 = 384, 27531                  
# span 17 = 13.2011, 16.2892            
# span 18 = 0.0000e+00, 0.0000e+00      
# span 19 = 7.0000, 3800.0000           
# interval = meters: 0.25                               
# start_time = Nov 12 2013 03:41:34 [NMEA time, header]
# bad_flag = -9.990e-29
*END*
[from data line 290]
   78.50000   79.05116  20.966915     7.8772    19.2177    2.82517    1463.78    7.33608   82.82515 0.0000e+00 2.8374e-02    0.42743          0   44.69700   31.45640    392.090       9411    14.9237 0.0000e+00    26.0000
   78.75000   79.30316  20.966993     7.8772    19.2177    2.81978    1463.79    7.33609   82.55984 0.0000e+00 3.6143e-02    0.41739          0   44.69700   31.45640    393.245       9439    14.9237 0.0000e+00    30.0000
   79.00000   79.55535  20.967145     7.8771    19.2179    2.81978    1463.79    7.33608   82.31711 0.0000e+00 4.7069e-02    0.41636          0   44.69700   31.45640    394.673       9473    14.9238 0.0000e+00    38.0000
   79.25000   79.80718  20.967223     7.8772    19.2178    2.81990    1463.80    7.33606   82.10256 0.0000e+00 4.1981e-02    0.41572          0   44.69700   31.45640    396.163       9509    14.9237 0.0000e+00    31.0000
   79.50000   80.05944  20.967285     7.8772    19.2178    2.81997    1463.80    7.33607   81.84889 0.0000e+00 3.3792e-02    0.41719          0   44.69700   31.45640    397.290       9536    14.9237 0.0000e+00    25.0000
   79.75000   80.31164  20.967394     7.8773    19.2178    2.82004    1463.80    7.33606   81.60009 0.0000e+00 2.3043e-02    0.41590          0   44.69700   31.45640    398.328       9561    14.9237 0.0000e+00    26.0000
   80.00000   80.56384  20.967579     7.8773    19.2179    2.82014    1463.81    7.33604   81.29355 0.0000e+00 3.5303e-02    0.41840          0   44.69700   31.45640    399.600       9591    14.9238 0.0000e+00    36.0000
   80.25000   80.81580  20.967767     7.8773    19.2180    2.81923    1463.81    7.33601   81.16536 0.0000e+00 2.6544e-02    0.41493          0   44.69700   31.45640    401.143       9628    14.9239 0.0000e+00    33.0000
   80.50000   81.06811  20.967894     7.8773    19.2181    2.82032    1463.82    7.33601   81.02387 0.0000e+00 4.0396e-02    0.41960          0   44.69700   31.45640    402.306       9656    14.9239 0.0000e+00    25.0000
   80.75000   81.32010  20.967968     7.8773    19.2180    2.82040    1463.82    7.33601   80.59940 0.0000e+00 2.9418e-02    0.41974          0   44.69700   31.45640    403.302       9680    14.9239 0.0000e+00    25.0000
   81.00000   81.57201  20.968002     7.8774    19.2180    2.81863    1463.83    7.33602   80.20015 0.0000e+00 3.3959e-02    0.41850          0   44.69700   31.45640    404.510       9709    14.9239 0.0000e+00    34.0000
   81.25000   81.82430  20.968392     7.8776    19.2183    2.80948    1463.83    7.33600   80.13547 0.0000e+00 3.2457e-02    0.41882          0   44.69700   31.45640    406.125       9748    14.9240 0.0000e+00    38.0000
   81.50000   82.07646  20.968378     7.8774    19.2182    2.80959    1463.83    7.33600   79.81947 0.0000e+00 3.1411e-02    0.41997          0   44.69700   31.45640    407.409       9779    14.9240 0.0000e+00    25.0000
   81.75000   82.32879  20.969844     7.8778    19.2194    2.80970    1463.84    7.33589   79.52885 0.0000e+00 3.8381e-02    0.41537          0   44.69700   31.45640    408.396       9802    14.9249 0.0000e+00    24.0000
   82.00000   82.58098  20.971125     7.8782    19.2204    2.80970    1463.85    7.33577   79.23566 0.0000e+00 3.3912e-02    0.44305          0   44.69700   31.45640    409.564       9831    14.9257 0.0000e+00    34.0000
   82.25000   82.83306  20.971193     7.8782    19.2204    2.80976    1463.85    7.33576   79.06631 0.0000e+00 3.3946e-02    0.41974          0   44.69700   31.45640    411.062       9866    14.9256 0.0000e+00    35.0000
   82.50000   83.08551  20.972693     7.8790    19.2214    2.80975    1463.86    7.33558   78.88816 0.0000e+00 4.4795e-02    0.42172          0   44.69700   31.45640    412.320       9897    14.9264 0.0000e+00    26.0000
   82.75000   83.33735  20.975029     7.8793    19.2235    2.80719    1463.87    7.33543   78.55593 0.0000e+00 3.4375e-02    0.41706          0   44.69700   31.45640    413.403       9923    14.9280 0.0000e+00    27.0000
   83.00000   83.58932  20.975986     7.8796    19.2242    2.80113    1463.87    7.33536   78.19026 0.0000e+00 3.4715e-02    0.45236          0   44.69700   31.45640    414.628       9952    14.9285 0.0000e+00    32.0000
   83.25000   83.84149  20.981899     7.8822    19.2286    2.79867    1463.89    7.33469   77.71817 0.0000e+00 2.9172e-02    0.41675          0   44.69700   31.45640    415.994       9985    14.9317 0.0000e+00    32.0000
   83.50000   84.09385  20.984202     7.8834    19.2301    2.79644    1463.90    7.33443   77.41360 0.0000e+00 4.6480e-02    0.42366          0   44.69700   31.45640    417.264      10015    14.9328 0.0000e+00    29.0000
   83.75000   84.34617  20.984636     7.8836    19.2304    2.78906    1463.91    7.33437   77.48210 0.0000e+00 3.3624e-02    0.42381          0   44.69700   31.45640    418.418      10043    14.9329 0.0000e+00    28.0000
   84.00000   84.59771  20.986064     7.8843    19.2313    2.78776    1463.92    7.33420   77.24920 0.0000e+00 2.5123e-02    0.42247          0   44.69700   31.45640    419.732      10075    14.9336 0.0000e+00    34.0000
   84.25000   84.84994  20.987207     7.8849    19.2321    2.78781    1463.93    7.33407   76.98536 0.0000e+00 3.8013e-02    0.42570          0   44.69700   31.45640    421.086      10107    14.9342 0.0000e+00    30.0000
   84.50000   85.10215  20.988819     7.8857    19.2332    2.78701    1463.93    7.33386   76.74313 0.0000e+00 3.9675e-02    0.42098          0   44.69700   31.45640    422.253      10135    14.9349 0.0000e+00    27.0000
   84.75000   85.35441  20.989755     7.8862    19.2337    2.78030    1463.94    7.33375   76.45435 0.0000e+00 3.8702e-02    0.45298          0   44.69700   31.45640    423.414      10163    14.9353 0.0000e+00    29.0000
   85.00000   85.60650  20.991770     7.8873    19.2351    2.77701    1463.95    7.33350   76.23980 0.0000e+00 3.3425e-02    0.42187          0   44.69700   31.45640    424.670      10193    14.9362 0.0000e+00    32.0000
   85.25000   85.85874  20.992559     7.8877    19.2356    2.77710    1463.96    7.33341   75.89604 0.0000e+00 2.9210e-02    0.42283          0   44.69700   31.45640    426.033      10226    14.9366 0.0000e+00    32.0000
   85.50000   86.11114  20.992858     7.8878    19.2358    2.77751    1463.96    7.33338   75.70882 0.0000e+00 2.8843e-02    0.41601          0   44.69700   31.45640    427.265      10255    14.9367 0.0000e+00    27.0000
   85.75000   86.36292  20.992656     7.8877    19.2356    2.77711    1463.97    7.33341   75.47047 0.0000e+00 3.6396e-02    0.42278          0   44.69700   31.45640    428.370      10282    14.9366 0.0000e+00    28.0000
   86.00000   86.61509  20.994605     7.8884    19.2371    2.77721    1463.97    7.33322   75.29475 0.0000e+00 3.1319e-02    0.45796          0   44.69700   31.45640    429.718      10314    14.9377 0.0000e+00    36.0000
   86.25000   86.86745  20.995913     7.8889    19.2381    2.77730    1463.98    7.33309   74.79211 0.0000e+00 2.5874e-02    0.42650          0   44.69700   31.45640    431.166      10349    14.9384 0.0000e+00    31.0000
   86.50000   87.11949  20.996637     7.8891    19.2386    2.77732    1463.99    7.33302   74.75716 0.0000e+00 3.9437e-02    0.42314          0   44.69700   31.45640    432.274      10376    14.9388 0.0000e+00    25.0000
   86.75000   87.37160  20.997393     7.8894    19.2391    2.77734    1463.99    7.33296   74.97319 0.0000e+00 3.4527e-02    0.41687          0   44.69700   31.45640    433.403      10403    14.9392 0.0000e+00    30.0000
   87.00000   87.62363  20.998251     7.8897    19.2397    2.77497    1464.00    7.33285   74.37861 0.0000e+00 3.2660e-02    0.41911          0   44.69700   31.45640    434.764      10435    14.9396 0.0000e+00    33.0000
   87.25000   87.87615  20.999726     7.8901    19.2409    2.76795    1464.01    7.33273   73.96369 0.0000e+00 3.3943e-02    0.42156          0   44.69700   31.45640    436.025      10466    14.9405 0.0000e+00    28.0000
   87.50000   88.12801  21.003292     7.8915    19.2437    2.76650    1464.02    7.33237   73.81422 0.0000e+00 4.1726e-02    0.41411          0   44.69700   31.45640    437.174      10493    14.9425 0.0000e+00    28.0000
   87.75000   88.37999  21.004461     7.8918    19.2446    2.76443    1464.03    7.33228   73.61191 0.0000e+00 3.7012e-02    0.41802          0   44.69700   31.45640    438.394      10522    14.9432 0.0000e+00    31.0000
   88.00000   88.63226  21.004926     7.8919    19.2449    2.76011    1464.03    7.33223   73.40140 0.0000e+00 2.8588e-02    0.58202          0   44.69700   31.45640    439.769      10555    14.9434 0.0000e+00    34.0000
   88.25000   88.88429  21.004621     7.8919    19.2446    2.75558    1464.03    7.33226   73.17096 0.0000e+00 2.5062e-02    0.43414          0   44.69700   31.45640    441.090      10587    14.9431 0.0000e+00    29.0000
   88.50000   89.13646  21.006209     7.8924    19.2458    2.75563    1464.04    7.33213   72.77064 0.0000e+00 2.6083e-02    0.42945          0   44.69700   31.45640    442.296      10616    14.9440 0.0000e+00    29.0000
   88.75000   89.38855  21.007552     7.8928    19.2469    2.75570    1464.05    7.33198   72.67084 0.0000e+00 4.5833e-02    0.41866          0   44.69700   31.45640    443.469      10644    14.9448 0.0000e+00    28.0000
   89.00000   89.64108  21.009660     7.8934    19.2485    2.75573    1464.06    7.33181   72.24770 0.0000e+00 4.0325e-02    0.42485          0   44.69700   31.45640    444.709      10674    14.9461 0.0000e+00    32.0000
   89.25000   89.89294  21.010700     7.8936    19.2494    2.74761    1464.06    7.33171   71.93405 0.0000e+00 3.2700e-02    0.42605          0   44.69700   31.45640    446.083      10707    14.9467 0.0000e+00    33.0000
   89.50000   90.14524  21.011826     7.8940    19.2503    2.74450    1464.07    7.33163   71.49013 0.0000e+00 3.6439e-02    0.43023          0   44.69700   31.45640    447.341      10737    14.9474 0.0000e+00    27.0000
   89.75000   90.39717  21.014951     7.8948    19.2528    2.74369    1464.08    7.33137   71.34438 0.0000e+00 2.5110e-02    0.41926          0   44.69700   31.45640    448.450      10764    14.9493 0.0000e+00    27.0000
   90.00000   90.64927  21.024281     7.8967    19.2609    2.73554    1464.10    7.33064   71.07915 0.0000e+00 2.9894e-02    0.41639          0   44.69700   31.45640    449.627      10792    14.9555 0.0000e+00    30.0000
   90.25000   90.90174  21.029158     7.8974    19.2654    2.72162    1464.12    7.33034   70.87581 0.0000e+00 4.2828e-02    0.44676          0   44.69700   31.45640    450.980      10825    14.9589 0.0000e+00    34.0000
   90.50000   91.15396  21.029903     7.8976    19.2661    2.70832    1464.12    7.33028   70.52727 0.0000e+00 3.3672e-02    0.44368          0   44.69700   31.45640    452.409      10859    14.9593 0.0000e+00    34.0000
   90.75000   91.40603  21.030539     7.8977    19.2666    2.70067    1464.13    7.33022   70.43991 0.0000e+00 2.7127e-02    0.42050          0   44.69700   31.45640    453.684      10889    14.9598 0.0000e+00    27.0000
   91.00000   91.65800  21.030949     7.8977    19.2668    2.69194    1464.13    7.33019   70.20969 0.0000e+00 2.6148e-02    0.41851          0   44.69700   31.45640    454.769      10915    14.9600 0.0000e+00    26.0000
   91.25000   91.91040  21.031246     7.8978    19.2670    2.68995    1464.13    7.33018   69.93355 0.0000e+00 4.9382e-02    0.45306          0   44.69700   31.45640    455.908      10943    14.9601 0.0000e+00    30.0000
   91.50000   92.16228  21.031091     7.8978    19.2669    2.68990    1464.14    7.33017   69.38312 0.0000e+00 3.2057e-02    0.41938          0   44.69700   31.45640    457.308      10976    14.9599 0.0000e+00    35.0000
   91.75000   92.41486  21.030304     7.8977    19.2661    2.68995    1464.14    7.33025   69.27010 0.0000e+00 3.2914e-02    0.41877          0   44.69700   31.45640    458.676      11009    14.9593 0.0000e+00    30.0000
   92.00000   92.66661  21.033105     7.8980    19.2686    2.68785    1464.15    7.33007   69.19138 0.0000e+00 2.7169e-02    0.43398          0   44.69700   31.45640    459.832      11037    14.9613 0.0000e+00    26.0000
   92.25000   92.91878  21.037972     7.8982    19.2733    2.68069    1464.16    7.32981   68.89932 0.0000e+00 4.2120e-02    0.44089          0   44.69700   31.45640    460.885      11062    14.9650 0.0000e+00    25.0000
   92.50000   93.17093  21.039973     7.8980    19.2754    2.67156    1464.17    7.32972   68.49646 0.0000e+00 3.0563e-02    0.43622          0   44.69700   31.45640    462.091      11091    14.9666 0.0000e+00    36.0000
   92.75000   93.42303  21.040653     7.8980    19.2760    2.66223    1464.17    7.32971   68.19783 0.0000e+00 2.8315e-02    0.42089          0   44.69700   31.45640    463.863      11134    14.9671 0.0000e+00    41.0000
   93.00000   93.67531  21.042388     7.8979    19.2777    2.65710    1464.18    7.32964   68.15071 0.0000e+00 3.7730e-02    0.42099          0   44.69700   31.45640    465.085      11163    14.9684 0.0000e+00    22.0000
   93.25000   93.92754  21.043489     7.8977    19.2787    2.64945    1464.18    7.32963   67.84426 0.0000e+00 3.6745e-02    0.42141          0   44.69700   31.45640    465.946      11184    14.9693 0.0000e+00    21.0000
   93.50000   94.17975  21.045342     7.8978    19.2806    2.64635    1464.19    7.32953   67.76860 0.0000e+00 3.5576e-02    0.41971          0   44.69700   31.45640    466.930      11207    14.9707 0.0000e+00    28.0000
   93.75000   94.43173  21.048798     7.8978    19.2839    2.63655    1464.20    7.32937   67.58836 0.0000e+00 3.6042e-02    0.43935          0   44.69700   31.45640    468.593      11247    14.9733 0.0000e+00    49.0000
   94.00000   94.68399  21.052289     7.8979    19.2873    2.62390    1464.21    7.32920   67.31532 0.0000e+00 2.6452e-02    0.43828          0   44.69700   31.45640    470.175      11285    14.9759 0.0000e+00    25.0000
   94.25000   94.93617  21.053503     7.8980    19.2884    2.61745    1464.21    7.32914   66.80438 0.0000e+00 2.4854e-02    0.42444          0   44.69700   31.45640    471.026      11306    14.9768 0.0000e+00    19.0000
   94.50000   95.18820  21.055698     7.8981    19.2906    2.61199    1464.22    7.32900   66.54933 0.0000e+00 3.7124e-02    0.42391          0   44.69700   31.45640    471.866      11326    14.9784 0.0000e+00    22.0000
   94.75000   95.44019  21.057581     7.8983    19.2922    2.59906    1464.23    7.32889   66.34688 0.0000e+00 3.8057e-02    0.42932          0   44.69700   31.45640    473.392      11362    14.9797 0.0000e+00    55.0000
   95.00000   95.69260  21.059638     7.8984    19.2941    2.59087    1464.23    7.32879   65.86893 0.0000e+00 3.7022e-02    0.41972          0   44.69700   31.45640    475.338      11409    14.9812 0.0000e+00    28.0000
   95.25000   95.94470  21.059009     7.8983    19.2935    2.58083    1464.23    7.32884   65.78226 0.0000e+00 2.9965e-02    0.41356          0   44.69700   31.45640    476.231      11431    14.9807 0.0000e+00    20.0000
   95.50000   96.19673  21.061852     7.8986    19.2960    2.57835    1464.24    7.32867   65.60456 0.0000e+00 3.8053e-02    0.42413          0   44.69700   31.45640    477.087      11451    14.9827 0.0000e+00    22.0000
   95.75000   96.44908  21.068725     7.8994    19.3024    2.56449    1464.26    7.32822   65.28883 0.0000e+00 3.8298e-02    0.42579          0   44.69700   31.45640    478.287      11480    14.9876 0.0000e+00    38.0000
   96.00000   96.70115  21.070061     7.8998    19.3035    2.55013    1464.27    7.32811   64.99263 0.0000e+00 3.3014e-02    0.41992          0   44.69700   31.45640    480.023      11522    14.9884 0.0000e+00    38.0000
