example data/IOW/V0001F01.cnv
* Sea-Bird SBE 9 Data File:
* FileName = D:\sbe\dat\V0001F01.hdr
* Software Version Seasave V 7.23.2
* Temperature SN = 5491
* Conductivity SN = 4006
* Number of Bytes Per Scan = 33
* Number of Voltage Words = 5
* Number of Scans Averaged by the Deck Unit = 1
* NMEA baud rate = 9600
** ReiseNr  = EMB-100
** StationNr= 0001
** EinsatzNr= 0001
** SerieNr  = 01  Operator= Kiki
** StatBez  = STOL aus .eMission.
** Startzeit= 09:18:13 09-APR-15
** GPS_Posn = 54 15.3678N 11 56.7485E
** Echolote = 18.54 m
** Luftdruck= 1028.6 hPa
** ThermoSal= 6.274 grdC 13.02 ppth
** WsStartID= 1
# nquan = 25
# nvalues = 65                          
# units = specified
# name 0 = depSM: Depth [salt water, m], lat = 54.00
# name 1 = prDM: Pressure, Digiquartz [db]
# name 2 = c0mS/cm: Conductivity [mS/cm]
# name 3 = c1mS/cm: Conductivity, 2 [mS/cm]
# name 4 = t090C: Temperature [ITS-90, deg C]
# name 5 = t190C: Temperature, 2 [ITS-90, deg C]
# name 6 = sal00: Salinity, Practical [PSU]
# name 7 = sal11: Salinity, Practical, 2 [PSU]
# name 8 = sbeox0ML/L: Oxygen, SBE 43 [ml/l]
# name 9 = sbeox1ML/L: Oxygen, SBE 43, 2 [ml/l]
# name 10 = svCM: Sound Velocity [Chen-Millero, m/s]
# name 11 = oxsatML/L: Oxygen Saturation, Weiss [ml/l]
# name 12 = altM: Altimeter [m]
# name 13 = par: PAR/Irradiance, Biospherical/Licor
# name 14 = spar: SPAR/Surface Irradiance
# name 15 = flECO-AFL: Fluorescence, WET Labs ECO-AFL/FL [mg/m^3]
# name 16 = turbWETntu0: Turbidity, WET Labs ECO [NTU]
# name 17 = nbf: Bottles Fired
# name 18 = upoly0: Upoly 0, SSTOxy016
# name 19 = upoly1: Upoly 1, SSTOXY018
# name 20 = timeS: Time, Elapsed [seconds]
# name 21 = scan: Scan Count
# name 22 = sigma-é00: Density [sigma-theta, kg/m^3]
# name 23 = flag: flag
# name 24 = nbin: number of scans per bin
# span 0 = 1.50000, 17.50000            
# span 1 = 1.36001, 17.50504            
# span 2 = 14.161153, 16.652720         
# span 3 = 14.160362, 16.652732         
# span 4 = 5.1145, 6.1272               
# span 5 = 5.1134, 6.1251               
# span 6 = 13.2087, 16.2256             
# span 7 = 13.2088, 16.2267             
# span 8 = 7.93073, 8.69804             
# span 9 = 7.99170, 8.77727             
# span 10 = 1447.26, 1448.21            
# span 11 = 7.94831, 8.01248            
# span 12 = 1.14989, 17.55465           
# span 13 = 3.2456e+00, 4.0287e+02      
# span 14 = 1.0122e+03, 1.3205e+03      
# span 15 = 1.2540e+00, 8.1433e+00      
# span 16 = 0.23239, 0.41291            
# span 17 = 0, 5                        
# span 18 = 0.04151, 0.04270            
# span 19 = 0.04154, 0.04266            
# span 20 = -3.638, 112.320             
# span 21 = -86, 2697                   
# span 22 = 10.3704, 12.8177            
# span 23 = 0.0000e+00, 0.0000e+00      
# span 24 = 27.0000, 618.0000           
# interval = meters: 0.25                               
# start_time = Apr 09 2015 09:18:34 [System UTC, header]
# bad_flag = -9.990e-29
*END*
    1.50000    1.36001  14.161153  14.160362     6.1272     6.1251    13.2087    13.2088    8.65394    8.74601    1447.91    7.95670   17.55465 4.0287e+02 1.0122e+03 1.4015e+00    0.29254          0    0.04206    0.04201     -3.638        -86    10.3704 0.0000e+00    92.0000
    1.75000    1.61264  14.162798  14.163643     6.1245     6.1219    13.2115    13.2133    8.65493    8.72731    1447.90    7.95708   16.83636 3.8634e+02 1.2417e+03 1.2540e+00    0.29134          0    0.04205    0.04213     14.117        340    10.3727 0.0000e+00    95.0000
    2.00000    1.86478  14.163785  14.163053     6.1236     6.1211    13.2128    13.2130    8.65435    8.73503    1447.91    7.95719   16.97811 3.6578e+02 1.2476e+03 1.3204e+00    0.29062          0    0.04192    0.04212     17.178        413    10.3738 0.0000e+00    68.0000
    2.25000    2.11683  14.163345  14.163833     6.1227     6.1207    13.2126    13.2138    8.65487    8.74630    1447.91    7.95737   16.75866 3.3683e+02 1.2468e+03 1.3079e+00    0.29237          0    0.04172    0.04213     18.940        456    10.3737 0.0000e+00    34.0000
    2.50000    2.36962  14.165325  14.163656     6.1229     6.1206    13.2145    13.2137    8.65615    8.72256    1447.91    7.95724   16.53253 3.0692e+02 1.2501e+03 1.3161e+00    0.29388          0    0.04189    0.04196     20.410        491    10.3752 0.0000e+00    31.0000
    2.75000    2.62119  14.163016  14.162748     6.1224     6.1208    13.2122    13.2126    8.65235    8.73113    1447.91    7.95746   16.25545 2.8255e+02 1.2454e+03 1.3918e+00    0.28734          0    0.04177    0.04188     21.853        525    10.3735 0.0000e+00    41.0000
    3.00000    2.87361  14.162699  14.163206     6.1225     6.1199    13.2118    13.2134    8.66118    8.73442    1447.92    7.95746   15.94486 2.6041e+02 1.2392e+03 1.4091e+00    0.29627          1    0.04217    0.04213     23.372        562    10.3732 0.0000e+00    29.0000
    3.25000    3.12572  14.163102  14.162966     6.1215     6.1194    13.2126    13.2133    8.65893    8.73448    1447.92    7.95761   15.75344 2.4089e+02 1.2342e+03 1.4490e+00    0.29955          1    0.04210    0.04223     24.503        589    10.3739 0.0000e+00    28.0000
    3.50000    3.37831  14.163014  14.164446     6.1210     6.1178    13.2127    13.2154    8.65753    8.73657    1447.92    7.95771   15.56046 2.1750e+02 1.2276e+03 1.4897e+00    0.30031          1    0.04227    0.04254     25.731        619    10.3739 0.0000e+00    31.0000
    3.75000    3.63016  14.164854  14.165453     6.1188     6.1166    13.2154    13.2168    8.66033    8.73692    1447.92    7.95800   14.83946 2.0984e+02 1.2194e+03 1.5760e+00    0.30129          1    0.04194    0.04221     27.157        653    10.3762 0.0000e+00    35.0000
    4.00000    3.88273  14.165185  14.172553     6.1185     6.1095    13.2156    13.2269    8.66183    8.74779    1447.92    7.95803   14.81576 1.9678e+02 1.2119e+03 1.6142e+00    0.29696          1    0.04180    0.04180     28.448        684    10.3765 0.0000e+00    28.0000
    4.25000    4.13487  14.169307  14.178951     6.1143     6.1030    13.2221    13.2360    8.66311    8.74706    1447.91    7.95858   14.68473 1.6926e+02 1.2055e+03 1.6522e+00    0.29903          1    0.04242    0.04237     29.556        710    10.3814 0.0000e+00    27.0000
    4.50000    4.38717  14.169190  14.174404     6.1140     6.1065    13.2215    13.2297    8.66173    8.73560    1447.92    7.95861   14.43718 1.5956e+02 1.1970e+03 1.6654e+00    0.31408          1    0.04183    0.04165     30.828        741    10.3813 0.0000e+00    33.0000
    4.75000    4.63930  14.184524  14.179931     6.0950     6.0988    13.2451    13.2386    8.66165    8.74519    1447.87    7.96120   14.18563 1.4781e+02 1.1889e+03 1.8647e+00    0.31111          1    0.04240    0.04243     32.182        773    10.4007 0.0000e+00    32.0000
    5.00000    4.89165  14.177700  14.180802     6.1028     6.0955    13.2345    13.2402    8.66120    8.75530    1447.89    7.96013   13.94903 1.3623e+02 1.1826e+03 1.8614e+00    0.31275          1    0.04154    0.04154     33.500        805    10.3922 0.0000e+00    31.0000
    5.25000    5.14395  14.174059  14.173829     6.1061     6.1059    13.2294    13.2291    8.66374    8.75167    1447.90    7.95977   13.69822 1.2531e+02 1.1761e+03 1.7037e+00    0.30028          2    0.04243    0.04232     34.798        836    10.3880 0.0000e+00    31.0000
    5.50000    5.39597  14.170828  14.171878     6.1131     6.1104    13.2231    13.2252    8.66258    8.74922    1447.93    7.95872   13.43070 1.1530e+02 1.1700e+03 1.5997e+00    0.29268          2    0.04226    0.04190     36.067        867    10.3828 0.0000e+00    30.0000
    5.75000    5.64864  14.182548  14.180236     6.1023     6.1016    13.2394    13.2373    8.65772    8.73006    1447.91    7.95998   13.18286 1.0701e+02 1.1637e+03 1.7101e+00    0.29737          2    0.04216    0.04219     37.362        898    10.3962 0.0000e+00    33.0000
    6.00000    5.90063  14.188284  14.179887     6.1012     6.1016    13.2456    13.2368    8.65953    8.71610    1447.92    7.95987   12.90581 9.9445e+01 1.1608e+03 1.7563e+00    0.29208          2    0.04239    0.04247     38.718        930    10.4011 0.0000e+00    31.0000
    6.25000    6.15294  14.253976  14.236110     6.1008     6.0983    13.3130    13.2950    8.68627    8.74802    1448.00    7.95644   12.67231 9.2642e+01 1.1610e+03 2.0113e+00    0.30451          2    0.04151    0.04183     39.967        960    10.4535 0.0000e+00    30.0000
    6.50000    6.40502  14.311080  14.326399     6.1079     6.1085    13.3663    13.3820    8.69804    8.76309    1448.10    7.95230   12.42511 8.5207e+01 1.1628e+03 2.3175e+00    0.31568          2    0.04223    0.04212     41.240        991    10.4963 0.0000e+00    31.0000
    6.75000    6.65751  14.406164  14.407644     6.1019     6.0986    13.4657    13.4685    8.68989    8.77727    1448.21    7.94831   12.11428 8.0785e+01 1.1647e+03 2.5224e+00    0.31356          2    0.04230    0.04223     42.581       1023    10.5743 0.0000e+00    33.0000
    7.00000    6.90966  14.426862  14.428024     6.0541     6.0500    13.5067    13.5097    8.69039    8.76569    1448.06    7.95553   11.86291 7.5125e+01 1.1680e+03 3.0009e+00    0.32068          2    0.04226    0.04238     43.889       1054    10.6091 0.0000e+00    30.0000
    7.25000    7.16208  14.428221  14.427701     6.0259     6.0230    13.5198    13.5205    8.69254    8.76656    1447.97    7.96039   11.60969 6.9682e+01 1.1709e+03 3.3374e+00    0.33745          2    0.04176    0.04156     45.098       1083    10.6211 0.0000e+00    29.0000
    7.50000    7.41397  14.429540  14.431864     6.0144     6.0152    13.5256    13.5275    8.69461    8.77146    1447.93    7.96235   11.37238 6.4464e+01 1.1734e+03 3.6717e+00    0.33467          2    0.04239    0.04213     46.378       1114    10.6265 0.0000e+00    32.0000
    7.75000    7.66669  14.437827  14.436944     6.0127     6.0082    13.5344    13.5354    8.69191    8.75220    1447.94    7.96222   11.10942 6.0393e+01 1.1750e+03 4.0359e+00    0.33508          3    0.04263    0.04256     47.747       1147    10.6337 0.0000e+00    32.0000
    8.00000    7.91862  14.431065  14.429787     5.9924     5.9869    13.5359    13.5368    8.67903    8.75513    1447.86    7.96613   10.83857 5.6303e+01 1.1792e+03 4.2474e+00    0.33780          3    0.04208    0.04225     48.999       1177    10.6361 0.0000e+00    29.0000
    8.25000    8.17115  14.427186  14.429468     5.9716     5.9735    13.5404    13.5418    8.68420    8.74503    1447.78    7.96999   10.57913 5.2249e+01 1.1828e+03 4.5191e+00    0.33523          3    0.04199    0.04206     50.266       1207    10.6410 0.0000e+00    32.0000
    8.50000    8.42334  14.433723  14.431830     5.9694     5.9629    13.5476    13.5484    8.67459    8.73869    1447.78    7.97006   10.27849 4.8865e+01 1.1865e+03 4.7055e+00    0.33275          3    0.04187    0.04191     51.619       1240    10.6470 0.0000e+00    32.0000
    8.75000    8.67537  14.425344  14.427037     5.9341     5.9339    13.5537    13.5554    8.68044    8.74850    1447.64    7.97670   10.02631 4.5734e+01 1.1898e+03 4.9943e+00    0.33469          3    0.04212    0.04236     52.924       1271    10.6539 0.0000e+00    31.0000
    9.00000    8.92763  14.433845  14.433740     5.9350     5.9310    13.5616    13.5631    8.66313    8.73806    1447.66    7.97609    9.79494 4.2531e+01 1.1912e+03 4.9709e+00    0.34077          3    0.04216    0.04212     54.153       1301    10.6603 0.0000e+00    29.0000
    9.25000    9.18019  14.432991  14.432102     5.9024     5.8965    13.5742    13.5758    8.65143    8.72628    1447.54    7.98187    9.52281 3.9326e+01 1.1890e+03 5.1521e+00    0.34072          3    0.04214    0.04236     55.438       1332    10.6722 0.0000e+00    32.0000
    9.50000    9.43236  14.424925  14.425661     5.8595     5.8568    13.5838    13.5856    8.63803    8.71539    1447.38    7.98985    9.26731 3.6601e+01 1.1858e+03 5.4711e+00    0.34410          3    0.04176    0.04180     56.780       1364    10.6822 0.0000e+00    32.0000
    9.75000    9.68471  14.438349  14.439383     5.8398     5.8367    13.6054    13.6077    8.63520    8.71414    1447.33    7.99262    9.01486 3.3856e+01 1.1832e+03 5.7411e+00    0.35898          3    0.04214    0.04218     58.048       1394    10.7005 0.0000e+00    30.0000
   10.00000    9.93666  14.460434  14.461905     5.8375     5.8369    13.6284    13.6300    8.62931    8.70148    1447.35    7.99189    8.75897 3.1366e+01 1.1812e+03 6.2555e+00    0.35707          3    0.04162    0.04174     59.319       1425    10.7192 0.0000e+00    31.0000
   10.25000   10.18954  14.471039  14.472042     5.8384     5.8367    13.6382    13.6400    8.62710    8.69544    1447.37    7.99117    8.48738 2.8970e+01 1.1791e+03 6.2992e+00    0.35690          4    0.04191    0.04195     60.634       1456    10.7273 0.0000e+00    32.0000
   10.50000   10.44156  14.480155  14.481323     5.8288     5.8267    13.6513    13.6533    8.62321    8.68568    1447.35    7.99240    8.20142 2.6728e+01 1.1767e+03 6.2532e+00    0.35036          4    0.04186    0.04186     61.936       1487    10.7383 0.0000e+00    30.0000
   10.75000   10.69364  14.492306  14.494049     5.8152     5.8127    13.6692    13.6720    8.61660    8.66523    1447.32    7.99415    7.95248 2.4678e+01 1.1776e+03 6.5649e+00    0.35718          4    0.04205    0.04229     63.206       1518    10.7533 0.0000e+00    31.0000
   11.00000   10.94627  14.517366  14.518555     5.7996     5.7976    13.7011    13.7031    8.60120    8.66816    1447.30    7.99557    7.70210 2.2836e+01 1.1840e+03 6.6905e+00    0.36487          4    0.04238    0.04238     64.482       1549    10.7795 0.0000e+00    30.0000
   11.25000   11.19851  14.544662  14.549172     5.7844     5.7815    13.7352    13.7410    8.58937    8.66109    1447.28    7.99680    7.43637 2.1036e+01 1.1962e+03 6.8304e+00    0.37431          4    0.04255    0.04255     65.764       1579    10.8074 0.0000e+00    31.0000
   11.50000   11.45074  14.605793  14.609964     5.7588     5.7562    13.8085    13.8138    8.57875    8.65774    1447.27    7.99802    7.13987 1.9341e+01 1.2128e+03 6.8020e+00    0.36955          4    0.04194    0.04202     67.074       1611    10.8666 0.0000e+00    32.0000
   11.75000   11.70296  14.639018  14.642199     5.7549     5.7534    13.8438    13.8476    8.56933    8.63562    1447.30    7.99695    6.89543 1.7884e+01 1.2343e+03 7.1951e+00    0.38595          4    0.04212    0.04220     68.368       1642    10.8950 0.0000e+00    31.0000
   12.00000   11.95537  14.660243  14.660357     5.7546     5.7531    13.8652    13.8659    8.59165    8.65291    1447.33    7.99590    6.62272 1.6557e+01 1.2601e+03 7.3894e+00    0.37339          4    0.04181    0.04181     69.657       1673    10.9122 0.0000e+00    31.0000
   12.25000   12.20750  14.677485  14.678565     5.7541     5.7526    13.8829    13.8845    8.59355    8.67703    1447.35    7.99506    6.38295 1.5259e+01 1.2757e+03 7.7942e+00    0.40102          4    0.04198    0.04234     70.940       1704    10.9263 0.0000e+00    30.0000
   12.50000   12.45972  14.703144  14.701466     5.7518     5.7507    13.9098    13.9085    8.60480    8.67407    1447.38    7.99410    6.14061 1.4103e+01 1.2838e+03 8.0162e+00    0.40284          4    0.04244    0.04244     72.233       1735    10.9478 0.0000e+00    32.0000
   12.75000   12.71220  14.720333  14.722687     5.7500     5.7483    13.9280    13.9310    8.58516    8.66514    1447.40    7.99351    5.87805 1.3099e+01 1.2908e+03 8.1433e+00    0.40506          4    0.04202    0.04170     73.522       1766    10.9624 0.0000e+00    30.0000
   13.00000   12.96460  14.759058  14.759903     5.7462     5.7443    13.9690    13.9708    8.54859    8.62383    1447.44    7.99211    5.59697 1.2181e+01 1.3044e+03 7.3530e+00    0.40260          4    0.04200    0.04216     74.785       1796    10.9952 0.0000e+00    31.0000
   13.25000   13.21683  14.793900  14.792527     5.7345     5.7337    14.0098    14.0087    8.49366    8.57247    1447.45    7.99229    5.29826 1.1285e+01 1.3131e+03 6.1875e+00    0.37417          4    0.04234    0.04230     76.060       1826    11.0279 0.0000e+00    30.0000
   13.50000   13.46876  14.803678  14.803672     5.7330     5.7316    14.0203    14.0208    8.50380    8.56387    1447.46    7.99207    4.99694 1.0455e+01 1.3142e+03 5.7477e+00    0.36137          4    0.04220    0.04212     77.344       1857    11.0364 0.0000e+00    31.0000
   13.75000   13.72097  14.820688  14.822681     5.7335     5.7315    14.0373    14.0402    8.51706    8.56589    1447.48    7.99105    4.78944 9.7649e+00 1.3111e+03 5.6878e+00    0.36697          4    0.04270    0.04266     78.626       1888    11.0499 0.0000e+00    31.0000
   14.00000   13.97349  14.844229  14.848250     5.7265     5.7247    14.0644    14.0693    8.49982    8.55786    1447.49    7.99103    4.53706 9.1644e+00 1.3117e+03 5.3906e+00    0.35233          4    0.04247    0.04232     79.902       1919    11.0717 0.0000e+00    31.0000
   14.25000   14.22582  14.894642  14.900935     5.7187     5.7151    14.1195    14.1275    8.51253    8.55551    1447.53    7.98970    4.27003 8.5750e+00 1.3118e+03 5.8318e+00    0.37560          4    0.04218    0.04207     81.215       1950    11.1156 0.0000e+00    32.0000
   14.50000   14.47779  14.975317  14.979234     5.7164     5.7152    14.2032    14.2077    8.51167    8.59136    1447.63    7.98575    4.01070 8.0462e+00 1.3159e+03 6.4996e+00    0.38734          4    0.04197    0.04174     82.530       1982    11.1818 0.0000e+00    31.0000
   14.75000   14.73010  15.127160  15.127502     5.7231     5.7217    14.3566    14.3572    8.53294    8.60995    1447.86    7.97640    3.75988 7.5571e+00 1.3200e+03 6.1629e+00    0.39570          4    0.04231    0.04238     83.817       2013    11.3022 0.0000e+00    31.0000
   15.00000   14.98250  15.307682  15.316474     5.7129     5.7092    14.5467    14.5575    8.46200    8.52119    1448.06    7.96849    3.49701 7.0785e+00 1.3205e+03 6.0443e+00    0.38612          4    0.04235    0.04243     85.114       2044    11.4528 0.0000e+00    31.0000
   15.25000   15.23485  15.417752  15.419835     5.5992     5.5926    14.7128    14.7179    8.36645    8.42073    1447.79    7.98230    3.24270 6.5971e+00 1.3139e+03 5.5966e+00    0.38067          4    0.04243    0.04255     86.421       2075    11.5892 0.0000e+00    31.0000
   15.50000   15.48713  15.508087  15.524339     5.4689     5.4619    14.8667    14.8867    8.32254    8.36966    1447.43    8.00009    2.99729 6.1493e+00 1.2986e+03 6.6524e+00    0.38987          4    0.04190    0.04186     87.684       2105    11.7173 0.0000e+00    30.0000
