example data/fromGithub/from NatalyaEvans_cnv_concatenator/Station00_test_cast1.cnv
* Sea-Bird SBE 9 Data File:
* FileName = C:\CTD\RR1804\Station00_test_cast1.hex
* Software Version Seasave V 7.26.6.26
* Temperature SN = 4307
* Conductivity SN = 4650
* Number of Bytes Per Scan = 44
* Number of Voltage Words = 5
* Number of Scans Averaged by the Deck Unit = 1
* NMEA Latitude = 26 57.55 N
* NMEA Longitude = 114 39.33 W
* NMEA UTC (Time) = Mar 28 2018 22:21:06
** Ship: Revell
** Station: station 00
** Operator: Clara
# nquan = 32
# nvalues = 791                         
# units = specified
# name 0 = timeS: Time, Elapsed [seconds]
# name 1 = scan: Scan Count
# name 2 = prDM: Pressure, Digiquartz [db]
# name 3 = longitude: Longitude [deg]
# name 4 = latitude: Latitude [deg]
# name 5 = depSM: Depth [salt water, m]
# name 6 = t090C: Temperature [ITS-90, deg C]
# name 7 = t190C: Temperature, 2 [ITS-90, deg C]
# name 8 = c0S/m: Conductivity [S/m]
# name 9 = c1S/m: Conductivity, 2 [S/m]
# name 10 = flSP: Fluorescence, Seapoint
# name 11 = CStarAt0: Beam Attenuation, WET Labs C-Star [1/m]
# name 12 = CStarTr0: Beam Transmission, WET Labs C-Star [%]
# name 13 = par: PAR/Irradiance, Biospherical/Licor
# name 14 = modError: Modulo Error Count
# name 15 = v0: Voltage 0
# name 16 = v1: Voltage 1
# name 17 = v2: Voltage 2
# name 18 = v3: Voltage 3
# name 19 = v4: Voltage 4
# name 20 = v5: Voltage 5
# name 21 = v6: Voltage 6
# name 22 = v7: Voltage 7
# name 23 = sbeox0V: Oxygen raw, SBE 43 [V]
# name 24 = sal00: Salinity, Practical [PSU]
# name 25 = sal11: Salinity, Practical, 2 [PSU]
# name 26 = sigma-é00: Density [sigma-theta, kg/m^3]
# name 27 = sigma-é11: Density, 2 [sigma-theta, kg/m^3]
# name 28 = sbeox0Mg/L: Oxygen, SBE 43 [mg/l], WS = 2
# name 29 = sbox0Mm/Kg: Oxygen, SBE 43 [umol/kg], WS = 2
# name 30 = sbeox0PS: Oxygen, SBE 43 [% saturation], WS = 2
# name 31 = flag: flag
# span 0 =    -38.145,   1201.649       
# span 1 =       -914,      28841       
# span 2 =     10.066,    806.860       
# span 3 = -114.65570, -114.65562       
# span 4 =   26.95924,   26.95930       
# span 5 =     10.000,    800.000       
# span 6 =     5.0318,    16.9949       
# span 7 =     5.0322,    17.0407       
# span 8 =   3.338630,   4.338637       
# span 9 =   3.338537,   4.342702       
# span 10 = 4.9199e-02, 2.3510e+00      
# span 11 =    12.3413,    12.6707      
# span 12 =     4.2102,     4.5715      
# span 13 = 5.0652e-02, 4.6130e+01      
# span 14 =          0,          0      
# span 15 =     4.2102,     4.5715      
# span 16 =     0.0164,     0.7837      
# span 17 =     0.5340,     2.7858      
# span 18 =     0.0000,     0.0000      
# span 19 =     3.5177,     4.8898      
# span 20 =     0.0000,     0.0000      
# span 21 =     0.0047,     2.9595      
# span 22 =     0.0000,     0.0000      
# span 23 =     0.5327,     2.7858      
# span 24 =    33.5021,    34.4707      
# span 25 =    33.5005,    34.4692      
# span 26 =    24.5061,    27.2596      
# span 27 =    24.4929,    27.2583      
# span 28 =     0.1598,     7.9301      
# span 29 =      4.863,    241.876      
# span 30 =      1.629,    100.345      
# span 31 = 0.0000e+00, 0.0000e+00      
# interval = meters: 1                  
# start_time = Mar 28 2018 22:21:09 [System UTC, first data scan.]
# bad_flag = -9.990e-29
*END*
[from data line 136]
    458.335      11001    147.018 -114.65564   26.95926    146.000     9.7282     9.7273   3.701577   3.701344 5.4439e-02    12.3455     4.5668 7.5164e-02          0     4.5668     0.0181     1.2365     0.0000     4.2890     0.0000     0.1750     0.0000     1.2359    34.0920    34.0906    26.2913    26.2904     3.0307     92.284     33.191 0.0000e+00
    459.333      11025    148.026 -114.65564   26.95926    147.000     9.7160     9.7164   3.700520   3.700432 5.5237e-02    12.3453     4.5669 7.4998e-02          0     4.5669     0.0184     1.2365     0.0000     4.3617     0.0000     0.1740     0.0000     1.2359    34.0923    34.0910    26.2936    26.2926     3.0298     92.256     33.172 0.0000e+00
    460.399      11051    149.033 -114.65564   26.95926    148.000     9.7133     9.7138   3.700322   3.700242 5.3532e-02    12.3458     4.5664 7.3315e-02          0     4.5664     0.0178     1.2363     0.0000     4.4148     0.0000     0.1641     0.0000     1.2357    34.0924    34.0911    26.2941    26.2930     3.0233     92.059     33.100 0.0000e+00
    461.466      11076    150.040 -114.65564   26.95926    149.000     9.7160     9.7158   3.700964   3.700808 5.3416e-02    12.3458     4.5664 7.1586e-02          0     4.5664     0.0178     1.2346     0.0000     4.3965     0.0000     0.1539     0.0000     1.2341    34.0959    34.0945    26.2965    26.2954     2.9965     91.243     32.809 0.0000e+00
    462.461      11100    151.048 -114.65564   26.95924    150.000     9.7308     9.7308   3.703108   3.702988 5.0887e-02    12.3455     4.5667 6.9222e-02          0     4.5667     0.0170     1.2298     0.0000     4.2494     0.0000     0.1393     0.0000     1.2292    34.1034    34.1023    26.2999    26.2990     2.9516     89.876     32.330 0.0000e+00
    463.476      11124    152.055 -114.65564   26.95924    151.000     9.7467     9.7471   3.705426   3.705330 5.1020e-02    12.3457     4.5666 6.8742e-02          0     4.5666     0.0170     1.2227     0.0000     4.3670     0.0000     0.1363     0.0000     1.2222    34.1117    34.1104    26.3037    26.3027     2.9134     88.713     31.924 0.0000e+00
    464.684      11153    153.062 -114.65564   26.95924    152.000     9.7765     9.7787   3.709190   3.709274 5.2215e-02    12.3456     4.5666 6.7298e-02          0     4.5666     0.0174     1.2132     0.0000     4.3054     0.0000     0.1272     0.0000     1.2127    34.1216    34.1204    26.3065    26.3052     2.8625     87.160     31.388 0.0000e+00
    466.248      11191    154.070 -114.65564   26.95926    153.000     9.7996     9.8000   3.712029   3.711947 5.5323e-02    12.3458     4.5664 6.6215e-02          0     4.5664     0.0184     1.2013     0.0000     4.3225     0.0000     0.1200     0.0000     1.2007    34.1283    34.1271    26.3079    26.3069     2.8280     86.111     31.027 0.0000e+00
    467.650      11225    155.077 -114.65564   26.95926    154.000     9.8040     9.8047   3.713128   3.713093 5.5841e-02    12.3456     4.5666 6.7664e-02          0     4.5666     0.0186     1.1918     0.0000     4.3731     0.0000     0.1295     0.0000     1.1913    34.1350    34.1339    26.3124    26.3115     2.7709     84.373     30.405 0.0000e+00
    468.692      11250    156.084 -114.65564   26.95925    155.000     9.8038     9.8038   3.714182   3.714041 5.5460e-02    12.3452     4.5671 6.6909e-02          0     4.5671     0.0185     1.1817     0.0000     4.4272     0.0000     0.1245     0.0000     1.1811    34.1455    34.1441    26.3207    26.3196     2.7344     83.260     30.006 0.0000e+00
    469.558      11270    157.092 -114.65564   26.95924    156.000     9.7461     9.7456   3.708506   3.708258 5.6590e-02    12.3454     4.5669 6.5143e-02          0     4.5669     0.0188     1.1766     0.0000     4.3818     0.0000     0.1130     0.0000     1.1760    34.1416    34.1395    26.3273    26.3257     2.7454     83.595     30.088 0.0000e+00
    470.333      11289    158.099 -114.65564   26.95924    157.000     9.6796     9.6795   3.702336   3.702189 5.2550e-02    12.3455     4.5667 6.3301e-02          0     4.5667     0.0175     1.1738     0.0000     4.2209     0.0000     0.1006     0.0000     1.1732    34.1409    34.1395    26.3378    26.3367     2.7520     83.795     30.117 0.0000e+00
    471.052      11306    159.107 -114.65564   26.95924    158.000     9.6623     9.6629   3.701003   3.700949 5.1696e-02    12.3451     4.5672 6.0983e-02          0     4.5672     0.0172     1.1720     0.0000     4.2268     0.0000     0.0845     0.0000     1.1714    34.1432    34.1420    26.3425    26.3415     2.7395     83.413     29.969 0.0000e+00
    471.785      11324    160.114 -114.65564   26.95924    159.000     9.6597     9.6600   3.701310   3.701220 4.9199e-02    12.3453     4.5670 6.1148e-02          0     4.5670     0.0164     1.1683     0.0000     4.2140     0.0000     0.0854     0.0000     1.1677    34.1483    34.1471    26.3469    26.3459     2.7097     82.506     29.642 0.0000e+00
    472.622      11344    161.121 -114.65564   26.95924    160.000     9.6628     9.6633   3.702434   3.702364 5.1374e-02    12.3456     4.5667 6.0291e-02          0     4.5667     0.0171     1.1630     0.0000     4.3279     0.0000     0.0797     0.0000     1.1624    34.1564    34.1553    26.3528    26.3518     2.6842     81.729     29.367 0.0000e+00
    473.909      11375    162.129 -114.65564   26.95924    161.000     9.6579     9.6581   3.702147   3.702049 5.4414e-02    12.3453     4.5670 5.6508e-02          0     4.5670     0.0181     1.1562     0.0000     4.3113     0.0000     0.0516     0.0000     1.1556    34.1577    34.1565    26.3546    26.3536     2.6718     81.352     29.228 0.0000e+00
    475.874      11422    163.136 -114.65564   26.95924    162.000     9.6500     9.6503   3.701761   3.701646 5.3218e-02    12.3452     4.5671 5.6532e-02          0     4.5671     0.0177     1.1495     0.0000     4.4292     0.0000     0.0518     0.0000     1.1489    34.1608    34.1593    26.3584    26.3572     2.6505     80.703     28.991 0.0000e+00
    477.166      11453    164.144 -114.65564   26.95924    163.000     9.6479     9.6485   3.701953   3.701890 5.5180e-02    12.3447     4.5677 5.7056e-02          0     4.5677     0.0184     1.1445     0.0000     4.3524     0.0000     0.0559     0.0000     1.1438    34.1643    34.1631    26.3615    26.3604     2.6300     80.077     28.766 0.0000e+00
    478.042      11474    165.151 -114.65564   26.95924    164.000     9.6384     9.6388   3.701211   3.701145 5.3256e-02    12.3452     4.5671 5.6239e-02          0     4.5671     0.0177     1.1415     0.0000     4.5206     0.0000     0.0497     0.0000     1.1409    34.1652    34.1642    26.3638    26.3629     2.6237     79.886     28.691 0.0000e+00
    478.818      11493    166.159 -114.65564   26.95924    165.000     9.6311     9.6314   3.700598   3.700499 5.2497e-02    12.3450     4.5674 5.2606e-02          0     4.5674     0.0175     1.1395     0.0000     4.2872     0.0000     0.0208     0.0000     1.1389    34.1654    34.1641    26.3651    26.3640     2.6207     79.794     28.654 0.0000e+00
    479.592      11511    167.166 -114.65564   26.95925    166.000     9.6252     9.6257   3.700148   3.700078 5.3104e-02    12.3457     4.5665 5.1584e-02          0     4.5665     0.0177     1.1377     0.0000     4.3689     0.0000     0.0125     0.0000     1.1370    34.1659    34.1648    26.3665    26.3656     2.6132     79.567     28.569 0.0000e+00
    480.448      11532    168.173 -114.65564   26.95926    167.000     9.6190     9.6190   3.699647   3.699509 5.3114e-02    12.3448     4.5675 5.1950e-02          0     4.5675     0.0177     1.1353     0.0000     4.3073     0.0000     0.0155     0.0000     1.1347    34.1663    34.1648    26.3679    26.3667     2.5994     79.146     28.414 0.0000e+00
    481.514      11557    169.181 -114.65564   26.95926    168.000     9.5990     9.5991   3.698281   3.698193 5.3667e-02    12.3451     4.5672 5.1293e-02          0     4.5672     0.0179     1.1311     0.0000     4.3776     0.0000     0.0100     0.0000     1.1305    34.1707    34.1697    26.3747    26.3738     2.5701     78.251     28.081 0.0000e+00
    482.909      11591    170.188 -114.65564   26.95926    169.000     9.6100     9.6105   3.700076   3.699986 5.6695e-02    12.3455     4.5668 5.0928e-02          0     4.5668     0.0189     1.1234     0.0000     4.2699     0.0000     0.0071     0.0000     1.1227    34.1783    34.1769    26.3788    26.3776     2.5239     76.846     27.585 0.0000e+00
    484.228      11622    171.196 -114.65564   26.95924    170.000     9.6087     9.6088   3.700434   3.700315 5.8870e-02    12.3450     4.5674 5.0764e-02          0     4.5674     0.0196     1.1150     0.0000     4.3021     0.0000     0.0057     0.0000     1.1143    34.1827    34.1814    26.3825    26.3814     2.4997     76.110     27.321 0.0000e+00
    485.251      11647    172.203 -114.65564   26.95926    171.000     9.5806     9.5806   3.697737   3.697606 5.7560e-02    12.3451     4.5672 5.0871e-02          0     4.5672     0.0192     1.1108     0.0000     4.2542     0.0000     0.0066     0.0000     1.1102    34.1812    34.1799    26.3860    26.3849     2.5015     76.163     27.323 0.0000e+00
    486.086      11667    173.211 -114.65564   26.95926    172.000     9.5645     9.5652   3.696219   3.696203 5.7258e-02    12.3452     4.5670 5.0670e-02          0     4.5670     0.0191     1.1087     0.0000     4.2431     0.0000     0.0049     0.0000     1.1081    34.1805    34.1797    26.3881    26.3873     2.4952     75.971     27.245 0.0000e+00
    486.866      11686    174.218 -114.65564   26.95926    173.000     9.5689     9.5692   3.696905   3.696832 5.5943e-02    12.3452     4.5671 5.0671e-02          0     4.5671     0.0186     1.1061     0.0000     4.2720     0.0000     0.0049     0.0000     1.1055    34.1829    34.1819    26.3892    26.3884     2.4564     74.791     26.824 0.0000e+00
    487.641      11704    175.226 -114.65564   26.95926    174.000     9.5823     9.5826   3.699454   3.699473 5.9255e-02    12.3457     4.5665 5.0671e-02          0     4.5665     0.0197     1.0989     0.0000     4.4014     0.0000     0.0049     0.0000     1.0983    34.1960    34.1958    26.3973    26.3971     2.3698     72.151     25.887 0.0000e+00
    488.476      11724    176.233 -114.65564   26.95926    175.000     9.6306     9.6322   3.706116   3.706244 6.0435e-02    12.3450     4.5673 5.0671e-02          0     4.5673     0.0201     1.0849     0.0000     4.3660     0.0000     0.0049     0.0000     1.0842    34.2180    34.2178    26.4066    26.4062     2.2717     69.167     24.846 0.0000e+00
    489.489      11749    177.240 -114.65564   26.95926    176.000     9.6536     9.6545   3.709135   3.709130 5.7902e-02    12.3449     4.5674 5.0671e-02          0     4.5674     0.0193     1.0674     0.0000     4.2845     0.0000     0.0049     0.0000     1.0667    34.2267    34.2259    26.4095    26.4087     2.2176     67.520     24.268 0.0000e+00
    490.791      11780    178.248 -114.65564   26.95926    177.000     9.6548     9.6554   3.709468   3.709415 5.8497e-02    12.3451     4.5672 5.0671e-02          0     4.5672     0.0195     1.0519     0.0000     4.4263     0.0000     0.0049     0.0000     1.0512    34.2286    34.2275    26.4108    26.4099     2.2085     67.242     24.170 0.0000e+00
    492.114      11812    179.255 -114.65564   26.95926    178.000     9.6268     9.6268   3.706718   3.706622 5.8363e-02    12.3452     4.5671 5.0671e-02          0     4.5671     0.0194     1.0439     0.0000     4.4572     0.0000     0.0049     0.0000     1.0431    34.2265    34.2255    26.4139    26.4131     2.2049     67.132     24.115 0.0000e+00
    493.173      11837    180.263 -114.65564   26.95926    179.000     9.5986     9.5988   3.704514   3.704433 5.5484e-02    12.3453     4.5669 5.0671e-02          0     4.5669     0.0185     1.0380     0.0000     4.5293     0.0000     0.0049     0.0000     1.0373    34.2302    34.2292    26.4215    26.4206     2.1778     66.305     23.804 0.0000e+00
    494.074      11859    181.270 -114.65564   26.95926    180.000     9.5898     9.5900   3.704028   3.703933 5.2878e-02    12.3449     4.5674 5.0671e-02          0     4.5674     0.0176     1.0327     0.0000     4.4653     0.0000     0.0049     0.0000     1.0320    34.2331    34.2319    26.4252    26.4242     2.1613     65.803     23.620 0.0000e+00
    494.933      11879    182.278 -114.65564   26.95926    181.000     9.5826     9.5830   3.703441   3.703381 5.4037e-02    12.3448     4.5676 5.0671e-02          0     4.5676     0.0180     1.0287     0.0000     4.3503     0.0000     0.0049     0.0000     1.0279    34.2335    34.2325    26.4267    26.4259     2.1552     65.617     23.549 0.0000e+00
    495.915      11903    183.286 -114.65565   26.95926    182.000     9.5824     9.5828   3.703562   3.703490 5.2723e-02    12.3447     4.5676 5.0671e-02          0     4.5676     0.0176     1.0253     0.0000     4.3767     0.0000     0.0049     0.0000     1.0246    34.2344    34.2333    26.4275    26.4265     2.1500     65.459     23.493 0.0000e+00
    497.132      11932    184.293 -114.65566   26.95926    183.000     9.5820     9.5824   3.703664   3.703580 5.4806e-02    12.3449     4.5675 5.0671e-02          0     4.5675     0.0183     1.0219     0.0000     4.4549     0.0000     0.0049     0.0000     1.0211    34.2354    34.2342    26.4284    26.4273     2.1408     65.178     23.392 0.0000e+00
    498.505      11965    185.300 -114.65566   26.95926    184.000     9.5775     9.5777   3.703432   3.703342 5.3197e-02    12.3447     4.5677 5.0671e-02          0     4.5677     0.0177     1.0183     0.0000     4.3813     0.0000     0.0049     0.0000     1.0176    34.2368    34.2357    26.4302    26.4293     2.1167     64.445     23.127 0.0000e+00
    499.637      11992    186.308 -114.65566   26.95926    185.000     9.5784     9.5795   3.704256   3.704343 5.2710e-02    12.3446     4.5678 5.0671e-02          0     4.5678     0.0176     1.0121     0.0000     4.5040     0.0000     0.0049     0.0000     1.0113    34.2441    34.2439    26.4357    26.4354     2.0387     62.069     22.276 0.0000e+00
    500.570      12015    187.315 -114.65566   26.95926    186.000     9.6155     9.6170   3.709722   3.709800 5.2949e-02    12.3445     4.5679 5.0671e-02          0     4.5679     0.0176     0.9995     0.0000     4.5901     0.0000     0.0049     0.0000     0.9987    34.2644    34.2639    26.4455    26.4449     1.9593     59.651     21.429 0.0000e+00
    501.461      12036    188.323 -114.65566   26.95926    187.000     9.5517     9.5538   3.703434   3.703478 5.1977e-02    12.3450     4.5673 5.0671e-02          0     4.5673     0.0173     0.9892     0.0000     4.5842     0.0000     0.0049     0.0000     0.9884    34.2601    34.2586    26.4527    26.4512     1.9523     59.437     21.321 0.0000e+00
    502.405      12059    189.331 -114.65566   26.95926    188.000     9.5223     9.5234   3.700643   3.700614 5.6067e-02    12.3450     4.5673 5.0671e-02          0     4.5673     0.0187     0.9830     0.0000     4.5478     0.0000     0.0049     0.0000     0.9822    34.2589    34.2576    26.4566    26.4554     1.9613     59.711     21.406 0.0000e+00
    503.477      12084    190.338 -114.65566   26.95926    189.000     9.5100     9.5087   3.699468   3.699231 5.6635e-02    12.3446     4.5677 5.0671e-02          0     4.5677     0.0189     0.9788     0.0000     4.4579     0.0000     0.0049     0.0000     0.9780    34.2581    34.2568    26.4580    26.4572     1.9602     59.679     21.388 0.0000e+00
    504.571      12111    191.346 -114.65566   26.95927    190.000     9.4836     9.4799   3.697083   3.696656 5.3939e-02    12.3452     4.5671 5.0671e-02          0     4.5671     0.0180     0.9758     0.0000     4.4247     0.0000     0.0049     0.0000     0.9750    34.2583    34.2573    26.4625    26.4624     1.9581     59.613     21.353 0.0000e+00
