example data/fromGithub/from NatalyaEvans_cnv_concatenator/Station01_test_cast2.cnv
* Sea-Bird SBE 9 Data File:
* FileName = C:\CTD\RR1804\Station01_test_cast2.hex
* Software Version Seasave V 7.26.6.26
* Temperature SN = 4307
* Conductivity SN = 4650
* Number of Bytes Per Scan = 44
* Number of Voltage Words = 5
* Number of Scans Averaged by the Deck Unit = 1
* NMEA Latitude = 22 40.01 N
* NMEA Longitude = 109 59.78 W
* NMEA UTC (Time) = Mar 30 2018 03:45:34
** Ship: Revell
** Station: station 01
** Operator: Wendi
# nquan = 32
# nvalues = 1194                        
# units = specified
# name 0 = timeS: Time, Elapsed [seconds]
# name 1 = scan: Scan Count
# name 2 = prDM: Pressure, Digiquartz [db]
# name 3 = longitude: Longitude [deg]
# name 4 = latitude: Latitude [deg]
# name 5 = depSM: Depth [salt water, m]
# name 6 = t090C: Temperature [ITS-90, deg C]
# name 7 = t190C: Temperature, 2 [ITS-90, deg C]
# name 8 = c0S/m: Conductivity [S/m]
# name 9 = c1S/m: Conductivity, 2 [S/m]
# name 10 = flSP: Fluorescence, Seapoint
# name 11 = CStarAt0: Beam Attenuation, WET Labs C-Star [1/m]
# name 12 = CStarTr0: Beam Transmission, WET Labs C-Star [%]
# name 13 = par: PAR/Irradiance, Biospherical/Licor
# name 14 = modError: Modulo Error Count
# name 15 = v0: Voltage 0
# name 16 = v1: Voltage 1
# name 17 = v2: Voltage 2
# name 18 = v3: Voltage 3
# name 19 = v4: Voltage 4
# name 20 = v5: Voltage 5
# name 21 = v6: Voltage 6
# name 22 = v7: Voltage 7
# name 23 = sbeox0V: Oxygen raw, SBE 43 [V]
# name 24 = sal00: Salinity, Practical [PSU]
# name 25 = sal11: Salinity, Practical, 2 [PSU]
# name 26 = sigma-é00: Density [sigma-theta, kg/m^3]
# name 27 = sigma-é11: Density, 2 [sigma-theta, kg/m^3]
# name 28 = sbeox0Mg/L: Oxygen, SBE 43 [mg/l], WS = 2
# name 29 = sbox0Mm/Kg: Oxygen, SBE 43 [umol/kg], WS = 2
# name 30 = sbeox0PS: Oxygen, SBE 43 [% saturation], WS = 2
# name 31 = flag: flag
# span 0 =     14.061,   1660.915       
# span 1 =        338,      39863       
# span 2 =      1.006,   1205.020       
# span 3 = -109.99768, -109.99640       
# span 4 =   22.66672,   22.66684       
# span 5 =      1.000,   1194.000       
# span 6 =     3.7363,    21.7925       
# span 7 =     3.7361,    21.7918       
# span 8 =   3.248086,   4.890689       
# span 9 =   3.247979,   4.890428       
# span 10 = 1.4697e-02, 2.8363e+00      
# span 11 =    12.3410,    12.5295      
# span 12 =     4.3614,     4.5718      
# span 13 = 5.0508e-02, 9.9029e-01      
# span 14 =          0,          0      
# span 15 =     4.3614,     4.5718      
# span 16 =     0.0049,     0.9454      
# span 17 =     0.5092,     2.7570      
# span 18 =     0.0000,     0.0000      
# span 19 =     0.2916,     4.8588      
# span 20 =     0.0000,     0.0000      
# span 21 =     0.0037,     1.2566      
# span 22 =     0.0000,     0.0000      
# span 23 =     0.5083,     2.7570      
# span 24 =    33.9332,    34.7092      
# span 25 =    33.9276,    34.7073      
# span 26 =    23.7696,    27.4712      
# span 27 =    23.7687,    27.4703      
# span 28 =     0.0415,     7.2116      
# span 29 =      1.264,    220.113      
# span 30 =      0.448,     99.069      
# span 31 = 0.0000e+00, 0.0000e+00      
# interval = meters: 1                  
# start_time = Mar 30 2018 03:45:37 [System UTC, first data scan.]
# bad_flag = -9.990e-29
*END*
[from data line 862]
   1169.666      28073    870.270 -109.99718   22.66674    863.000     5.1083     5.1086   3.352130   3.352076 2.5506e-02    12.3443     4.5681 5.9162e-02          0     4.5681     0.0085     0.5299     0.0000     4.7486     0.0000     0.0715     0.0000     0.5294    34.5156    34.5146    27.2870    27.2862     0.1575      4.792      1.557 0.0000e+00
   1170.668      28097    871.280 -109.99718   22.66674    864.000     5.1054     5.1057   3.351927   3.351874 2.6165e-02    12.3441     4.5684 5.8744e-02          0     4.5684     0.0087     0.5300     0.0000     4.7493     0.0000     0.0681     0.0000     0.5295    34.5157    34.5149    27.2875    27.2868     0.1583      4.814      1.564 0.0000e+00
   1171.507      28117    872.291 -109.99718   22.66674    865.000     5.1035     5.1038   3.351811   3.351752 2.6010e-02    12.3444     4.5680 5.9597e-02          0     4.5680     0.0087     0.5301     0.0000     4.7456     0.0000     0.0743     0.0000     0.5296    34.5158    34.5149    27.2878    27.2870     0.1601      4.872      1.583 0.0000e+00
   1172.290      28136    873.301 -109.99718   22.66674    866.000     5.0975     5.0977   3.351330   3.351275 2.5642e-02    12.3439     4.5686 6.0729e-02          0     4.5686     0.0085     0.5302     0.0000     4.7471     0.0000     0.0828     0.0000     0.5297    34.5160    34.5151    27.2887    27.2879     0.1604      4.878      1.585 0.0000e+00
   1173.069      28155    874.312 -109.99718   22.66674    867.000     5.0920     5.0922   3.350891   3.350824 2.9337e-02    12.3444     4.5680 5.6955e-02          0     4.5680     0.0098     0.5303     0.0000     4.7479     0.0000     0.0550     0.0000     0.5298    34.5161    34.5151    27.2894    27.2886     0.1596      4.857      1.578 0.0000e+00
   1173.902      28175    875.322 -109.99718   22.66674    868.000     5.0838     5.0842   3.350221   3.350163 3.6160e-02    12.3440     4.5684 5.6914e-02          0     4.5684     0.0120     0.5303     0.0000     4.7469     0.0000     0.0545     0.0000     0.5298    34.5164    34.5153    27.2906    27.2896     0.1645      5.005      1.625 0.0000e+00
   1174.872      28198    876.333 -109.99718   22.66674    869.000     5.0755     5.0759   3.349544   3.349486 6.2184e-02    12.3451     4.5672 5.7070e-02          0     4.5672     0.0208     0.5307     0.0000     4.7466     0.0000     0.0560     0.0000     0.5303    34.5165    34.5155    27.2916    27.2908     0.1652      5.025      1.632 0.0000e+00
   1176.153      28229    877.344 -109.99718   22.66674    870.000     5.0691     5.0688   3.349016   3.348911 6.3785e-02    12.3442     4.5682 5.6098e-02          0     4.5682     0.0213     0.5308     0.0000     4.7486     0.0000     0.0484     0.0000     0.5304    34.5166    34.5157    27.2924    27.2918     0.1638      4.982      1.618 0.0000e+00
   1177.472      28260    878.354 -109.99718   22.66674    871.000     5.0661     5.0663   3.348818   3.348748 6.3225e-02    12.3442     4.5682 5.6634e-02          0     4.5682     0.0211     0.5310     0.0000     4.7474     0.0000     0.0528     0.0000     0.5306    34.5169    34.5159    27.2930    27.2922     0.1658      5.044      1.638 0.0000e+00
   1178.470      28284    879.365 -109.99718   22.66674    872.000     5.0649     5.0652   3.348763   3.348710 6.2755e-02    12.3440     4.5685 5.5473e-02          0     4.5685     0.0210     0.5311     0.0000     4.7464     0.0000     0.0436     0.0000     0.5306    34.5170    34.5161    27.2932    27.2925     0.1631      4.961      1.611 0.0000e+00
   1179.332      28305    880.375 -109.99718   22.66674    873.000     5.0634     5.0638   3.348680   3.348632 6.3196e-02    12.3445     4.5679 5.4827e-02          0     4.5679     0.0211     0.5310     0.0000     4.7444     0.0000     0.0385     0.0000     0.5306    34.5172    34.5162    27.2936    27.2927     0.1648      5.013      1.628 0.0000e+00
   1180.145      28324    881.386 -109.99718   22.66674    874.000     5.0630     5.0632   3.348693   3.348634 6.3236e-02    12.3443     4.5681 5.9836e-02          0     4.5681     0.0211     0.5312     0.0000     4.7491     0.0000     0.0762     0.0000     0.5308    34.5171    34.5163    27.2936    27.2929     0.1668      5.075      1.648 0.0000e+00
   1180.987      28345    882.396 -109.99718   22.66674    875.000     5.0619     5.0622   3.348639   3.348581 6.4446e-02    12.3445     4.5680 5.5933e-02          0     4.5680     0.0215     0.5313     0.0000     4.7468     0.0000     0.0473     0.0000     0.5309    34.5172    34.5162    27.2938    27.2929     0.1643      4.997      1.622 0.0000e+00
   1181.952      28368    883.407 -109.99718   22.66674    876.000     5.0573     5.0574   3.348265   3.348181 6.3012e-02    12.3441     4.5683 5.8265e-02          0     4.5683     0.0210     0.5312     0.0000     4.7200     0.0000     0.0647     0.0000     0.5307    34.5171    34.5161    27.2942    27.2934     0.1650      5.021      1.630 0.0000e+00
   1183.050      28394    884.417 -109.99718   22.66674    877.000     5.0538     5.0542   3.347987   3.347944 6.3961e-02    12.3442     4.5683 6.0633e-02          0     4.5683     0.0214     0.5312     0.0000     4.5944     0.0000     0.0821     0.0000     0.5308    34.5171    34.5161    27.2946    27.2938     0.1663      5.060      1.642 0.0000e+00
   1184.233      28423    885.428 -109.99718   22.66674    878.000     5.0482     5.0483   3.347536   3.347459 6.3343e-02    12.3442     4.5682 6.1421e-02          0     4.5682     0.0212     0.5317     0.0000     4.5879     0.0000     0.0877     0.0000     0.5313    34.5171    34.5161    27.2953    27.2945     0.1718      5.228      1.697 0.0000e+00
   1185.483      28453    886.439 -109.99718   22.66674    879.000     5.0395     5.0397   3.346823   3.346757 6.3575e-02    12.3440     4.5685 6.2836e-02          0     4.5685     0.0212     0.5318     0.0000     4.5880     0.0000     0.0975     0.0000     0.5313    34.5174    34.5164    27.2965    27.2958     0.1685      5.126      1.663 0.0000e+00
   1186.645      28480    887.449 -109.99718   22.66674    880.000     5.0318     5.0321   3.346246   3.346173 6.3116e-02    12.3442     4.5682 6.1027e-02          0     4.5682     0.0211     0.5320     0.0000     4.5867     0.0000     0.0848     0.0000     0.5315    34.5181    34.5170    27.2980    27.2971     0.1705      5.185      1.682 0.0000e+00
   1187.638      28504    888.460 -109.99718   22.66674    881.000     5.0297     5.0301   3.346119   3.346057 6.3104e-02    12.3441     4.5683 5.8430e-02          0     4.5683     0.0211     0.5321     0.0000     4.5879     0.0000     0.0661     0.0000     0.5316    34.5183    34.5172    27.2984    27.2975     0.1723      5.240      1.700 0.0000e+00
   1188.520      28525    889.471 -109.99718   22.66674    882.000     5.0291     5.0296   3.346118   3.346069 6.4284e-02    12.3439     4.5685 5.8192e-02          0     4.5685     0.0215     0.5323     0.0000     4.5892     0.0000     0.0644     0.0000     0.5318    34.5184    34.5174    27.2985    27.2977     0.1707      5.191      1.684 0.0000e+00
   1189.370      28546    890.481 -109.99718   22.66674    883.000     5.0289     5.0292   3.346145   3.346086 6.2802e-02    12.3443     4.5681 5.5540e-02          0     4.5681     0.0210     0.5323     0.0000     4.5899     0.0000     0.0441     0.0000     0.5318    34.5184    34.5174    27.2986    27.2978     0.1697      5.161      1.674 0.0000e+00
   1190.255      28567    891.492 -109.99720   22.66674    884.000     5.0287     5.0290   3.346181   3.346114 6.2444e-02    12.3444     4.5680 5.8227e-02          0     4.5680     0.0209     0.5322     0.0000     4.5906     0.0000     0.0647     0.0000     0.5317    34.5185    34.5174    27.2987    27.2978     0.1693      5.149      1.670 0.0000e+00
   1191.205      28590    892.502 -109.99720   22.66674    885.000     5.0286     5.0289   3.346214   3.346144 6.2275e-02    12.3439     4.5685 5.9004e-02          0     4.5685     0.0208     0.5322     0.0000     4.5897     0.0000     0.0705     0.0000     0.5317    34.5186    34.5175    27.2988    27.2979     0.1693      5.150      1.671 0.0000e+00
   1192.263      28615    893.513 -109.99720   22.66674    886.000     5.0283     5.0285   3.346222   3.346172 6.2271e-02    12.3440     4.5684 5.8360e-02          0     4.5684     0.0208     0.5322     0.0000     4.5901     0.0000     0.0657     0.0000     0.5318    34.5185    34.5177    27.2988    27.2981     0.1701      5.176      1.679 0.0000e+00
   1193.499      28645    894.524 -109.99720   22.66674    887.000     5.0278     5.0281   3.346247   3.346178 2.9235e-02    12.3443     4.5681 5.7863e-02          0     4.5681     0.0097     0.5322     0.0000     4.5913     0.0000     0.0619     0.0000     0.5317    34.5187    34.5176    27.2990    27.2981     0.1697      5.163      1.675 0.0000e+00
   1194.782      28676    895.534 -109.99720   22.66674    888.000     5.0277     5.0281   3.346281   3.346224 2.4760e-02    12.3442     4.5682 5.8584e-02          0     4.5682     0.0082     0.5324     0.0000     4.5910     0.0000     0.0672     0.0000     0.5319    34.5187    34.5177    27.2991    27.2982     0.1721      5.236      1.698 0.0000e+00
   1195.884      28702    896.545 -109.99720   22.66674    889.000     5.0271     5.0274   3.346278   3.346218 4.9861e-02    12.3443     4.5681 5.9738e-02          0     4.5681     0.0166     0.5324     0.0000     4.5948     0.0000     0.0756     0.0000     0.5319    34.5188    34.5179    27.2992    27.2984     0.1705      5.185      1.682 0.0000e+00
   1196.827      28725    897.556 -109.99720   22.66674    890.000     5.0201     5.0209   3.345711   3.345684 6.2648e-02    12.3444     4.5680 5.7916e-02          0     4.5680     0.0209     0.5324     0.0000     4.5940     0.0000     0.0624     0.0000     0.5319    34.5190    34.5179    27.3001    27.2992     0.1701      5.175      1.679 0.0000e+00
   1197.685      28745    898.566 -109.99720   22.66674    891.000     5.0106     5.0109   3.344934   3.344867 6.2267e-02    12.3442     4.5683 5.8196e-02          0     4.5683     0.0208     0.5323     0.0000     4.5938     0.0000     0.0643     0.0000     0.5318    34.5194    34.5182    27.3016    27.3006     0.1708      5.196      1.685 0.0000e+00
   1198.529      28766    899.577 -109.99720   22.66674    892.000     5.0075     5.0078   3.344696   3.344631 6.2615e-02    12.3441     4.5684 5.8861e-02          0     4.5684     0.0209     0.5324     0.0000     4.5939     0.0000     0.0691     0.0000     0.5319    34.5193    34.5183    27.3019    27.3010     0.1715      5.216      1.691 0.0000e+00
   1199.395      28786    900.588 -109.99720   22.66674    893.000     5.0059     5.0062   3.344604   3.344550 6.2637e-02    12.3439     4.5686 5.7420e-02          0     4.5686     0.0209     0.5325     0.0000     4.5929     0.0000     0.0584     0.0000     0.5320    34.5194    34.5185    27.3021    27.3013     0.1711      5.205      1.687 0.0000e+00
   1200.333      28809    901.598 -109.99722   22.66674    894.000     5.0051     5.0055   3.344577   3.344527 6.2564e-02    12.3442     4.5682 5.9241e-02          0     4.5682     0.0209     0.5324     0.0000     4.5901     0.0000     0.0721     0.0000     0.5319    34.5194    34.5184    27.3022    27.3014     0.1708      5.196      1.685 0.0000e+00
   1201.475      28836    902.609 -109.99722   22.66674    895.000     5.0055     5.0058   3.344661   3.344598 6.2523e-02    12.3440     4.5684 5.8572e-02          0     4.5684     0.0209     0.5325     0.0000     4.5855     0.0000     0.0672     0.0000     0.5320    34.5194    34.5184    27.3022    27.3014     0.1721      5.236      1.697 0.0000e+00
   1202.746      28867    903.620 -109.99722   22.66674    896.000     5.0048     5.0052   3.344653   3.344587 6.2544e-02    12.3443     4.5681 5.6415e-02          0     4.5681     0.0209     0.5325     0.0000     4.5793     0.0000     0.0508     0.0000     0.5320    34.5195    34.5184    27.3024    27.3015     0.1724      5.245      1.700 0.0000e+00
   1203.809      28892    904.630 -109.99722   22.66674    897.000     5.0031     5.0036   3.344535   3.344494 4.8444e-02    12.3441     4.5683 5.9084e-02          0     4.5683     0.0162     0.5326     0.0000     4.5792     0.0000     0.0710     0.0000     0.5321    34.5195    34.5185    27.3026    27.3017     0.1720      5.233      1.697 0.0000e+00
   1204.804      28916    905.641 -109.99722   22.66674    898.000     5.0001     5.0004   3.344317   3.344260 3.5932e-02    12.3443     4.5681 5.9132e-02          0     4.5681     0.0120     0.5326     0.0000     4.5771     0.0000     0.0713     0.0000     0.5321    34.5196    34.5186    27.3030    27.3022     0.1717      5.224      1.693 0.0000e+00
   1205.898      28943    906.652 -109.99722   22.66674    899.000     4.9950     4.9954   3.343910   3.343849 2.5485e-02    12.3442     4.5682 5.8394e-02          0     4.5682     0.0085     0.5326     0.0000     4.5750     0.0000     0.0659     0.0000     0.5321    34.5196    34.5185    27.3036    27.3027     0.1760      5.353      1.735 0.0000e+00
   1207.114      28972    907.662 -109.99722   22.66674    900.000     4.9891     4.9896   3.343456   3.343396 2.5511e-02    12.3444     4.5680 5.6098e-02          0     4.5680     0.0085     0.5333     0.0000     4.5762     0.0000     0.0482     0.0000     0.5328    34.5199    34.5188    27.3045    27.3036     0.1789      5.444      1.764 0.0000e+00
   1208.231      28999    908.673 -109.99722   22.66674    901.000     4.9865     4.9870   3.343262   3.343210 2.6712e-02    12.3440     4.5685 5.5365e-02          0     4.5685     0.0089     0.5332     0.0000     4.5786     0.0000     0.0427     0.0000     0.5327    34.5199    34.5188    27.3048    27.3039     0.1764      5.367      1.739 0.0000e+00
   1209.205      29022    909.684 -109.99722   22.66674    902.000     4.9825     4.9828   3.342948   3.342881 2.6914e-02    12.3444     4.5681 5.5177e-02          0     4.5681     0.0089     0.5333     0.0000     4.5759     0.0000     0.0414     0.0000     0.5328    34.5199    34.5188    27.3053    27.3044     0.1775      5.398      1.749 0.0000e+00
   1210.079      29043    910.695 -109.99722   22.66674    903.000     4.9749     4.9753   3.342339   3.342269 4.6857e-02    12.3443     4.5682 5.6023e-02          0     4.5682     0.0156     0.5335     0.0000     4.5718     0.0000     0.0479     0.0000     0.5330    34.5202    34.5190    27.3064    27.3054     0.1780      5.416      1.755 0.0000e+00
   1210.896      29062    911.705 -109.99722   22.66674    904.000     4.9689     4.9691   3.341855   3.341772 2.7515e-02    12.3443     4.5681 5.7502e-02          0     4.5681     0.0092     0.5334     0.0000     4.5519     0.0000     0.0591     0.0000     0.5329    34.5203    34.5192    27.3072    27.3062     0.1771      5.388      1.746 0.0000e+00
   1211.723      29082    912.716 -109.99722   22.66674    905.000     4.9647     4.9650   3.341540   3.341465 2.7833e-02    12.3443     4.5682 5.6062e-02          0     4.5682     0.0093     0.5336     0.0000     4.5244     0.0000     0.0482     0.0000     0.5331    34.5205    34.5194    27.3078    27.3069     0.1792      5.450      1.765 0.0000e+00
   1212.664      29105    913.727 -109.99722   22.66674    906.000     4.9633     4.9636   3.341456   3.341390 2.6998e-02    12.3441     4.5683 5.6242e-02          0     4.5683     0.0090     0.5336     0.0000     4.5218     0.0000     0.0494     0.0000     0.5331    34.5205    34.5194    27.3079    27.3070     0.1800      5.476      1.774 0.0000e+00
