example data/fromGithub/from NatalyaEvans_cnv_concatenator/Station01_test_cast2.cnv
* Sea-Bird SBE 9 Data File:
* FileName = C:\CTD\RR1804\Station01_test_cast2.hex
* Software Version Seasave V 7.26.6.26
* Temperature SN = 4307
* Conductivity SN = 4650
* Number of Bytes Per Scan = 44
* Number of Voltage Words = 5
* Number of Scans Averaged by the Deck Unit = 1
* NMEA Latitude = 22 40.01 N
* NMEA Longitude = 109 59.78 W
* NMEA UTC (Time) = Mar 30 2018 03:45:34
** Ship: Revell
** Station: station 01
** Operator: Wendi
# nquan = 32
# nvalues = 1194                        
# units = specified
# name 0 = timeS: Time, Elapsed [seconds]
# name 1 = scan: Scan Count
# name 2 = prDM: Pressure, Digiquartz [db]
# name 3 = longitude: Longitude [deg]
# name 4 = latitude: Latitude [deg]
# name 5 = depSM: Depth [salt water, m]
# name 6 = t090C: Temperature [ITS-90, deg C]
# name 7 = t190C: Temperature, 2 [ITS-90, deg C]
# name 8 = c0S/m: Conductivity [S/m]
# name 9 = c1S/m: Conductivity, 2 [S/m]
# name 10 = flSP: Fluorescence, Seapoint
# name 11 = CStarAt0: Beam Attenuation, WET Labs C-Star [1/m]
# name 12 = CStarTr0: Beam Transmission, WET Labs C-Star [%]
# name 13 = par: PAR/Irradiance, Biospherical/Licor
# name 14 = modError: Modulo Error Count
# name 15 = v0: Voltage 0
# name 16 = v1: Voltage 1
# name 17 = v2: Voltage 2
# name 18 = v3: Voltage 3
# name 19 = v4: Voltage 4
# name 20 = v5: Voltage 5
# name 21 = v6: Voltage 6
# name 22 = v7: Voltage 7
# name 23 = sbeox0V: Oxygen raw, SBE 43 [V]
# name 24 = sal00: Salinity, Practical [PSU]
# name 25 = sal11: Salinity, Practical, 2 [PSU]
# name 26 = sigma-é00: Density [sigma-theta, kg/m^3]
# name 27 = sigma-é11: Density, 2 [sigma-theta, kg/m^3]
# name 28 = sbeox0Mg/L: Oxygen, SBE 43 [mg/l], WS = 2
# name 29 = sbox0Mm/Kg: Oxygen, SBE 43 [umol/kg], WS = 2
# name 30 = sbeox0PS: Oxygen, SBE 43 [% saturation], WS = 2
# name 31 = flag: flag
# span 0 =     14.061,   1660.915       
# span 1 =        338,      39863       
# span 2 =      1.006,   1205.020       
# span 3 = -109.99768, -109.99640       
# span 4 =   22.66672,   22.66684       
# span 5 =      1.000,   1194.000       
# span 6 =     3.7363,    21.7925       
# span 7 =     3.7361,    21.7918       
# span 8 =   3.248086,   4.890689       
# span 9 =   3.247979,   4.890428       
# span 10 = 1.4697e-02, 2.8363e+00      
# span 11 =    12.3410,    12.5295      
# span 12 =     4.3614,     4.5718      
# span 13 = 5.0508e-02, 9.9029e-01      
# span 14 =          0,          0      
# span 15 =     4.3614,     4.5718      
# span 16 =     0.0049,     0.9454      
# span 17 =     0.5092,     2.7570      
# span 18 =     0.0000,     0.0000      
# span 19 =     0.2916,     4.8588      
# span 20 =     0.0000,     0.0000      
# span 21 =     0.0037,     1.2566      
# span 22 =     0.0000,     0.0000      
# span 23 =     0.5083,     2.7570      
# span 24 =    33.9332,    34.7092      
# span 25 =    33.9276,    34.7073      
# span 26 =    23.7696,    27.4712      
# span 27 =    23.7687,    27.4703      
# span 28 =     0.0415,     7.2116      
# span 29 =      1.264,    220.113      
# span 30 =      0.448,     99.069      
# span 31 = 0.0000e+00, 0.0000e+00      
# interval = meters: 1                  
# start_time = Mar 30 2018 03:45:37 [System UTC, first data scan.]
# bad_flag = -9.990e-29
*END*
[from data line 454]
    756.638      18160    458.380 -109.99676   22.66678    455.000     7.9055     7.9050   3.588556   3.588422 7.3009e-02    12.3463     4.5658 5.0671e-02          0     4.5658     0.0243     0.5117     0.0000     4.6071     0.0000     0.0049     0.0000     0.5109    34.5230    34.5221    26.9202    26.9196     0.0561      1.706      0.591 0.0000e+00
    757.715      18186    459.388 -109.99676   22.66678    456.000     7.8809     7.8811   3.586214   3.586165 7.3257e-02    12.3462     4.5659 5.0671e-02          0     4.5659     0.0244     0.5117     0.0000     4.6074     0.0000     0.0049     0.0000     0.5109    34.5217    34.5210    26.9227    26.9222     0.0563      1.712      0.593 0.0000e+00
    758.673      18209    460.397 -109.99676   22.66678    457.000     7.8722     7.8723   3.585501   3.585459 7.2883e-02    12.3459     4.5662 5.0671e-02          0     4.5662     0.0243     0.5117     0.0000     4.6087     0.0000     0.0049     0.0000     0.5109    34.5222    34.5216    26.9244    26.9239     0.0550      1.675      0.580 0.0000e+00
    759.512      18229    461.405 -109.99676   22.66678    458.000     7.8653     7.8655   3.585026   3.584990 7.3265e-02    12.3457     4.5665 5.0671e-02          0     4.5665     0.0244     0.5116     0.0000     4.6083     0.0000     0.0049     0.0000     0.5108    34.5234    34.5228    26.9264    26.9259     0.0544      1.657      0.574 0.0000e+00
    760.288      18248    462.414 -109.99678   22.66678    459.000     7.8596     7.8600   3.584550   3.584522 7.3063e-02    12.3456     4.5666 5.0671e-02          0     4.5666     0.0243     0.5114     0.0000     4.6075     0.0000     0.0049     0.0000     0.5106    34.5234    34.5227    26.9273    26.9266     0.0523      1.590      0.550 0.0000e+00
    761.081      18267    463.422 -109.99678   22.66678    460.000     7.8538     7.8542   3.584214   3.584186 7.2875e-02    12.3457     4.5665 5.0671e-02          0     4.5665     0.0243     0.5112     0.0000     4.6060     0.0000     0.0049     0.0000     0.5104    34.5250    34.5243    26.9294    26.9288     0.0503      1.530      0.530 0.0000e+00
    761.999      18289    464.431 -109.99678   22.66678    461.000     7.8512     7.8514   3.584025   3.583965 7.3113e-02    12.3457     4.5665 5.0671e-02          0     4.5665     0.0244     0.5109     0.0000     4.6065     0.0000     0.0049     0.0000     0.5101    34.5250    34.5242    26.9298    26.9292     0.0491      1.493      0.517 0.0000e+00
    763.373      18322    465.440 -109.99678   22.66678    462.000     7.8415     7.8417   3.583149   3.583072 7.3171e-02    12.3463     4.5657 5.0671e-02          0     4.5657     0.0244     0.5106     0.0000     4.6068     0.0000     0.0049     0.0000     0.5098    34.5247    34.5238    26.9310    26.9302     0.0505      1.537      0.532 0.0000e+00
    765.222      18366    466.448 -109.99678   22.66678    463.000     7.8366     7.8367   3.582725   3.582671 7.3157e-02    12.3457     4.5665 5.0671e-02          0     4.5665     0.0244     0.5106     0.0000     4.6079     0.0000     0.0049     0.0000     0.5098    34.5246    34.5239    26.9317    26.9311     0.0508      1.545      0.535 0.0000e+00
    766.353      18393    467.457 -109.99678   22.66678    464.000     7.8309     7.8311   3.582250   3.582229 7.2919e-02    12.3463     4.5658 5.0671e-02          0     4.5658     0.0243     0.5105     0.0000     4.6081     0.0000     0.0049     0.0000     0.5097    34.5246    34.5241    26.9325    26.9321     0.0500      1.522      0.527 0.0000e+00
    767.159      18413    468.465 -109.99678   22.66678    465.000     7.8252     7.8255   3.581762   3.581742 7.3274e-02    12.3457     4.5665 5.0671e-02          0     4.5665     0.0244     0.5104     0.0000     4.6048     0.0000     0.0049     0.0000     0.5096    34.5245    34.5239    26.9333    26.9328     0.0514      1.565      0.541 0.0000e+00
    767.858      18430    469.474 -109.99678   22.66678    466.000     7.8215     7.8215   3.581432   3.581374 7.3260e-02    12.3461     4.5660 5.0671e-02          0     4.5660     0.0244     0.5106     0.0000     4.6042     0.0000     0.0049     0.0000     0.5098    34.5242    34.5235    26.9336    26.9330     0.0553      1.682      0.582 0.0000e+00
    768.519      18445    470.482 -109.99678   22.66678    467.000     7.7958     7.7951   3.578829   3.578664 7.1204e-02    12.3458     4.5663 5.0671e-02          0     4.5663     0.0237     0.5108     0.0000     4.6035     0.0000     0.0049     0.0000     0.5100    34.5211    34.5200    26.9349    26.9341     0.0564      1.715      0.593 0.0000e+00
    769.185      18461    471.491 -109.99678   22.66678    468.000     7.7259     7.7241   3.572050   3.571776 7.2340e-02    12.3458     4.5664 5.0671e-02          0     4.5664     0.0241     0.5111     0.0000     4.6030     0.0000     0.0049     0.0000     0.5103    34.5166    34.5154    26.9416    26.9409     0.0556      1.692      0.584 0.0000e+00
    769.895      18478    472.500 -109.99678   22.66678    469.000     7.7040     7.7037   3.569994   3.569863 7.2649e-02    12.3456     4.5666 5.0671e-02          0     4.5666     0.0242     0.5111     0.0000     4.6043     0.0000     0.0049     0.0000     0.5103    34.5156    34.5146    26.9440    26.9432     0.0574      1.746      0.602 0.0000e+00
    770.702      18498    473.508 -109.99678   22.66678    470.000     7.6925     7.6928   3.568858   3.568805 7.3255e-02    12.3454     4.5668 5.0671e-02          0     4.5668     0.0244     0.5116     0.0000     4.6050     0.0000     0.0049     0.0000     0.5108    34.5143    34.5134    26.9447    26.9439     0.0584      1.779      0.613 0.0000e+00
    771.757      18523    474.517 -109.99678   22.66678    471.000     7.6834     7.6835   3.568022   3.567953 7.3031e-02    12.3457     4.5666 5.0671e-02          0     4.5666     0.0243     0.5115     0.0000     4.6055     0.0000     0.0049     0.0000     0.5107    34.5138    34.5129    26.9456    26.9449     0.0562      1.711      0.590 0.0000e+00
    773.508      18565    475.526 -109.99680   22.66678    472.000     7.6773     7.6772   3.567677   3.567409 7.3186e-02    12.3454     4.5668 5.0671e-02          0     4.5668     0.0244     0.5118     0.0000     4.6053     0.0000     0.0049     0.0000     0.5110    34.5156    34.5128    26.9479    26.9457     0.0581      1.769      0.610 0.0000e+00
    775.257      18607    476.534 -109.99680   22.66678    473.000     7.6649     7.6654   3.566321   3.566320 7.2786e-02    12.3456     4.5666 5.0671e-02          0     4.5666     0.0242     0.5119     0.0000     4.6067     0.0000     0.0049     0.0000     0.5111    34.5127    34.5123    26.9474    26.9470     0.0602      1.832      0.631 0.0000e+00
    776.352      18633    477.543 -109.99680   22.66678    474.000     7.6565     7.6567   3.565647   3.565605 7.1973e-02    12.3453     4.5670 5.0671e-02          0     4.5670     0.0240     0.5122     0.0000     4.6057     0.0000     0.0049     0.0000     0.5114    34.5133    34.5127    26.9491    26.9486     0.0588      1.790      0.617 0.0000e+00
    777.220      18654    478.552 -109.99680   22.66678    475.000     7.6549     7.6557   3.565572   3.565608 7.2495e-02    12.3453     4.5670 5.0671e-02          0     4.5670     0.0241     0.5120     0.0000     4.6059     0.0000     0.0049     0.0000     0.5112    34.5136    34.5132    26.9496    26.9492     0.0578      1.760      0.607 0.0000e+00
    778.003      18673    479.560 -109.99680   22.66678    476.000     7.6515     7.6524   3.565321   3.565324 7.3263e-02    12.3460     4.5661 5.0671e-02          0     4.5661     0.0244     0.5124     0.0000     4.6050     0.0000     0.0049     0.0000     0.5116    34.5137    34.5130    26.9502    26.9495     0.0618      1.880      0.648 0.0000e+00
    778.761      18691    480.569 -109.99680   22.66678    477.000     7.6261     7.6261   3.562836   3.562748 7.2858e-02    12.3453     4.5669 5.0671e-02          0     4.5669     0.0243     0.5123     0.0000     4.6052     0.0000     0.0049     0.0000     0.5115    34.5116    34.5106    26.9522    26.9515     0.0625      1.901      0.655 0.0000e+00
    779.567      18711    481.577 -109.99680   22.66678    478.000     7.5945     7.5948   3.559676   3.559606 7.2710e-02    12.3454     4.5668 5.0671e-02          0     4.5668     0.0242     0.5126     0.0000     4.6058     0.0000     0.0049     0.0000     0.5118    34.5083    34.5072    26.9541    26.9533     0.0635      1.932      0.665 0.0000e+00
    780.533      18734    482.586 -109.99680   22.66678    479.000     7.5641     7.5641   3.556708   3.556624 7.2554e-02    12.3456     4.5667 5.0671e-02          0     4.5667     0.0242     0.5128     0.0000     4.6073     0.0000     0.0049     0.0000     0.5120    34.5058    34.5049    26.9566    26.9559     0.0640      1.948      0.670 0.0000e+00
    781.784      18764    483.595 -109.99680   22.66678    480.000     7.5526     7.5530   3.555742   3.555720 7.2551e-02    12.3452     4.5671 5.0671e-02          0     4.5671     0.0242     0.5131     0.0000     4.6067     0.0000     0.0049     0.0000     0.5123    34.5063    34.5056    26.9586    26.9580     0.0648      1.972      0.678 0.0000e+00
    783.004      18793    484.603 -109.99680   22.66678    481.000     7.5484     7.5489   3.555518   3.555493 7.3005e-02    12.3455     4.5667 5.0671e-02          0     4.5667     0.0243     0.5132     0.0000     4.6055     0.0000     0.0049     0.0000     0.5124    34.5075    34.5068    26.9602    26.9596     0.0661      2.012      0.692 0.0000e+00
    783.969      18816    485.612 -109.99680   22.66678    482.000     7.5465     7.5472   3.555429   3.555436 7.2734e-02    12.3454     4.5669 5.0671e-02          0     4.5669     0.0242     0.5132     0.0000     4.6065     0.0000     0.0049     0.0000     0.5125    34.5079    34.5073    26.9608    26.9603     0.0603      1.837      0.631 0.0000e+00
    784.795      18836    486.621 -109.99680   22.66678    483.000     7.5459     7.5464   3.555432   3.555418 7.3276e-02    12.3451     4.5672 5.0671e-02          0     4.5672     0.0244     0.5128     0.0000     4.6076     0.0000     0.0049     0.0000     0.5121    34.5081    34.5075    26.9611    26.9605     0.0597      1.815      0.624 0.0000e+00
    785.564      18855    487.629 -109.99680   22.66678    484.000     7.5453     7.5455   3.555482   3.555478 7.3260e-02    12.3451     4.5673 5.0671e-02          0     4.5673     0.0244     0.5128     0.0000     4.6056     0.0000     0.0049     0.0000     0.5121    34.5088    34.5085    26.9617    26.9614     0.0637      1.938      0.666 0.0000e+00
    786.348      18873    488.638 -109.99680   22.66678    485.000     7.5441     7.5446   3.555567   3.555560 7.3078e-02    12.3454     4.5669 5.0671e-02          0     4.5669     0.0243     0.5130     0.0000     4.6054     0.0000     0.0049     0.0000     0.5123    34.5103    34.5098    26.9631    26.9626     0.0619      1.885      0.648 0.0000e+00
    787.208      18894    489.647 -109.99680   22.66678    486.000     7.5441     7.5445   3.555920   3.555916 7.2737e-02    12.3455     4.5667 5.0671e-02          0     4.5667     0.0242     0.5127     0.0000     4.6038     0.0000     0.0049     0.0000     0.5120    34.5137    34.5133    26.9658    26.9654     0.0552      1.680      0.577 0.0000e+00
    788.225      18918    490.655 -109.99682   22.66678    487.000     7.5443     7.5447   3.556104   3.556085 7.1853e-02    12.3453     4.5670 5.0671e-02          0     4.5670     0.0239     0.5118     0.0000     4.6044     0.0000     0.0049     0.0000     0.5111    34.5150    34.5145    26.9668    26.9663     0.0505      1.536      0.528 0.0000e+00
    789.449      18948    491.664 -109.99682   22.66678    488.000     7.5418     7.5421   3.556030   3.555998 7.3029e-02    12.3449     4.5674 5.0671e-02          0     4.5674     0.0243     0.5115     0.0000     4.6063     0.0000     0.0049     0.0000     0.5107    34.5162    34.5156    26.9681    26.9676     0.0538      1.638      0.563 0.0000e+00
    790.875      18982    492.673 -109.99682   22.66678    489.000     7.5370     7.5373   3.555693   3.555664 7.2869e-02    12.3453     4.5670 5.0671e-02          0     4.5670     0.0243     0.5110     0.0000     4.6052     0.0000     0.0049     0.0000     0.5102    34.5169    34.5162    26.9694    26.9688     0.0491      1.494      0.514 0.0000e+00
    792.408      19019    493.682 -109.99682   22.66678    490.000     7.5257     7.5256   3.554735   3.554683 7.2737e-02    12.3452     4.5671 5.0671e-02          0     4.5671     0.0242     0.5105     0.0000     4.6074     0.0000     0.0049     0.0000     0.5097    34.5172    34.5167    26.9712    26.9709     0.0494      1.503      0.517 0.0000e+00
    793.707      19050    494.690 -109.99682   22.66678    491.000     7.5118     7.5112   3.553488   3.553369 7.3277e-02    12.3457     4.5664 5.0671e-02          0     4.5664     0.0244     0.5104     0.0000     4.6083     0.0000     0.0049     0.0000     0.5096    34.5170    34.5163    26.9731    26.9726     0.0510      1.553      0.534 0.0000e+00
    794.664      19073    495.699 -109.99682   22.66678    492.000     7.4915     7.4917   3.551507   3.551457 7.2897e-02    12.3452     4.5671 5.0671e-02          0     4.5671     0.0243     0.5104     0.0000     4.6088     0.0000     0.0049     0.0000     0.5096    34.5152    34.5144    26.9746    26.9739     0.0515      1.566      0.538 0.0000e+00
    795.449      19092    496.708 -109.99682   22.66678    493.000     7.4866     7.4869   3.551078   3.551049 7.2852e-02    12.3453     4.5670 5.0671e-02          0     4.5670     0.0243     0.5105     0.0000     4.6093     0.0000     0.0049     0.0000     0.5097    34.5149    34.5143    26.9750    26.9745     0.0521      1.585      0.544 0.0000e+00
    796.169      19109    497.716 -109.99682   22.66678    494.000     7.4601     7.4595   3.548400   3.548258 7.3261e-02    12.3451     4.5673 5.0671e-02          0     4.5673     0.0244     0.5105     0.0000     4.6085     0.0000     0.0049     0.0000     0.5097    34.5117    34.5107    26.9763    26.9756     0.0519      1.579      0.542 0.0000e+00
    796.890      19126    498.725 -109.99682   22.66678    495.000     7.4362     7.4368   3.546214   3.546186 7.2856e-02    12.3455     4.5667 5.0671e-02          0     4.5667     0.0243     0.5105     0.0000     4.6079     0.0000     0.0049     0.0000     0.5097    34.5112    34.5104    26.9793    26.9786     0.0525      1.597      0.548 0.0000e+00
    797.669      19145    499.734 -109.99682   22.66678    496.000     7.4280     7.4302   3.545493   3.545621 7.3250e-02    12.3450     4.5673 5.0671e-02          0     4.5673     0.0244     0.5106     0.0000     4.6089     0.0000     0.0049     0.0000     0.5098    34.5111    34.5103    26.9804    26.9795     0.0527      1.604      0.550 0.0000e+00
    798.611      19168    500.743 -109.99682   22.66678    497.000     7.4270     7.4272   3.545431   3.545395 7.2827e-02    12.3448     4.5675 5.0671e-02          0     4.5675     0.0243     0.5107     0.0000     4.6097     0.0000     0.0049     0.0000     0.5099    34.5109    34.5103    26.9804    26.9799     0.0532      1.618      0.555 0.0000e+00
    799.804      19196    501.751 -109.99682   22.66678    498.000     7.4246     7.4250   3.545262   3.545235 7.3145e-02    12.3450     4.5673 5.0671e-02          0     4.5673     0.0244     0.5106     0.0000     4.6083     0.0000     0.0049     0.0000     0.5098    34.5109    34.5102    26.9808    26.9802     0.0518      1.577      0.541 0.0000e+00
