example data/fromGithub/from NatalyaEvans_cnv_concatenator/Station01_test_cast2.cnv
* Sea-Bird SBE 9 Data File:
* FileName = C:\CTD\RR1804\Station01_test_cast2.hex
* Software Version Seasave V 7.26.6.26
* Temperature SN = 4307
* Conductivity SN = 4650
* Number of Bytes Per Scan = 44
* Number of Voltage Words = 5
* Number of Scans Averaged by the Deck Unit = 1
* NMEA Latitude = 22 40.01 N
* NMEA Longitude = 109 59.78 W
* NMEA UTC (Time) = Mar 30 2018 03:45:34
** Ship: Revell
** Station: station 01
** Operator: Wendi
# nquan = 32
# nvalues = 1194                        
# units = specified
# name 0 = timeS: Time, Elapsed [seconds]
# name 1 = scan: Scan Count
# name 2 = prDM: Pressure, Digiquartz [db]
# name 3 = longitude: Longitude [deg]
# name 4 = latitude: Latitude [deg]
# name 5 = depSM: Depth [salt water, m]
# name 6 = t090C: Temperature [ITS-90, deg C]
# name 7 = t190C: Temperature, 2 [ITS-90, deg C]
# name 8 = c0S/m: Conductivity [S/m]
# name 9 = c1S/m: Conductivity, 2 [S/m]
# name 10 = flSP: Fluorescence, Seapoint
# name 11 = CStarAt0: Beam Attenuation, WET Labs C-Star [1/m]
# name 12 = CStarTr0: Beam Transmission, WET Labs C-Star [%]
# name 13 = par: PAR/Irradiance, Biospherical/Licor
# name 14 = modError: Modulo Error Count
# name 15 = v0: Voltage 0
# name 16 = v1: Voltage 1
# name 17 = v2: Voltage 2
# name 18 = v3: Voltage 3
# name 19 = v4: Voltage 4
# name 20 = v5: Voltage 5
# name 21 = v6: Voltage 6
# name 22 = v7: Voltage 7
# name 23 = sbeox0V: Oxygen raw, SBE 43 [V]
# name 24 = sal00: Salinity, Practical [PSU]
# name 25 = sal11: Salinity, Practical, 2 [PSU]
# name 26 = sigma-é00: Density [sigma-theta, kg/m^3]
# name 27 = sigma-é11: Density, 2 [sigma-theta, kg/m^3]
# name 28 = sbeox0Mg/L: Oxygen, SBE 43 [mg/l], WS = 2
# name 29 = sbox0Mm/Kg: Oxygen, SBE 43 [umol/kg], WS = 2
# name 30 = sbeox0PS: Oxygen, SBE 43 [% saturation], WS = 2
# name 31 = flag: flag
# span 0 =     14.061,   1660.915       
# span 1 =        338,      39863       
# span 2 =      1.006,   1205.020       
# span 3 = -109.99768, -109.99640       
# span 4 =   22.66672,   22.66684       
# span 5 =      1.000,   1194.000       
# span 6 =     3.7363,    21.7925       
# span 7 =     3.7361,    21.7918       
# span 8 =   3.248086,   4.890689       
# span 9 =   3.247979,   4.890428       
# span 10 = 1.4697e-02, 2.8363e+00      
# span 11 =    12.3410,    12.5295      
# span 12 =     4.3614,     4.5718      
# span 13 = 5.0508e-02, 9.9029e-01      
# span 14 =          0,          0      
# span 15 =     4.3614,     4.5718      
# span 16 =     0.0049,     0.9454      
# span 17 =     0.5092,     2.7570      
# span 18 =     0.0000,     0.0000      
# span 19 =     0.2916,     4.8588      
# span 20 =     0.0000,     0.0000      
# span 21 =     0.0037,     1.2566      
# span 22 =     0.0000,     0.0000      
# span 23 =     0.5083,     2.7570      
# span 24 =    33.9332,    34.7092      
# span 25 =    33.9276,    34.7073      
# span 26 =    23.7696,    27.4712      
# span 27 =    23.7687,    27.4703      
# span 28 =     0.0415,     7.2116      
# span 29 =      1.264,    220.113      
# span 30 =      0.448,     99.069      
# span 31 = 0.0000e+00, 0.0000e+00      
# interval = meters: 1                  
# start_time = Mar 30 2018 03:45:37 [System UTC, first data scan.]
# bad_flag = -9.990e-29
*END*
[from data line 499]
    801.987      19249    503.769 -109.99683   22.66678    500.000     7.4018     7.4019   3.543409   3.543348 7.3092e-02    12.3447     4.5677 5.0671e-02          0     4.5677     0.0243     0.5106     0.0000     4.6077     0.0000     0.0049     0.0000     0.5098    34.5124    34.5118    26.9853    26.9847     0.0521      1.585      0.543 0.0000e+00
    802.918      19271    504.778 -109.99684   22.66678    501.000     7.3838     7.3834   3.541899   3.541803 7.2923e-02    12.3450     4.5673 5.0671e-02          0     4.5673     0.0243     0.5105     0.0000     4.6065     0.0000     0.0049     0.0000     0.5097    34.5135    34.5128    26.9886    26.9882     0.0507      1.544      0.529 0.0000e+00
    803.894      19294    505.787 -109.99684   22.66678    502.000     7.3672     7.3672   3.540455   3.540382 7.2978e-02    12.3452     4.5671 5.0671e-02          0     4.5671     0.0243     0.5104     0.0000     4.6059     0.0000     0.0049     0.0000     0.5096    34.5138    34.5130    26.9912    26.9907     0.0501      1.525      0.522 0.0000e+00
    805.010      19321    506.795 -109.99684   22.66678    503.000     7.3568     7.3569   3.539538   3.539481 7.3252e-02    12.3448     4.5676 5.0671e-02          0     4.5676     0.0244     0.5103     0.0000     4.6084     0.0000     0.0049     0.0000     0.5095    34.5137    34.5129    26.9927    26.9920     0.0486      1.480      0.506 0.0000e+00
    806.267      19351    507.804 -109.99684   22.66678    504.000     7.3533     7.3535   3.539258   3.539234 7.3260e-02    12.3450     4.5673 5.0671e-02          0     4.5673     0.0244     0.5100     0.0000     4.6079     0.0000     0.0049     0.0000     0.5092    34.5136    34.5131    26.9931    26.9927     0.0486      1.477      0.506 0.0000e+00
    807.485      19381    508.813 -109.99684   22.66678    505.000     7.3494     7.3497   3.538954   3.538917 7.3260e-02    12.3448     4.5675 5.0671e-02          0     4.5675     0.0244     0.5100     0.0000     4.6092     0.0000     0.0049     0.0000     0.5092    34.5137    34.5131    26.9938    26.9932     0.0470      1.430      0.489 0.0000e+00
    808.530      19406    509.822 -109.99684   22.66678    506.000     7.3456     7.3459   3.538645   3.538619 7.3106e-02    12.3448     4.5676 5.0671e-02          0     4.5676     0.0243     0.5097     0.0000     4.6087     0.0000     0.0049     0.0000     0.5089    34.5136    34.5131    26.9942    26.9938     0.0487      1.481      0.507 0.0000e+00
    809.489      19429    510.830 -109.99684   22.66678    507.000     7.3414     7.3418   3.538291   3.538273 7.3262e-02    12.3455     4.5668 5.0671e-02          0     4.5668     0.0244     0.5099     0.0000     4.6066     0.0000     0.0049     0.0000     0.5091    34.5135    34.5129    26.9948    26.9942     0.0505      1.538      0.526 0.0000e+00
    810.436      19451    511.839 -109.99684   22.66678    508.000     7.3362     7.3370   3.537852   3.537846 7.3097e-02    12.3454     4.5669 5.0671e-02          0     4.5669     0.0243     0.5100     0.0000     4.6056     0.0000     0.0049     0.0000     0.5092    34.5134    34.5126    26.9954    26.9947     0.0504      1.534      0.525 0.0000e+00
    811.400      19475    512.848 -109.99684   22.66678    509.000     7.3166     7.3171   3.535957   3.535919 7.3101e-02    12.3450     4.5673 5.0671e-02          0     4.5673     0.0243     0.5100     0.0000     4.6055     0.0000     0.0049     0.0000     0.5092    34.5118    34.5109    26.9969    26.9962     0.0508      1.547      0.529 0.0000e+00
    812.335      19497    513.857 -109.99686   22.66678    510.000     7.3050     7.3054   3.534913   3.534892 7.3260e-02    12.3449     4.5675 5.0671e-02          0     4.5675     0.0244     0.5101     0.0000     4.6058     0.0000     0.0049     0.0000     0.5093    34.5115    34.5109    26.9983    26.9978     0.0498      1.516      0.519 0.0000e+00
    813.244      19519    514.866 -109.99686   22.66680    511.000     7.2793     7.2780   3.532621   3.532395 7.2740e-02    12.3451     4.5672 5.0671e-02          0     4.5672     0.0242     0.5101     0.0000     4.6074     0.0000     0.0049     0.0000     0.5093    34.5116    34.5105    27.0021    27.0014     0.0493      1.499      0.512 0.0000e+00
    814.160      19541    515.875 -109.99686   22.66680    512.000     7.2577     7.2582   3.530698   3.530688 7.3099e-02    12.3450     4.5673 5.0671e-02          0     4.5673     0.0243     0.5100     0.0000     4.6079     0.0000     0.0049     0.0000     0.5092    34.5116    34.5111    27.0051    27.0046     0.0501      1.523      0.520 0.0000e+00
    815.104      19564    516.883 -109.99686   22.66680    513.000     7.2499     7.2497   3.529968   3.529884 7.2612e-02    12.3449     4.5674 5.0671e-02          0     4.5674     0.0242     0.5101     0.0000     4.6075     0.0000     0.0049     0.0000     0.5093    34.5110    34.5103    27.0057    27.0052     0.0505      1.536      0.524 0.0000e+00
    816.111      19588    517.892 -109.99686   22.66680    514.000     7.2396     7.2399   3.529066   3.529027 7.3264e-02    12.3449     4.5675 5.0671e-02          0     4.5675     0.0244     0.5101     0.0000     4.6060     0.0000     0.0049     0.0000     0.5093    34.5109    34.5102    27.0071    27.0065     0.0500      1.522      0.520 0.0000e+00
    817.242      19615    518.901 -109.99686   22.66680    515.000     7.2357     7.2360   3.528734   3.528690 7.2863e-02    12.3449     4.5675 5.0671e-02          0     4.5675     0.0243     0.5101     0.0000     4.6052     0.0000     0.0049     0.0000     0.5093    34.5107    34.5099    27.0075    27.0069     0.0513      1.561      0.533 0.0000e+00
    818.456      19644    519.910 -109.99686   22.66680    516.000     7.2285     7.2288   3.528105   3.528067 7.3133e-02    12.3448     4.5676 5.0671e-02          0     4.5676     0.0244     0.5102     0.0000     4.6064     0.0000     0.0049     0.0000     0.5094    34.5105    34.5098    27.0084    27.0077     0.0498      1.517      0.518 0.0000e+00
    819.594      19671    520.919 -109.99686   22.66680    517.000     7.2198     7.2200   3.527320   3.527290 7.2840e-02    12.3447     4.5676 5.0671e-02          0     4.5676     0.0243     0.5099     0.0000     4.6046     0.0000     0.0049     0.0000     0.5091    34.5102    34.5096    27.0094    27.0088     0.0485      1.474      0.503 0.0000e+00
    820.639      19696    521.927 -109.99686   22.66680    518.000     7.2164     7.2168   3.527070   3.527044 7.2499e-02    12.3446     4.5678 5.0671e-02          0     4.5678     0.0242     0.5101     0.0000     4.6064     0.0000     0.0049     0.0000     0.5093    34.5103    34.5097    27.0100    27.0094     0.0515      1.566      0.534 0.0000e+00
    821.599      19719    522.936 -109.99686   22.66680    519.000     7.2132     7.2133   3.526797   3.526767 7.3090e-02    12.3451     4.5672 5.0671e-02          0     4.5672     0.0243     0.5102     0.0000     4.6082     0.0000     0.0049     0.0000     0.5094    34.5101    34.5096    27.0102    27.0098     0.0530      1.613      0.550 0.0000e+00
    822.480      19741    523.945 -109.99686   22.66680    520.000     7.2072     7.2075   3.526310   3.526286 7.3260e-02    12.3451     4.5672 5.0671e-02          0     4.5672     0.0244     0.5103     0.0000     4.6080     0.0000     0.0049     0.0000     0.5095    34.5103    34.5097    27.0112    27.0107     0.0498      1.517      0.517 0.0000e+00
    823.331      19761    524.954 -109.99686   22.66680    521.000     7.1934     7.1927   3.525002   3.524865 7.3260e-02    12.3448     4.5676 5.0671e-02          0     4.5676     0.0244     0.5102     0.0000     4.6078     0.0000     0.0049     0.0000     0.5094    34.5093    34.5084    27.0123    27.0118     0.0515      1.566      0.534 0.0000e+00
    824.228      19782    525.963 -109.99686   22.66680    522.000     7.1695     7.1693   3.522795   3.522701 7.2927e-02    12.3448     4.5676 5.0671e-02          0     4.5676     0.0243     0.5103     0.0000     4.6066     0.0000     0.0049     0.0000     0.5095    34.5084    34.5076    27.0150    27.0144     0.0521      1.584      0.540 0.0000e+00
    825.280      19808    526.972 -109.99686   22.66680    523.000     7.1516     7.1512   3.521129   3.521016 7.2742e-02    12.3447     4.5677 5.0676e-02          0     4.5677     0.0242     0.5103     0.0000     4.6062     0.0000     0.0049     0.0000     0.5095    34.5076    34.5068    27.0169    27.0163     0.0517      1.572      0.536 0.0000e+00
    826.483      19837    527.981 -109.99686   22.66680    524.000     7.1317     7.1305   3.519256   3.519080 7.3131e-02    12.3447     4.5677 5.0692e-02          0     4.5677     0.0244     0.5103     0.0000     4.6055     0.0000     0.0051     0.0000     0.5095    34.5065    34.5057    27.0188    27.0183     0.0514      1.565      0.533 0.0000e+00
    827.614      19864    528.990 -109.99686   22.66680    525.000     7.1207     7.1208   3.518237   3.518176 7.3113e-02    12.3448     4.5675 5.0670e-02          0     4.5675     0.0244     0.5104     0.0000     4.6053     0.0000     0.0049     0.0000     0.5096    34.5059    34.5051    27.0198    27.0192     0.0532      1.620      0.552 0.0000e+00
    828.639      19888    529.998 -109.99686   22.66680    526.000     7.1078     7.1074   3.517003   3.516880 7.2371e-02    12.3450     4.5673 5.0671e-02          0     4.5673     0.0241     0.5105     0.0000     4.6060     0.0000     0.0049     0.0000     0.5098    34.5047    34.5038    27.0207    27.0201     0.0554      1.687      0.574 0.0000e+00
    829.627      19912    531.007 -109.99686   22.66680    527.000     7.0750     7.0746   3.513839   3.513720 7.2942e-02    12.3454     4.5668 5.0671e-02          0     4.5668     0.0243     0.5109     0.0000     4.6063     0.0000     0.0049     0.0000     0.5102    34.5024    34.5015    27.0234    27.0228     0.0595      1.809      0.615 0.0000e+00
    830.581      19935    532.016 -109.99687   22.66680    528.000     7.0510     7.0508   3.511545   3.511445 7.2248e-02    12.3449     4.5675 5.0684e-02          0     4.5675     0.0241     0.5113     0.0000     4.6081     0.0000     0.0050     0.0000     0.5106    34.5007    34.4998    27.0254    27.0248     0.0602      1.833      0.623 0.0000e+00
    831.526      19958    533.025 -109.99688   22.66680    529.000     7.0403     7.0401   3.510556   3.510455 7.3287e-02    12.3446     4.5678 5.0671e-02          0     4.5678     0.0244     0.5116     0.0000     4.6078     0.0000     0.0049     0.0000     0.5109    34.5000    34.4991    27.0264    27.0257     0.0599      1.823      0.620 0.0000e+00
    832.503      19981    534.034 -109.99688   22.66680    530.000     7.0132     7.0132   3.507995   3.507908 7.2084e-02    12.3448     4.5675 5.0671e-02          0     4.5675     0.0240     0.5116     0.0000     4.6073     0.0000     0.0049     0.0000     0.5109    34.4986    34.4976    27.0290    27.0282     0.0593      1.804      0.613 0.0000e+00
    833.551      20006    535.043 -109.99688   22.66680    531.000     7.0045     7.0046   3.507187   3.507113 7.2550e-02    12.3450     4.5673 5.0671e-02          0     4.5673     0.0242     0.5117     0.0000     4.6079     0.0000     0.0049     0.0000     0.5110    34.4979    34.4970    27.0297    27.0290     0.0614      1.870      0.635 0.0000e+00
    834.746      20035    536.052 -109.99688   22.66680    532.000     6.9901     6.9905   3.505844   3.505817 7.2787e-02    12.3445     4.5679 5.0671e-02          0     4.5679     0.0242     0.5123     0.0000     4.6086     0.0000     0.0049     0.0000     0.5116    34.4971    34.4964    27.0310    27.0304     0.0631      1.919      0.651 0.0000e+00
    836.027      20066    537.061 -109.99688   22.66680    533.000     6.9791     6.9794   3.504861   3.504825 7.3278e-02    12.3446     4.5678 5.0671e-02          0     4.5678     0.0244     0.5123     0.0000     4.6088     0.0000     0.0049     0.0000     0.5116    34.4968    34.4961    27.0323    27.0317     0.0634      1.928      0.654 0.0000e+00
    837.078      20091    538.070 -109.99688   22.66680    534.000     6.9765     6.9769   3.504723   3.504711 7.3091e-02    12.3446     4.5678 5.0671e-02          0     4.5678     0.0243     0.5124     0.0000     4.6079     0.0000     0.0049     0.0000     0.5117    34.4974    34.4969    27.0331    27.0327     0.0633      1.926      0.654 0.0000e+00
    837.941      20112    539.079 -109.99688   22.66680    535.000     6.9706     6.9708   3.504249   3.504220 7.2893e-02    12.3451     4.5672 5.0671e-02          0     4.5672     0.0243     0.5127     0.0000     4.6092     0.0000     0.0049     0.0000     0.5120    34.4976    34.4971    27.0341    27.0337     0.0657      1.999      0.678 0.0000e+00
    838.713      20130    540.088 -109.99688   22.66680    536.000     6.9592     6.9592   3.503271   3.503198 7.3045e-02    12.3449     4.5675 5.0671e-02          0     4.5675     0.0243     0.5127     0.0000     4.6068     0.0000     0.0049     0.0000     0.5120    34.4977    34.4970    27.0358    27.0352     0.0620      1.886      0.640 0.0000e+00
    839.471      20148    541.096 -109.99688   22.66680    537.000     6.9516     6.9521   3.502603   3.502595 7.2871e-02    12.3447     4.5677 5.0671e-02          0     4.5677     0.0243     0.5125     0.0000     4.6056     0.0000     0.0049     0.0000     0.5118    34.4975    34.4969    27.0367    27.0361     0.0619      1.885      0.639 0.0000e+00
    840.283      20168    542.106 -109.99688   22.66680    538.000     6.9405     6.9406   3.501624   3.501562 7.2566e-02    12.3447     4.5677 5.0671e-02          0     4.5677     0.0242     0.5127     0.0000     4.6062     0.0000     0.0049     0.0000     0.5120    34.4974    34.4966    27.0381    27.0375     0.0630      1.917      0.650 0.0000e+00
    841.249      20191    543.115 -109.99688   22.66680    539.000     6.9331     6.9336   3.500985   3.500967 7.2556e-02    12.3448     4.5676 5.0676e-02          0     4.5676     0.0242     0.5126     0.0000     4.6078     0.0000     0.0049     0.0000     0.5119    34.4973    34.4966    27.0391    27.0385     0.0623      1.896      0.643 0.0000e+00
    842.486      20221    544.123 -109.99688   22.66680    540.000     6.9301     6.9298   3.500736   3.500648 7.2573e-02    12.3449     4.5675 5.0675e-02          0     4.5675     0.0242     0.5126     0.0000     4.6037     0.0000     0.0049     0.0000     0.5119    34.4971    34.4964    27.0393    27.0388     0.0635      1.932      0.655 0.0000e+00
    843.786      20252    545.132 -109.99688   22.66680    541.000     6.9269     6.9274   3.500473   3.500463 7.2890e-02    12.3449     4.5675 5.0671e-02          0     4.5675     0.0243     0.5127     0.0000     4.5996     0.0000     0.0049     0.0000     0.5120    34.4969    34.4963    27.0396    27.0390     0.0644      1.961      0.665 0.0000e+00
    844.926      20279    546.141 -109.99688   22.66680    542.000     6.9252     6.9255   3.500329   3.500299 7.3126e-02    12.3448     4.5676 5.0671e-02          0     4.5676     0.0244     0.5128     0.0000     4.5990     0.0000     0.0049     0.0000     0.5121    34.4965    34.4959    27.0396    27.0391     0.0640      1.947      0.660 0.0000e+00
    846.012      20305    547.150 -109.99688   22.66680    543.000     6.9091     6.9076   3.498766   3.498557 7.2373e-02    12.3446     4.5679 5.0671e-02          0     4.5679     0.0241     0.5128     0.0000     4.5995     0.0000     0.0049     0.0000     0.5121    34.4950    34.4941    27.0406    27.0401     0.0637      1.940      0.657 0.0000e+00
