example data/fromGithub/from NatalyaEvans_cnv_concatenator/Station01_test_cast2.cnv
* Sea-Bird SBE 9 Data File:
* FileName = C:\CTD\RR1804\Station01_test_cast2.hex
* Software Version Seasave V 7.26.6.26
* Temperature SN = 4307
* Conductivity SN = 4650
* Number of Bytes Per Scan = 44
* Number of Voltage Words = 5
* Number of Scans Averaged by the Deck Unit = 1
* NMEA Latitude = 22 40.01 N
* NMEA Longitude = 109 59.78 W
* NMEA UTC (Time) = Mar 30 2018 03:45:34
** Ship: Revell
** Station: station 01
** Operator: Wendi
# nquan = 32
# nvalues = 1194                        
# units = specified
# name 0 = timeS: Time, Elapsed [seconds]
# name 1 = scan: Scan Count
# name 2 = prDM: Pressure, Digiquartz [db]
# name 3 = longitude: Longitude [deg]
# name 4 = latitude: Latitude [deg]
# name 5 = depSM: Depth [salt water, m]
# name 6 = t090C: Temperature [ITS-90, deg C]
# name 7 = t190C: Temperature, 2 [ITS-90, deg C]
# name 8 = c0S/m: Conductivity [S/m]
# name 9 = c1S/m: Conductivity, 2 [S/m]
# name 10 = flSP: Fluorescence, Seapoint
# name 11 = CStarAt0: Beam Attenuation, WET Labs C-Star [1/m]
# name 12 = CStarTr0: Beam Transmission, WET Labs C-Star [%]
# name 13 = par: PAR/Irradiance, Biospherical/Licor
# name 14 = modError: Modulo Error Count
# name 15 = v0: Voltage 0
# name 16 = v1: Voltage 1
# name 17 = v2: Voltage 2
# name 18 = v3: Voltage 3
# name 19 = v4: Voltage 4
# name 20 = v5: Voltage 5
# name 21 = v6: Voltage 6
# name 22 = v7: Voltage 7
# name 23 = sbeox0V: Oxygen raw, SBE 43 [V]
# name 24 = sal00: Salinity, Practical [PSU]
# name 25 = sal11: Salinity, Practical, 2 [PSU]
# name 26 = sigma-é00: Density [sigma-theta, kg/m^3]
# name 27 = sigma-é11: Density, 2 [sigma-theta, kg/m^3]
# name 28 = sbeox0Mg/L: Oxygen, SBE 43 [mg/l], WS = 2
# name 29 = sbox0Mm/Kg: Oxygen, SBE 43 [umol/kg], WS = 2
# name 30 = sbeox0PS: Oxygen, SBE 43 [% saturation], WS = 2
# name 31 = flag: flag
# span 0 =     14.061,   1660.915       
# span 1 =        338,      39863       
# span 2 =      1.006,   1205.020       
# span 3 = -109.99768, -109.99640       
# span 4 =   22.66672,   22.66684       
# span 5 =      1.000,   1194.000       
# span 6 =     3.7363,    21.7925       
# span 7 =     3.7361,    21.7918       
# span 8 =   3.248086,   4.890689       
# span 9 =   3.247979,   4.890428       
# span 10 = 1.4697e-02, 2.8363e+00      
# span 11 =    12.3410,    12.5295      
# span 12 =     4.3614,     4.5718      
# span 13 = 5.0508e-02, 9.9029e-01      
# span 14 =          0,          0      
# span 15 =     4.3614,     4.5718      
# span 16 =     0.0049,     0.9454      
# span 17 =     0.5092,     2.7570      
# span 18 =     0.0000,     0.0000      
# span 19 =     0.2916,     4.8588      
# span 20 =     0.0000,     0.0000      
# span 21 =     0.0037,     1.2566      
# span 22 =     0.0000,     0.0000      
# span 23 =     0.5083,     2.7570      
# span 24 =    33.9332,    34.7092      
# span 25 =    33.9276,    34.7073      
# span 26 =    23.7696,    27.4712      
# span 27 =    23.7687,    27.4703      
# span 28 =     0.0415,     7.2116      
# span 29 =      1.264,    220.113      
# span 30 =      0.448,     99.069      
# span 31 = 0.0000e+00, 0.0000e+00      
# interval = meters: 1                  
# start_time = Mar 30 2018 03:45:37 [System UTC, first data scan.]
# bad_flag = -9.990e-29
*END*
[from data line 1134]
   1447.235      34735   1145.312 -109.99746   22.66672   1135.000     3.9783     3.9786   3.266094   3.266003 5.8458e-02    12.3423     4.5703 6.2350e-02          0     4.5703     0.0195     0.6069     0.0000     4.7497     0.0000     0.0941     0.0000     0.6072    34.5483    34.5470    27.4381    27.4370     0.5936     18.056      5.713 0.0000e+00
   1448.348      34761   1146.324 -109.99746   22.66672   1136.000     3.9761     3.9764   3.265965   3.265869 5.8096e-02    12.3426     4.5700 6.2996e-02          0     4.5700     0.0193     0.6074     0.0000     4.7501     0.0000     0.0987     0.0000     0.6077    34.5486    34.5472    27.4386    27.4375     0.5966     18.147      5.742 0.0000e+00
   1449.292      34784   1147.335 -109.99746   22.66672   1137.000     3.9749     3.9751   3.265896   3.265810 5.8450e-02    12.3423     4.5703 6.3175e-02          0     4.5703     0.0194     0.6079     0.0000     4.7493     0.0000     0.0999     0.0000     0.6081    34.5485    34.5474    27.4387    27.4377     0.6009     18.275      5.782 0.0000e+00
   1450.154      34805   1148.348 -109.99746   22.66672   1138.000     3.9724     3.9727   3.265718   3.265647 5.8610e-02    12.3425     4.5701 6.4095e-02          0     4.5701     0.0195     0.6082     0.0000     4.7365     0.0000     0.1062     0.0000     0.6084    34.5486    34.5474    27.4389    27.4380     0.5984     18.201      5.758 0.0000e+00
   1450.947      34824   1149.359 -109.99746   22.66672   1139.000     3.9687     3.9692   3.265439   3.265362 5.8228e-02    12.3425     4.5701 6.2513e-02          0     4.5701     0.0194     0.6083     0.0000     4.7420     0.0000     0.0954     0.0000     0.6085    34.5486    34.5473    27.4394    27.4383     0.6020     18.311      5.793 0.0000e+00
   1451.723      34842   1150.371 -109.99746   22.66672   1140.000     3.9654     3.9659   3.265183   3.265107 5.8222e-02    12.3422     4.5704 6.3593e-02          0     4.5704     0.0194     0.6090     0.0000     4.7499     0.0000     0.1023     0.0000     0.6092    34.5486    34.5472    27.4397    27.4385     0.6083     18.502      5.853 0.0000e+00
   1452.497      34861   1151.383 -109.99746   22.66672   1141.000     3.9630     3.9633   3.265019   3.264925 5.8596e-02    12.3421     4.5706 6.2678e-02          0     4.5706     0.0195     0.6091     0.0000     4.7507     0.0000     0.0965     0.0000     0.6093    34.5486    34.5472    27.4400    27.4388     0.6063     18.441      5.833 0.0000e+00
   1453.326      34881   1152.395 -109.99746   22.66672   1142.000     3.9609     3.9612   3.264866   3.264753 5.8608e-02    12.3420     4.5706 6.5043e-02          0     4.5706     0.0195     0.6093     0.0000     4.7503     0.0000     0.1124     0.0000     0.6096    34.5485    34.5469    27.4401    27.4388     0.6061     18.436      5.831 0.0000e+00
   1454.359      34906   1153.407 -109.99748   22.66672   1143.000     3.9606     3.9606   3.264868   3.264746 5.8130e-02    12.3421     4.5706 6.2152e-02          0     4.5706     0.0193     0.6097     0.0000     4.7509     0.0000     0.0928     0.0000     0.6100    34.5484    34.5469    27.4400    27.4389     0.6104     18.565      5.872 0.0000e+00
   1455.907      34943   1154.419 -109.99748   22.66672   1144.000     3.9592     3.9593   3.264773   3.264667 5.7962e-02    12.3421     4.5706 6.2886e-02          0     4.5706     0.0193     0.6103     0.0000     4.7478     0.0000     0.0978     0.0000     0.6106    34.5482    34.5469    27.4401    27.4390     0.6118     18.607      5.885 0.0000e+00
   1457.494      34981   1155.431 -109.99748   22.66672   1145.000     3.9576     3.9579   3.264675   3.264580 5.8291e-02    12.3417     4.5711 6.2813e-02          0     4.5711     0.0194     0.6105     0.0000     4.7470     0.0000     0.0973     0.0000     0.6108    34.5482    34.5468    27.4402    27.4391     0.6098     18.548      5.866 0.0000e+00
   1458.665      35009   1156.442 -109.99748   22.66672   1146.000     3.9578     3.9581   3.264740   3.264648 5.8316e-02    12.3416     4.5712 6.1861e-02          0     4.5712     0.0194     0.6106     0.0000     4.7504     0.0000     0.0905     0.0000     0.6109    34.5482    34.5468    27.4402    27.4391     0.6100     18.554      5.868 0.0000e+00
   1459.602      35031   1157.454 -109.99748   22.66672   1147.000     3.9544     3.9566   3.264463   3.264549 5.8109e-02    12.3419     4.5709 6.3023e-02          0     4.5709     0.0193     0.6107     0.0000     4.7502     0.0000     0.0988     0.0000     0.6110    34.5480    34.5467    27.4405    27.4392     0.6128     18.640      5.894 0.0000e+00
   1460.458      35052   1158.466 -109.99748   22.66672   1148.000     3.9529     3.9533   3.264367   3.264299 5.7881e-02    12.3416     4.5712 6.1210e-02          0     4.5712     0.0193     0.6109     0.0000     4.7500     0.0000     0.0862     0.0000     0.6112    34.5480    34.5467    27.4406    27.4395     0.6167     18.757      5.931 0.0000e+00
   1461.362      35074   1159.478 -109.99748   22.66672   1149.000     3.9506     3.9510   3.264205   3.264117 5.7342e-02    12.3415     4.5712 6.0294e-02          0     4.5712     0.0191     0.6113     0.0000     4.7494     0.0000     0.0797     0.0000     0.6116    34.5479    34.5465    27.4408    27.4396     0.6192     18.834      5.955 0.0000e+00
   1462.440      35100   1160.490 -109.99748   22.66674   1150.000     3.9489     3.9490   3.264088   3.263984 5.7804e-02    12.3413     4.5714 6.1643e-02          0     4.5714     0.0192     0.6116     0.0000     4.7469     0.0000     0.0893     0.0000     0.6119    34.5479    34.5465    27.4409    27.4398     0.6187     18.818      5.950 0.0000e+00
   1463.592      35127   1161.502 -109.99750   22.66674   1151.000     3.9457     3.9461   3.263853   3.263768 5.7112e-02    12.3413     4.5715 6.3266e-02          0     4.5715     0.0190     0.6118     0.0000     4.7216     0.0000     0.1002     0.0000     0.6121    34.5478    34.5465    27.4412    27.4401     0.6177     18.789      5.940 0.0000e+00
   1464.589      35151   1162.514 -109.99750   22.66674   1152.000     3.9400     3.9403   3.263396   3.263308 5.7343e-02    12.3413     4.5715 6.2400e-02          0     4.5715     0.0191     0.6120     0.0000     4.7070     0.0000     0.0945     0.0000     0.6124    34.5479    34.5466    27.4419    27.4408     0.6258     19.034      6.017 0.0000e+00
   1465.489      35173   1163.526 -109.99750   22.66674   1153.000     3.9353     3.9356   3.263051   3.262946 5.6434e-02    12.3412     4.5716 6.2393e-02          0     4.5716     0.0188     0.6125     0.0000     4.7393     0.0000     0.0945     0.0000     0.6128    34.5483    34.5468    27.4426    27.4414     0.6294     19.144      6.051 0.0000e+00
   1466.344      35193   1164.538 -109.99750   22.66674   1154.000     3.9321     3.9324   3.262817   3.262733 5.5324e-02    12.3414     4.5713 5.9971e-02          0     4.5713     0.0184     0.6128     0.0000     4.7488     0.0000     0.0775     0.0000     0.6132    34.5484    34.5471    27.4431    27.4420     0.6267     19.061      6.024 0.0000e+00
   1467.161      35213   1165.550 -109.99750   22.66674   1155.000     3.9254     3.9254   3.262278   3.262158 5.5905e-02    12.3412     4.5716 5.9347e-02          0     4.5716     0.0186     0.6129     0.0000     4.6800     0.0000     0.0728     0.0000     0.6133    34.5485    34.5471    27.4438    27.4427     0.6301     19.166      6.057 0.0000e+00
   1467.952      35232   1166.562 -109.99750   22.66674   1156.000     3.9112     3.9116   3.261116   3.261027 5.7247e-02    12.3413     4.5715 6.0623e-02          0     4.5715     0.0191     0.6136     0.0000     4.5979     0.0000     0.0820     0.0000     0.6139    34.5492    34.5477    27.4458    27.4446     0.6414     19.507      6.162 0.0000e+00
   1468.759      35251   1167.574 -109.99750   22.66674   1157.000     3.9027     3.9027   3.260466   3.260342 5.5873e-02    12.3413     4.5715 6.1541e-02          0     4.5715     0.0186     0.6143     0.0000     4.5963     0.0000     0.0884     0.0000     0.6146    34.5498    34.5484    27.4471    27.4460     0.6437     19.579      6.184 0.0000e+00
   1469.673      35273   1168.586 -109.99750   22.66673   1158.000     3.9008     3.9009   3.260351   3.260241 5.6970e-02    12.3416     4.5712 6.0859e-02          0     4.5712     0.0190     0.6150     0.0000     4.5989     0.0000     0.0837     0.0000     0.6153    34.5500    34.5485    27.4475    27.4463     0.6472     19.685      6.217 0.0000e+00
   1470.902      35303   1169.597 -109.99750   22.66673   1159.000     3.9003     3.9006   3.260355   3.260264 5.6884e-02    12.3414     4.5714 6.0908e-02          0     4.5714     0.0189     0.6157     0.0000     4.5931     0.0000     0.0841     0.0000     0.6160    34.5500    34.5486    27.4476    27.4465     0.6466     19.665      6.211 0.0000e+00
   1472.370      35338   1170.610 -109.99750   22.66674   1160.000     3.9004     3.9004   3.260412   3.260300 5.6717e-02    12.3416     4.5712 6.0447e-02          0     4.5712     0.0189     0.6164     0.0000     4.5884     0.0000     0.0805     0.0000     0.6167    34.5501    34.5487    27.4476    27.4465     0.6493     19.750      6.238 0.0000e+00
   1473.622      35368   1171.621 -109.99750   22.66674   1161.000     3.9000     3.9003   3.260434   3.260340 5.7547e-02    12.3416     4.5711 6.0469e-02          0     4.5711     0.0192     0.6166     0.0000     4.5892     0.0000     0.0810     0.0000     0.6169    34.5502    34.5489    27.4478    27.4467     0.6455     19.633      6.201 0.0000e+00
   1474.810      35396   1172.633 -109.99750   22.66674   1162.000     3.9001     3.9003   3.260487   3.260389 5.7875e-02    12.3415     4.5712 6.0961e-02          0     4.5712     0.0193     0.6166     0.0000     4.5877     0.0000     0.0843     0.0000     0.6170    34.5503    34.5488    27.4478    27.4467     0.6464     19.661      6.209 0.0000e+00
   1476.081      35427   1173.645 -109.99750   22.66674   1163.000     3.9003     3.9005   3.260557   3.260466 5.6248e-02    12.3419     4.5709 6.1248e-02          0     4.5709     0.0187     0.6170     0.0000     4.5863     0.0000     0.0861     0.0000     0.6174    34.5504    34.5490    27.4479    27.4468     0.6490     19.739      6.234 0.0000e+00
   1477.217      35454   1174.657 -109.99750   22.66674   1164.000     3.9005     3.9007   3.260624   3.260532 5.6771e-02    12.3416     4.5711 6.1273e-02          0     4.5711     0.0189     0.6169     0.0000     4.5871     0.0000     0.0865     0.0000     0.6173    34.5504    34.5491    27.4479    27.4469     0.6464     19.659      6.209 0.0000e+00
   1478.132      35476   1175.669 -109.99750   22.66674   1165.000     3.9000     3.9003   3.260652   3.260574 5.5708e-02    12.3418     4.5710 6.0054e-02          0     4.5710     0.0185     0.6170     0.0000     4.5860     0.0000     0.0778     0.0000     0.6174    34.5508    34.5495    27.4483    27.4472     0.6486     19.728      6.231 0.0000e+00
   1478.926      35495   1176.681 -109.99750   22.66674   1166.000     3.8985     3.8986   3.260607   3.260511 5.7453e-02    12.3416     4.5711 6.2092e-02          0     4.5711     0.0191     0.6171     0.0000     4.5861     0.0000     0.0925     0.0000     0.6175    34.5513    34.5501    27.4489    27.4479     0.6450     19.618      6.196 0.0000e+00
   1479.663      35513   1177.693 -109.99751   22.66674   1167.000     3.8941     3.8947   3.260316   3.260252 5.6492e-02    12.3421     4.5705 6.2308e-02          0     4.5705     0.0188     0.6169     0.0000     4.5893     0.0000     0.0940     0.0000     0.6173    34.5519    34.5506    27.4498    27.4487     0.6468     19.673      6.212 0.0000e+00
   1480.398      35531   1178.705 -109.99752   22.66674   1168.000     3.8833     3.8831   3.259466   3.259326 5.8136e-02    12.3423     4.5703 6.0885e-02          0     4.5703     0.0193     0.6170     0.0000     4.5875     0.0000     0.0840     0.0000     0.6174    34.5527    34.5513    27.4515    27.4504     0.6521     19.833      6.261 0.0000e+00
   1481.197      35550   1179.717 -109.99752   22.66674   1169.000     3.8747     3.8755   3.258798   3.258740 5.7570e-02    12.3422     4.5704 6.0774e-02          0     4.5704     0.0192     0.6174     0.0000     4.5890     0.0000     0.0830     0.0000     0.6178    34.5533    34.5518    27.4529    27.4516     0.6586     20.031      6.323 0.0000e+00
   1482.108      35572   1180.729 -109.99752   22.66674   1170.000     3.8631     3.8632   3.257845   3.257732 5.7651e-02    12.3418     4.5709 6.1920e-02          0     4.5709     0.0192     0.6178     0.0000     4.5923     0.0000     0.0912     0.0000     0.6182    34.5537    34.5522    27.4543    27.4532     0.6595     20.060      6.330 0.0000e+00
   1483.278      35600   1181.741 -109.99752   22.66674   1171.000     3.8561     3.8563   3.257300   3.257201 5.6951e-02    12.3419     4.5709 6.4023e-02          0     4.5709     0.0190     0.6184     0.0000     4.5989     0.0000     0.1055     0.0000     0.6188    34.5540    34.5526    27.4553    27.4542     0.6685     20.332      6.415 0.0000e+00
   1485.023      35642   1182.753 -109.99752   22.66674   1172.000     3.8473     3.8484   3.256529   3.256513 5.6527e-02    12.3419     4.5708 6.4103e-02          0     4.5708     0.0188     0.6199     0.0000     4.5974     0.0000     0.1060     0.0000     0.6203    34.5536    34.5523    27.4559    27.4547     0.6747     20.521      6.473 0.0000e+00
   1486.385      35674   1183.765 -109.99752   22.66674   1173.000     3.8372     3.8374   3.255687   3.255587 5.5340e-02    12.3415     4.5713 6.0483e-02          0     4.5713     0.0184     0.6207     0.0000     4.5944     0.0000     0.0810     0.0000     0.6211    34.5537    34.5523    27.4570    27.4559     0.6834     20.785      6.555 0.0000e+00
   1487.308      35696   1184.777 -109.99752   22.66674   1174.000     3.8347     3.8350   3.255534   3.255450 5.6889e-02    12.3415     4.5712 6.0676e-02          0     4.5712     0.0189     0.6215     0.0000     4.5930     0.0000     0.0825     0.0000     0.6219    34.5540    34.5527    27.4575    27.4564     0.6879     20.921      6.597 0.0000e+00
   1488.095      35715   1185.789 -109.99752   22.66674   1175.000     3.8309     3.8311   3.255260   3.255159 5.7783e-02    12.3416     4.5712 6.1166e-02          0     4.5712     0.0192     0.6222     0.0000     4.5941     0.0000     0.0858     0.0000     0.6226    34.5542    34.5529    27.4580    27.4569     0.6907     21.008      6.624 0.0000e+00
   1488.810      35732   1186.802 -109.99752   22.66674   1176.000     3.8217     3.8219   3.254556   3.254444 5.7122e-02    12.3415     4.5713 6.1154e-02          0     4.5713     0.0190     0.6227     0.0000     4.5947     0.0000     0.0858     0.0000     0.6231    34.5550    34.5535    27.4596    27.4583     0.6876     20.915      6.593 0.0000e+00
   1489.523      35750   1187.814 -109.99752   22.66674   1177.000     3.8160     3.8161   3.254124   3.254008 4.4940e-02    12.3416     4.5711 6.0883e-02          0     4.5711     0.0150     0.6228     0.0000     4.5951     0.0000     0.0840     0.0000     0.6232    34.5554    34.5539    27.4605    27.4593     0.6937     21.100      6.651 0.0000e+00
   1490.294      35768   1188.826 -109.99752   22.66674   1178.000     3.8111     3.8115   3.253750   3.253670 1.9291e-02    12.3414     4.5714 6.2829e-02          0     4.5714     0.0064     0.6238     0.0000     4.5964     0.0000     0.0975     0.0000     0.6242    34.5556    34.5543    27.4611    27.4600     0.6982     21.236      6.693 0.0000e+00
