example data/fromGithub/from NatalyaEvans_cnv_concatenator/Station00_test_cast1.cnv
* Sea-Bird SBE 9 Data File:
* FileName = C:\CTD\RR1804\Station00_test_cast1.hex
* Software Version Seasave V 7.26.6.26
* Temperature SN = 4307
* Conductivity SN = 4650
* Number of Bytes Per Scan = 44
* Number of Voltage Words = 5
* Number of Scans Averaged by the Deck Unit = 1
* NMEA Latitude = 26 57.55 N
* NMEA Longitude = 114 39.33 W
* NMEA UTC (Time) = Mar 28 2018 22:21:06
** Ship: Revell
** Station: station 00
** Operator: Clara
# nquan = 32
# nvalues = 791                         
# units = specified
# name 0 = timeS: Time, Elapsed [seconds]
# name 1 = scan: Scan Count
# name 2 = prDM: Pressure, Digiquartz [db]
# name 3 = longitude: Longitude [deg]
# name 4 = latitude: Latitude [deg]
# name 5 = depSM: Depth [salt water, m]
# name 6 = t090C: Temperature [ITS-90, deg C]
# name 7 = t190C: Temperature, 2 [ITS-90, deg C]
# name 8 = c0S/m: Conductivity [S/m]
# name 9 = c1S/m: Conductivity, 2 [S/m]
# name 10 = flSP: Fluorescence, Seapoint
# name 11 = CStarAt0: Beam Attenuation, WET Labs C-Star [1/m]
# name 12 = CStarTr0: Beam Transmission, WET Labs C-Star [%]
# name 13 = par: PAR/Irradiance, Biospherical/Licor
# name 14 = modError: Modulo Error Count
# name 15 = v0: Voltage 0
# name 16 = v1: Voltage 1
# name 17 = v2: Voltage 2
# name 18 = v3: Voltage 3
# name 19 = v4: Voltage 4
# name 20 = v5: Voltage 5
# name 21 = v6: Voltage 6
# name 22 = v7: Voltage 7
# name 23 = sbeox0V: Oxygen raw, SBE 43 [V]
# name 24 = sal00: Salinity, Practical [PSU]
# name 25 = sal11: Salinity, Practical, 2 [PSU]
# name 26 = sigma-é00: Density [sigma-theta, kg/m^3]
# name 27 = sigma-é11: Density, 2 [sigma-theta, kg/m^3]
# name 28 = sbeox0Mg/L: Oxygen, SBE 43 [mg/l], WS = 2
# name 29 = sbox0Mm/Kg: Oxygen, SBE 43 [umol/kg], WS = 2
# name 30 = sbeox0PS: Oxygen, SBE 43 [% saturation], WS = 2
# name 31 = flag: flag
# span 0 =    -38.145,   1201.649       
# span 1 =       -914,      28841       
# span 2 =     10.066,    806.860       
# span 3 = -114.65570, -114.65562       
# span 4 =   26.95924,   26.95930       
# span 5 =     10.000,    800.000       
# span 6 =     5.0318,    16.9949       
# span 7 =     5.0322,    17.0407       
# span 8 =   3.338630,   4.338637       
# span 9 =   3.338537,   4.342702       
# span 10 = 4.9199e-02, 2.3510e+00      
# span 11 =    12.3413,    12.6707      
# span 12 =     4.2102,     4.5715      
# span 13 = 5.0652e-02, 4.6130e+01      
# span 14 =          0,          0      
# span 15 =     4.2102,     4.5715      
# span 16 =     0.0164,     0.7837      
# span 17 =     0.5340,     2.7858      
# span 18 =     0.0000,     0.0000      
# span 19 =     3.5177,     4.8898      
# span 20 =     0.0000,     0.0000      
# span 21 =     0.0047,     2.9595      
# span 22 =     0.0000,     0.0000      
# span 23 =     0.5327,     2.7858      
# span 24 =    33.5021,    34.4707      
# span 25 =    33.5005,    34.4692      
# span 26 =    24.5061,    27.2596      
# span 27 =    24.4929,    27.2583      
# span 28 =     0.1598,     7.9301      
# span 29 =      4.863,    241.876      
# span 30 =      1.629,    100.345      
# span 31 = 0.0000e+00, 0.0000e+00      
# interval = meters: 1                  
# start_time = Mar 28 2018 22:21:09 [System UTC, first data scan.]
# bad_flag = -9.990e-29
*END*
[from data line 544]
    880.497      21133    558.417 -114.65568   26.95928    554.000     6.4257     6.4261   3.450253   3.450200 6.6213e-02    12.3417     4.5711 5.3898e-02          0     4.5711     0.0221     0.5343     0.0000     4.6378     0.0000     0.0313     0.0000     0.5330    34.4381    34.4371    27.0603    27.0595     0.1598      4.863      1.629 0.0000e+00
    881.461      21156    559.427 -114.65568   26.95928    555.000     6.4248     6.4250   3.450221   3.450145 6.5928e-02    12.3418     4.5709 5.1534e-02          0     4.5709     0.0220     0.5340     0.0000     4.6339     0.0000     0.0121     0.0000     0.5327    34.4382    34.4371    27.0604    27.0596     0.1616      4.916      1.647 0.0000e+00
    882.299      21176    560.436 -114.65568   26.95928    556.000     6.4239     6.4242   3.450172   3.450110 6.5934e-02    12.3420     4.5707 5.1285e-02          0     4.5707     0.0220     0.5342     0.0000     4.6298     0.0000     0.0100     0.0000     0.5329    34.4381    34.4371    27.0605    27.0597     0.1637      4.980      1.668 0.0000e+00
    883.114      21196    561.446 -114.65568   26.95928    557.000     6.4181     6.4183   3.449661   3.449567 6.5728e-02    12.3419     4.5708 5.1639e-02          0     4.5708     0.0219     0.5343     0.0000     4.6342     0.0000     0.0130     0.0000     0.5330    34.4377    34.4365    27.0609    27.0600     0.1636      4.979      1.667 0.0000e+00
    883.946      21216    562.455 -114.65568   26.95928    558.000     6.4153     6.4155   3.449457   3.449377 6.6104e-02    12.3418     4.5709 5.0661e-02          0     4.5709     0.0221     0.5344     0.0000     4.6394     0.0000     0.0048     0.0000     0.5331    34.4377    34.4366    27.0614    27.0605     0.1616      4.916      1.646 0.0000e+00
    884.845      21237    563.464 -114.65568   26.95928    559.000     6.4073     6.4072   3.448735   3.448621 6.4706e-02    12.3419     4.5708 5.0974e-02          0     4.5708     0.0216     0.5342     0.0000     4.6383     0.0000     0.0074     0.0000     0.5329    34.4373    34.4361    27.0621    27.0611     0.1638      4.983      1.668 0.0000e+00
    885.801      21260    564.474 -114.65568   26.95928    560.000     6.3934     6.3931   3.447444   3.447300 6.5737e-02    12.3420     4.5707 5.0676e-02          0     4.5707     0.0219     0.5343     0.0000     4.6393     0.0000     0.0049     0.0000     0.5330    34.4364    34.4351    27.0632    27.0623     0.1652      5.025      1.682 0.0000e+00
    886.851      21285    565.483 -114.65568   26.95928    561.000     6.3737     6.3733   3.445645   3.445505 6.5793e-02    12.3420     4.5707 5.2634e-02          0     4.5707     0.0220     0.5347     0.0000     4.6393     0.0000     0.0211     0.0000     0.5334    34.4357    34.4345    27.0652    27.0644     0.1673      5.091      1.703 0.0000e+00
    888.101      21315    566.492 -114.65567   26.95928    562.000     6.3664     6.3665   3.445014   3.444908 6.4360e-02    12.3422     4.5705 5.3575e-02          0     4.5705     0.0215     0.5347     0.0000     4.6395     0.0000     0.0285     0.0000     0.5334    34.4355    34.4343    27.0660    27.0651     0.1658      5.045      1.687 0.0000e+00
    889.507      21349    567.502 -114.65566   26.95928    563.000     6.3603     6.3603   3.444484   3.444379 6.3891e-02    12.3419     4.5708 5.2755e-02          0     4.5708     0.0213     0.5348     0.0000     4.6376     0.0000     0.0218     0.0000     0.5335    34.4353    34.4341    27.0667    27.0658     0.1652      5.026      1.681 0.0000e+00
    890.803      21380    568.511 -114.65566   26.95928    564.000     6.3577     6.3579   3.444295   3.444203 6.4620e-02    12.3422     4.5704 5.2008e-02          0     4.5704     0.0216     0.5348     0.0000     4.6300     0.0000     0.0160     0.0000     0.5335    34.4353    34.4341    27.0671    27.0661     0.1664      5.064      1.693 0.0000e+00
    891.907      21407    569.520 -114.65566   26.95928    565.000     6.3519     6.3518   3.443797   3.443680 6.4560e-02    12.3419     4.5708 5.1377e-02          0     4.5708     0.0215     0.5349     0.0000     4.6202     0.0000     0.0107     0.0000     0.5336    34.4351    34.4340    27.0676    27.0668     0.1661      5.055      1.690 0.0000e+00
    892.858      21430    570.530 -114.65566   26.95928    566.000     6.3415     6.3416   3.442899   3.442788 6.4001e-02    12.3421     4.5706 5.0652e-02          0     4.5706     0.0214     0.5349     0.0000     4.6273     0.0000     0.0047     0.0000     0.5336    34.4351    34.4338    27.0690    27.0680     0.1674      5.094      1.703 0.0000e+00
    893.693      21450    571.539 -114.65566   26.95928    567.000     6.3346     6.3348   3.442321   3.442234 6.2813e-02    12.3423     4.5704 5.0671e-02          0     4.5704     0.0210     0.5352     0.0000     4.6248     0.0000     0.0049     0.0000     0.5339    34.4351    34.4340    27.0699    27.0690     0.1698      5.166      1.726 0.0000e+00
    894.463      21468    572.549 -114.65566   26.95928    568.000     6.3299     6.3302   3.441957   3.441893 6.2701e-02    12.3418     4.5709 5.0671e-02          0     4.5709     0.0209     0.5351     0.0000     4.6395     0.0000     0.0049     0.0000     0.5338    34.4353    34.4343    27.0707    27.0699     0.1670      5.082      1.698 0.0000e+00
    895.218      21486    573.558 -114.65566   26.95928    569.000     6.3283     6.3284   3.441841   3.441741 6.3047e-02    12.3421     4.5705 5.0694e-02          0     4.5705     0.0211     0.5352     0.0000     4.6384     0.0000     0.0051     0.0000     0.5339    34.4352    34.4339    27.0708    27.0698     0.1687      5.134      1.716 0.0000e+00
    896.062      21506    574.567 -114.65566   26.95928    570.000     6.3087     6.3081   3.440116   3.439933 6.3103e-02    12.3422     4.5704 5.1013e-02          0     4.5704     0.0211     0.5355     0.0000     4.6446     0.0000     0.0078     0.0000     0.5342    34.4351    34.4337    27.0733    27.0723     0.1715      5.217      1.743 0.0000e+00
    897.198      21534    575.577 -114.65566   26.95928    571.000     6.2829     6.2822   3.437841   3.437655 6.2181e-02    12.3421     4.5706 5.1441e-02          0     4.5706     0.0208     0.5355     0.0000     4.6483     0.0000     0.0113     0.0000     0.5342    34.4353    34.4339    27.0768    27.0758     0.1709      5.201      1.736 0.0000e+00
    898.686      21569    576.586 -114.65565   26.95928    572.000     6.2508     6.2505   3.435022   3.434838 6.1742e-02    12.3419     4.5708 5.0773e-02          0     4.5708     0.0206     0.5357     0.0000     4.6530     0.0000     0.0058     0.0000     0.5344    34.4356    34.4340    27.0812    27.0799     0.1708      5.197      1.734 0.0000e+00
    899.954      21600    577.596 -114.65564   26.95927    573.000     6.2385     6.2390   3.434033   3.433973 6.1985e-02    12.3423     4.5703 5.0859e-02          0     4.5703     0.0207     0.5356     0.0000     4.6469     0.0000     0.0065     0.0000     0.5343    34.4366    34.4354    27.0835    27.0826     0.1700      5.172      1.725 0.0000e+00
    900.911      21623    578.605 -114.65564   26.95926    574.000     6.2346     6.2350   3.433710   3.433635 6.2106e-02    12.3419     4.5708 5.0768e-02          0     4.5708     0.0207     0.5357     0.0000     4.6423     0.0000     0.0057     0.0000     0.5345    34.4364    34.4352    27.0839    27.0829     0.1715      5.217      1.739 0.0000e+00
    901.744      21643    579.615 -114.65564   26.95926    575.000     6.2283     6.2287   3.433176   3.433112 6.1911e-02    12.3420     4.5707 5.1228e-02          0     4.5707     0.0207     0.5356     0.0000     4.6478     0.0000     0.0095     0.0000     0.5344    34.4363    34.4351    27.0846    27.0837     0.1728      5.257      1.753 0.0000e+00
    902.541      21662    580.624 -114.65564   26.95926    576.000     6.2256     6.2256   3.432971   3.432861 5.9693e-02    12.3421     4.5705 5.0701e-02          0     4.5705     0.0199     0.5359     0.0000     4.6516     0.0000     0.0051     0.0000     0.5347    34.4362    34.4350    27.0850    27.0840     0.1721      5.237      1.746 0.0000e+00
    903.345      21681    581.633 -114.65564   26.95926    577.000     6.2214     6.2221   3.432627   3.432589 6.0430e-02    12.3421     4.5706 5.0671e-02          0     4.5706     0.0201     0.5357     0.0000     4.6531     0.0000     0.0049     0.0000     0.5345    34.4361    34.4350    27.0855    27.0845     0.1708      5.197      1.732 0.0000e+00
    904.215      21702    582.643 -114.65564   26.95926    578.000     6.2197     6.2200   3.432530   3.432454 5.8272e-02    12.3418     4.5709 5.0671e-02          0     4.5709     0.0194     0.5358     0.0000     4.6492     0.0000     0.0049     0.0000     0.5346    34.4363    34.4351    27.0858    27.0849     0.1716      5.222      1.741 0.0000e+00
    905.238      21727    583.652 -114.65564   26.95926    579.000     6.2194     6.2192   3.432563   3.432458 5.6823e-02    12.3422     4.5705 5.0681e-02          0     4.5705     0.0189     0.5357     0.0000     4.6515     0.0000     0.0050     0.0000     0.5345    34.4365    34.4354    27.0860    27.0852     0.1720      5.232      1.744 0.0000e+00
    906.509      21757    584.662 -114.65564   26.95926    580.000     6.2176     6.2183   3.432457   3.432416 5.7047e-02    12.3420     4.5707 5.0829e-02          0     4.5707     0.0190     0.5358     0.0000     4.6588     0.0000     0.0062     0.0000     0.5346    34.4366    34.4354    27.0864    27.0853     0.1704      5.183      1.728 0.0000e+00
    907.958      21792    585.671 -114.65564   26.95926    581.000     6.2170     6.2171   3.432454   3.432379 5.8679e-02    12.3419     4.5708 5.0939e-02          0     4.5708     0.0195     0.5358     0.0000     4.6644     0.0000     0.0071     0.0000     0.5346    34.4367    34.4357    27.0865    27.0857     0.1727      5.254      1.751 0.0000e+00
    909.192      21822    586.681 -114.65564   26.95926    582.000     6.2159     6.2163   3.432419   3.432365 5.6676e-02    12.3421     4.5706 5.0666e-02          0     4.5706     0.0189     0.5358     0.0000     4.6617     0.0000     0.0049     0.0000     0.5346    34.4369    34.4359    27.0868    27.0859     0.1713      5.212      1.737 0.0000e+00
    910.191      21846    587.690 -114.65564   26.95926    583.000     6.2149     6.2152   3.432373   3.432310 5.9949e-02    12.3421     4.5706 5.1498e-02          0     4.5706     0.0200     0.5359     0.0000     4.6602     0.0000     0.0117     0.0000     0.5347    34.4369    34.4358    27.0870    27.0861     0.1728      5.258      1.752 0.0000e+00
    911.071      21867    588.700 -114.65564   26.95926    584.000     6.2151     6.2156   3.432453   3.432395 6.4514e-02    12.3418     4.5709 5.1010e-02          0     4.5709     0.0215     0.5358     0.0000     4.6453     0.0000     0.0077     0.0000     0.5345    34.4371    34.4360    27.0871    27.0861     0.1697      5.164      1.721 0.0000e+00
    911.868      21886    589.709 -114.65564   26.95926    585.000     6.2145     6.2151   3.432441   3.432406 6.5132e-02    12.3420     4.5707 5.1413e-02          0     4.5707     0.0217     0.5357     0.0000     4.6327     0.0000     0.0110     0.0000     0.5345    34.4371    34.4361    27.0872    27.0863     0.1731      5.266      1.755 0.0000e+00
    912.623      21904    590.719 -114.65564   26.95926    586.000     6.2124     6.2125   3.432278   3.432203 6.4286e-02    12.3418     4.5709 5.0661e-02          0     4.5709     0.0215     0.5360     0.0000     4.6258     0.0000     0.0048     0.0000     0.5348    34.4369    34.4359    27.0873    27.0865     0.1742      5.302      1.767 0.0000e+00
    913.384      21922    591.728 -114.65564   26.95926    587.000     6.2083     6.2087   3.431931   3.431847 6.4198e-02    12.3420     4.5707 5.0894e-02          0     4.5707     0.0214     0.5359     0.0000     4.6317     0.0000     0.0068     0.0000     0.5347    34.4366    34.4353    27.0876    27.0865     0.1723      5.242      1.747 0.0000e+00
    914.254      21943    592.738 -114.65564   26.95926    588.000     6.1930     6.1930   3.430545   3.430416 6.4104e-02    12.3418     4.5710 5.1378e-02          0     4.5710     0.0214     0.5360     0.0000     4.6339     0.0000     0.0107     0.0000     0.5348    34.4360    34.4346    27.0892    27.0880     0.1740      5.294      1.763 0.0000e+00
    915.327      21969    593.747 -114.65564   26.95926    589.000     6.1793     6.1794   3.429340   3.429253 6.4102e-02    12.3425     4.5701 5.0918e-02          0     4.5701     0.0214     0.5361     0.0000     4.6383     0.0000     0.0070     0.0000     0.5349    34.4360    34.4349    27.0909    27.0900     0.1758      5.347      1.781 0.0000e+00
    916.546      21998    594.757 -114.65564   26.95926    590.000     6.1704     6.1702   3.428623   3.428497 6.4975e-02    12.3420     4.5707 5.2059e-02          0     4.5707     0.0217     0.5365     0.0000     4.6430     0.0000     0.0162     0.0000     0.5353    34.4364    34.4352    27.0923    27.0914     0.1763      5.363      1.786 0.0000e+00
    917.789      22028    595.766 -114.65564   26.95926    591.000     6.1610     6.1610   3.427765   3.427664 6.5577e-02    12.3419     4.5708 5.1299e-02          0     4.5708     0.0219     0.5362     0.0000     4.6367     0.0000     0.0102     0.0000     0.5350    34.4358    34.4346    27.0930    27.0921     0.1761      5.359      1.784 0.0000e+00
    918.967      22056    596.776 -114.65564   26.95926    592.000     6.1518     6.1513   3.426955   3.426797 6.2793e-02    12.3416     4.5712 5.2490e-02          0     4.5712     0.0210     0.5368     0.0000     4.6231     0.0000     0.0199     0.0000     0.5356    34.4355    34.4343    27.0940    27.0931     0.1794      5.458      1.816 0.0000e+00
    920.026      22082    597.785 -114.65564   26.95926    593.000     6.1451     6.1451   3.426376   3.426264 6.3035e-02    12.3419     4.5708 5.5241e-02          0     4.5708     0.0211     0.5369     0.0000     4.6185     0.0000     0.0418     0.0000     0.5357    34.4353    34.4341    27.0947    27.0938     0.1798      5.472      1.821 0.0000e+00
    920.976      22104    598.795 -114.65564   26.95926    594.000     6.1425     6.1428   3.426166   3.426089 6.2274e-02    12.3420     4.5707 5.1345e-02          0     4.5707     0.0208     0.5372     0.0000     4.5499     0.0000     0.0105     0.0000     0.5360    34.4351    34.4340    27.0949    27.0940     0.1814      5.521      1.837 0.0000e+00
    921.884      22126    599.804 -114.65564   26.95926    595.000     6.1294     6.1290   3.425000   3.424851 6.1778e-02    12.3418     4.5710 5.0868e-02          0     4.5710     0.0206     0.5372     0.0000     4.6087     0.0000     0.0066     0.0000     0.5360    34.4348    34.4336    27.0963    27.0954     0.1787      5.438      1.809 0.0000e+00
    922.838      22149    600.814 -114.65564   26.95926    596.000     6.1163     6.1164   3.424014   3.423926 5.8753e-02    12.3418     4.5709 5.1920e-02          0     4.5709     0.0196     0.5371     0.0000     4.6124     0.0000     0.0152     0.0000     0.5359    34.4365    34.4353    27.0994    27.0984     0.1787      5.436      1.808 0.0000e+00
    923.805      22172    601.823 -114.65564   26.95926    597.000     6.1099     6.1098   3.423449   3.423328 5.8767e-02    12.3418     4.5709 5.1673e-02          0     4.5709     0.0196     0.5372     0.0000     4.6161     0.0000     0.0131     0.0000     0.5360    34.4361    34.4349    27.0999    27.0989     0.1800      5.478      1.821 0.0000e+00
    924.747      22195    602.833 -114.65564   26.95926    598.000     6.0977     6.0972   3.422364   3.422220 5.9085e-02    12.3418     4.5709 5.0675e-02          0     4.5709     0.0197     0.5373     0.0000     4.5923     0.0000     0.0049     0.0000     0.5361    34.4358    34.4347    27.1012    27.1004     0.1801      5.479      1.821 0.0000e+00
