example data/fromGithub/from NatalyaEvans_cnv_concatenator/Station00_test_cast1.cnv
* Sea-Bird SBE 9 Data File:
* FileName = C:\CTD\RR1804\Station00_test_cast1.hex
* Software Version Seasave V 7.26.6.26
* Temperature SN = 4307
* Conductivity SN = 4650
* Number of Bytes Per Scan = 44
* Number of Voltage Words = 5
* Number of Scans Averaged by the Deck Unit = 1
* NMEA Latitude = 26 57.55 N
* NMEA Longitude = 114 39.33 W
* NMEA UTC (Time) = Mar 28 2018 22:21:06
** Ship: Revell
** Station: station 00
** Operator: Clara
# nquan = 32
# nvalues = 791                         
# units = specified
# name 0 = timeS: Time, Elapsed [seconds]
# name 1 = scan: Scan Count
# name 2 = prDM: Pressure, Digiquartz [db]
# name 3 = longitude: Longitude [deg]
# name 4 = latitude: Latitude [deg]
# name 5 = depSM: Depth [salt water, m]
# name 6 = t090C: Temperature [ITS-90, deg C]
# name 7 = t190C: Temperature, 2 [ITS-90, deg C]
# name 8 = c0S/m: Conductivity [S/m]
# name 9 = c1S/m: Conductivity, 2 [S/m]
# name 10 = flSP: Fluorescence, Seapoint
# name 11 = CStarAt0: Beam Attenuation, WET Labs C-Star [1/m]
# name 12 = CStarTr0: Beam Transmission, WET Labs C-Star [%]
# name 13 = par: PAR/Irradiance, Biospherical/Licor
# name 14 = modError: Modulo Error Count
# name 15 = v0: Voltage 0
# name 16 = v1: Voltage 1
# name 17 = v2: Voltage 2
# name 18 = v3: Voltage 3
# name 19 = v4: Voltage 4
# name 20 = v5: Voltage 5
# name 21 = v6: Voltage 6
# name 22 = v7: Voltage 7
# name 23 = sbeox0V: Oxygen raw, SBE 43 [V]
# name 24 = sal00: Salinity, Practical [PSU]
# name 25 = sal11: Salinity, Practical, 2 [PSU]
# name 26 = sigma-é00: Density [sigma-theta, kg/m^3]
# name 27 = sigma-é11: Density, 2 [sigma-theta, kg/m^3]
# name 28 = sbeox0Mg/L: Oxygen, SBE 43 [mg/l], WS = 2
# name 29 = sbox0Mm/Kg: Oxygen, SBE 43 [umol/kg], WS = 2
# name 30 = sbeox0PS: Oxygen, SBE 43 [% saturation], WS = 2
# name 31 = flag: flag
# span 0 =    -38.145,   1201.649       
# span 1 =       -914,      28841       
# span 2 =     10.066,    806.860       
# span 3 = -114.65570, -114.65562       
# span 4 =   26.95924,   26.95930       
# span 5 =     10.000,    800.000       
# span 6 =     5.0318,    16.9949       
# span 7 =     5.0322,    17.0407       
# span 8 =   3.338630,   4.338637       
# span 9 =   3.338537,   4.342702       
# span 10 = 4.9199e-02, 2.3510e+00      
# span 11 =    12.3413,    12.6707      
# span 12 =     4.2102,     4.5715      
# span 13 = 5.0652e-02, 4.6130e+01      
# span 14 =          0,          0      
# span 15 =     4.2102,     4.5715      
# span 16 =     0.0164,     0.7837      
# span 17 =     0.5340,     2.7858      
# span 18 =     0.0000,     0.0000      
# span 19 =     3.5177,     4.8898      
# span 20 =     0.0000,     0.0000      
# span 21 =     0.0047,     2.9595      
# span 22 =     0.0000,     0.0000      
# span 23 =     0.5327,     2.7858      
# span 24 =    33.5021,    34.4707      
# span 25 =    33.5005,    34.4692      
# span 26 =    24.5061,    27.2596      
# span 27 =    24.4929,    27.2583      
# span 28 =     0.1598,     7.9301      
# span 29 =      4.863,    241.876      
# span 30 =      1.629,    100.345      
# span 31 = 0.0000e+00, 0.0000e+00      
# interval = meters: 1                  
# start_time = Mar 28 2018 22:21:09 [System UTC, first data scan.]
# bad_flag = -9.990e-29
*END*
[from data line 771]
   1109.989      26641    787.661 -114.65568   26.95928    781.000     5.1255     5.1258   3.345554   3.345453 6.6989e-02    12.3415     4.5713 6.0891e-02          0     4.5713     0.0223     0.5546     0.0000     4.7093     0.0000     0.0837     0.0000     0.5537    34.4635    34.4621    27.2429    27.2417     0.2790      8.488      2.759 0.0000e+00
   1111.756      26683    788.671 -114.65568   26.95928    782.000     5.1147     5.1147   3.344669   3.344568 6.7619e-02    12.3414     4.5714 6.0786e-02          0     4.5714     0.0226     0.5550     0.0000     4.7159     0.0000     0.0831     0.0000     0.5541    34.4640    34.4627    27.2446    27.2436     0.2821      8.582      2.789 0.0000e+00
   1112.910      26711    789.681 -114.65568   26.95928    783.000     5.1082     5.1083   3.344179   3.344085 6.7430e-02    12.3414     4.5714 5.8161e-02          0     4.5714     0.0225     0.5551     0.0000     4.7028     0.0000     0.0641     0.0000     0.5541    34.4645    34.4633    27.2457    27.2448     0.2807      8.540      2.774 0.0000e+00
   1113.766      26731    790.692 -114.65568   26.95927    784.000     5.1020     5.1020   3.343718   3.343605 6.8374e-02    12.3415     4.5713 5.7712e-02          0     4.5713     0.0228     0.5555     0.0000     4.6994     0.0000     0.0609     0.0000     0.5545    34.4651    34.4638    27.2469    27.2459     0.2842      8.647      2.809 0.0000e+00
   1114.527      26750    791.702 -114.65568   26.95926    785.000     5.0964     5.0965   3.343307   3.343201 6.8171e-02    12.3414     4.5713 5.7943e-02          0     4.5713     0.0227     0.5555     0.0000     4.7130     0.0000     0.0626     0.0000     0.5545    34.4656    34.4642    27.2480    27.2469     0.2827      8.600      2.793 0.0000e+00
   1115.318      26769    792.713 -114.65568   26.95926    786.000     5.0933     5.0935   3.343104   3.342999 6.7174e-02    12.3414     4.5714 5.6169e-02          0     4.5714     0.0224     0.5557     0.0000     4.7299     0.0000     0.0489     0.0000     0.5547    34.4659    34.4646    27.2486    27.2475     0.2828      8.602      2.793 0.0000e+00
   1116.370      26794    793.723 -114.65568   26.95926    787.000     5.0859     5.0857   3.342510   3.342376 6.7621e-02    12.3415     4.5712 5.5827e-02          0     4.5712     0.0226     0.5557     0.0000     4.7355     0.0000     0.0464     0.0000     0.5547    34.4662    34.4649    27.2497    27.2486     0.2846      8.659      2.811 0.0000e+00
   1120.743      26899    794.734 -114.65568   26.95927    788.000     5.0972     5.0957   3.343511   3.343292 6.8426e-02    12.3415     4.5713 5.6721e-02          0     4.5713     0.0228     0.5561     0.0000     4.7399     0.0000     0.0528     0.0000     0.5551    34.4656    34.4646    27.2479    27.2473     0.2838      8.633      2.804 0.0000e+00
   1124.795      26996    795.744 -114.65566   26.95926    789.000     5.0865     5.0867   3.342668   3.342563 6.9280e-02    12.3416     4.5712 5.6341e-02          0     4.5712     0.0231     0.5560     0.0000     4.7365     0.0000     0.0502     0.0000     0.5550    34.4664    34.4649    27.2498    27.2486     0.2863      8.709      2.828 0.0000e+00
   1130.174      27125    796.755 -114.65567   26.95926    790.000     5.0891     5.0953   3.342935   3.343349 6.8977e-02    12.3415     4.5713 5.7680e-02          0     4.5713     0.0230     0.5564     0.0000     4.7425     0.0000     0.0602     0.0000     0.5554    34.4662    34.4646    27.2494    27.2474     0.2851      8.674      2.817 0.0000e+00
   1135.245      27247    797.765 -114.65566   26.95926    791.000     5.0959     5.0979   3.343540   3.343603 6.9328e-02    12.3417     4.5710 5.8159e-02          0     4.5710     0.0231     0.5560     0.0000     4.7272     0.0000     0.0639     0.0000     0.5550    34.4658    34.4644    27.2482    27.2469     0.2846      8.657      2.812 0.0000e+00
   1137.888      27310    798.775 -114.65566   26.95926    792.000     5.0813     5.0808   3.342379   3.342227 6.8879e-02    12.3416     4.5712 5.7394e-02          0     4.5712     0.0230     0.5563     0.0000     4.7151     0.0000     0.0583     0.0000     0.5553    34.4669    34.4656    27.2508    27.2499     0.2866      8.720      2.831 0.0000e+00
   1144.079      27459    799.786 -114.65566   26.95926    793.000     5.0747     5.0808   3.341840   3.342270 6.8819e-02    12.3414     4.5714 5.4699e-02          0     4.5714     0.0229     0.5567     0.0000     4.7248     0.0000     0.0374     0.0000     0.5557    34.4669    34.4656    27.2516    27.2499     0.2880      8.761      2.844 0.0000e+00
   1146.817      27525    800.797 -114.65566   26.95926    794.000     5.0530     5.0524   3.340034   3.339874 6.8169e-02    12.3414     4.5714 5.5540e-02          0     4.5714     0.0227     0.5569     0.0000     4.7278     0.0000     0.0440     0.0000     0.5559    34.4680    34.4668    27.2550    27.2541     0.2894      8.804      2.856 0.0000e+00
   1150.860      27622    801.807 -114.65564   26.95926    795.000     5.0444     5.0447   3.339359   3.339249 6.7632e-02    12.3413     4.5715 5.8155e-02          0     4.5715     0.0226     0.5570     0.0000     4.7340     0.0000     0.0641     0.0000     0.5561    34.4686    34.4670    27.2564    27.2551     0.2910      8.854      2.872 0.0000e+00
   1154.215      27702    802.818 -114.65564   26.95926    796.000     5.0418     5.0422   3.339190   3.339099 6.7701e-02    12.3414     4.5714 6.0309e-02          0     4.5714     0.0226     0.5573     0.0000     4.7465     0.0000     0.0796     0.0000     0.5564    34.4688    34.4674    27.2569    27.2557     0.2921      8.888      2.883 0.0000e+00
   1158.915      27815    803.828 -114.65564   26.95926    797.000     5.0386     5.0396   3.338976   3.338944 6.7189e-02    12.3413     4.5715 5.8217e-02          0     4.5715     0.0224     0.5575     0.0000     4.7498     0.0000     0.0646     0.0000     0.5566    34.4691    34.4677    27.2575    27.2563     0.2937      8.934      2.898 0.0000e+00
   1164.789      27956    804.839 -114.65564   26.95926    798.000     5.0357     5.0369   3.338779   3.338764 6.7237e-02    12.3414     4.5714 5.7895e-02          0     4.5714     0.0224     0.5576     0.0000     4.7448     0.0000     0.0619     0.0000     0.5567    34.4694    34.4679    27.2581    27.2568     0.2929      8.912      2.890 0.0000e+00
   1180.182      28325    805.849 -114.65564   26.95926    799.000     5.0327     5.0333   3.338630   3.338549 6.7130e-02    12.3415     4.5712 6.0051e-02          0     4.5712     0.0224     0.5576     0.0000     4.7479     0.0000     0.0777     0.0000     0.5567    34.4702    34.4686    27.2591    27.2577     0.2933      8.921      2.893 0.0000e+00
   1201.649      28841    806.860 -114.65564   26.95926    800.000     5.0318     5.0322   3.338630   3.338537 6.7513e-02    12.3416     4.5711 6.0052e-02          0     4.5711     0.0225     0.5574     0.0000     4.7404     0.0000     0.0777     0.0000     0.5565    34.4707    34.4692    27.2596    27.2583     0.2917      8.873      2.878 0.0000e+00
