example data/fromGithub/from NatalyaEvans_cnv_concatenator/Station00_test_cast1.cnv
* Sea-Bird SBE 9 Data File:
* FileName = C:\CTD\RR1804\Station00_test_cast1.hex
* Software Version Seasave V 7.26.6.26
* Temperature SN = 4307
* Conductivity SN = 4650
* Number of Bytes Per Scan = 44
* Number of Voltage Words = 5
* Number of Scans Averaged by the Deck Unit = 1
* NMEA Latitude = 26 57.55 N
* NMEA Longitude = 114 39.33 W
* NMEA UTC (Time) = Mar 28 2018 22:21:06
** Ship: Revell
** Station: station 00
** Operator: Clara
# nquan = 32
# nvalues = 791                         
# units = specified
# name 0 = timeS: Time, Elapsed [seconds]
# name 1 = scan: Scan Count
# name 2 = prDM: Pressure, Digiquartz [db]
# name 3 = longitude: Longitude [deg]
# name 4 = latitude: Latitude [deg]
# name 5 = depSM: Depth [salt water, m]
# name 6 = t090C: Temperature [ITS-90, deg C]
# name 7 = t190C: Temperature, 2 [ITS-90, deg C]
# name 8 = c0S/m: Conductivity [S/m]
# name 9 = c1S/m: Conductivity, 2 [S/m]
# name 10 = flSP: Fluorescence, Seapoint
# name 11 = CStarAt0: Beam Attenuation, WET Labs C-Star [1/m]
# name 12 = CStarTr0: Beam Transmission, WET Labs C-Star [%]
# name 13 = par: PAR/Irradiance, Biospherical/Licor
# name 14 = modError: Modulo Error Count
# name 15 = v0: Voltage 0
# name 16 = v1: Voltage 1
# name 17 = v2: Voltage 2
# name 18 = v3: Voltage 3
# name 19 = v4: Voltage 4
# name 20 = v5: Voltage 5
# name 21 = v6: Voltage 6
# name 22 = v7: Voltage 7
# name 23 = sbeox0V: Oxygen raw, SBE 43 [V]
# name 24 = sal00: Salinity, Practical [PSU]
# name 25 = sal11: Salinity, Practical, 2 [PSU]
# name 26 = sigma-é00: Density [sigma-theta, kg/m^3]
# name 27 = sigma-é11: Density, 2 [sigma-theta, kg/m^3]
# name 28 = sbeox0Mg/L: Oxygen, SBE 43 [mg/l], WS = 2
# name 29 = sbox0Mm/Kg: Oxygen, SBE 43 [umol/kg], WS = 2
# name 30 = sbeox0PS: Oxygen, SBE 43 [% saturation], WS = 2
# name 31 = flag: flag
# span 0 =    -38.145,   1201.649       
# span 1 =       -914,      28841       
# span 2 =     10.066,    806.860       
# span 3 = -114.65570, -114.65562       
# span 4 =   26.95924,   26.95930       
# span 5 =     10.000,    800.000       
# span 6 =     5.0318,    16.9949       
# span 7 =     5.0322,    17.0407       
# span 8 =   3.338630,   4.338637       
# span 9 =   3.338537,   4.342702       
# span 10 = 4.9199e-02, 2.3510e+00      
# span 11 =    12.3413,    12.6707      
# span 12 =     4.2102,     4.5715      
# span 13 = 5.0652e-02, 4.6130e+01      
# span 14 =          0,          0      
# span 15 =     4.2102,     4.5715      
# span 16 =     0.0164,     0.7837      
# span 17 =     0.5340,     2.7858      
# span 18 =     0.0000,     0.0000      
# span 19 =     3.5177,     4.8898      
# span 20 =     0.0000,     0.0000      
# span 21 =     0.0047,     2.9595      
# span 22 =     0.0000,     0.0000      
# span 23 =     0.5327,     2.7858      
# span 24 =    33.5021,    34.4707      
# span 25 =    33.5005,    34.4692      
# span 26 =    24.5061,    27.2596      
# span 27 =    24.4929,    27.2583      
# span 28 =     0.1598,     7.9301      
# span 29 =      4.863,    241.876      
# span 30 =      1.629,    100.345      
# span 31 = 0.0000e+00, 0.0000e+00      
# interval = meters: 1                  
# start_time = Mar 28 2018 22:21:09 [System UTC, first data scan.]
# bad_flag = -9.990e-29
*END*
[from data line 408]
    740.070      17763    421.194 -114.65566   26.95928    418.000     7.4686     7.4682   3.535669   3.535484 6.9269e-02    12.3432     4.5693 5.0721e-02          0     4.5693     0.0231     0.5632     0.0000     4.6073     0.0000     0.0053     0.0000     0.5619    34.4018    34.4003    26.8876    26.8864     0.2985      9.083      3.115 0.0000e+00
    741.086      17787    422.203 -114.65566   26.95928    419.000     7.4437     7.4428   3.533223   3.533001 6.9745e-02    12.3424     4.5702 5.0711e-02          0     4.5702     0.0232     0.5643     0.0000     4.6061     0.0000     0.0052     0.0000     0.5630    34.3994    34.3980    26.8892    26.8882     0.3027      9.213      3.157 0.0000e+00
    742.163      17813    423.211 -114.65566   26.95928    420.000     7.4080     7.4060   3.529680   3.529342 7.0368e-02    12.3424     4.5702 5.0672e-02          0     4.5702     0.0235     0.5656     0.0000     4.5935     0.0000     0.0049     0.0000     0.5643    34.3959    34.3942    26.8915    26.8905     0.3073      9.352      3.202 0.0000e+00
    743.414      17843    424.220 -114.65566   26.95928    421.000     7.3940     7.3953   3.528641   3.528689 6.9952e-02    12.3424     4.5702 5.0717e-02          0     4.5702     0.0233     0.5664     0.0000     4.5903     0.0000     0.0053     0.0000     0.5651    34.3980    34.3972    26.8952    26.8944     0.3017      9.182      3.143 0.0000e+00
    744.738      17875    425.229 -114.65566   26.95928    422.000     7.3592     7.3559   3.525009   3.524510 6.9720e-02    12.3430     4.5696 5.0736e-02          0     4.5696     0.0232     0.5664     0.0000     4.6218     0.0000     0.0054     0.0000     0.5651    34.3925    34.3904    26.8958    26.8945     0.3067      9.332      3.192 0.0000e+00
    745.826      17901    426.237 -114.65567   26.95928    423.000     7.2994     7.2991   3.519142   3.519019 6.9453e-02    12.3422     4.5704 5.1109e-02          0     4.5704     0.0232     0.5676     0.0000     4.6318     0.0000     0.0085     0.0000     0.5662    34.3874    34.3864    26.9002    26.8994     0.3146      9.573      3.269 0.0000e+00
    746.815      17925    427.246 -114.65568   26.95928    424.000     7.2924     7.2895   3.518645   3.518202 7.0220e-02    12.3421     4.5706 5.0679e-02          0     4.5706     0.0234     0.5682     0.0000     4.6349     0.0000     0.0050     0.0000     0.5668    34.3885    34.3866    26.9020    26.9010     0.3152      9.591      3.275 0.0000e+00
    747.837      17949    428.255 -114.65568   26.95928    425.000     7.2672     7.2674   3.516180   3.516104 6.9742e-02    12.3420     4.5706 5.1164e-02          0     4.5706     0.0232     0.5688     0.0000     4.6303     0.0000     0.0090     0.0000     0.5675    34.3861    34.3851    26.9037    26.9029     0.3183      9.686      3.306 0.0000e+00
    748.919      17975    429.263 -114.65568   26.95928    426.000     7.2611     7.2611   3.515685   3.515579 6.9325e-02    12.3421     4.5706 5.1541e-02          0     4.5706     0.0231     0.5690     0.0000     4.6336     0.0000     0.0120     0.0000     0.5677    34.3863    34.3852    26.9048    26.9038     0.3129      9.523      3.250 0.0000e+00
    749.966      18000    430.272 -114.65568   26.95928    427.000     7.2542     7.2546   3.515125   3.515065 6.7935e-02    12.3420     4.5706 5.0723e-02          0     4.5706     0.0227     0.5689     0.0000     4.6270     0.0000     0.0053     0.0000     0.5676    34.3866    34.3855    26.9060    26.9050     0.3118      9.490      3.238 0.0000e+00
    750.935      18023    431.281 -114.65568   26.95928    428.000     7.2477     7.2479   3.514698   3.514639 6.8098e-02    12.3419     4.5708 5.1064e-02          0     4.5708     0.0227     0.5687     0.0000     4.6156     0.0000     0.0082     0.0000     0.5674    34.3879    34.3871    26.9079    26.9072     0.3089      9.401      3.207 0.0000e+00
    751.854      18045    432.290 -114.65568   26.95929    429.000     7.2464     7.2466   3.514711   3.514641 6.7766e-02    12.3419     4.5708 5.1135e-02          0     4.5708     0.0226     0.5686     0.0000     4.6271     0.0000     0.0088     0.0000     0.5673    34.3889    34.3879    26.9089    26.9081     0.3068      9.337      3.185 0.0000e+00
    752.761      18067    433.298 -114.65568   26.95930    430.000     7.2434     7.2436   3.514516   3.514433 6.7854e-02    12.3418     4.5709 5.1519e-02          0     4.5709     0.0226     0.5678     0.0000     4.6254     0.0000     0.0120     0.0000     0.5665    34.3892    34.3881    26.9096    26.9086     0.3014      9.173      3.129 0.0000e+00
    753.704      18090    434.307 -114.65568   26.95930    431.000     7.2379     7.2368   3.514146   3.513959 6.7919e-02    12.3420     4.5707 5.0773e-02          0     4.5707     0.0227     0.5674     0.0000     4.6204     0.0000     0.0058     0.0000     0.5661    34.3902    34.3892    26.9111    26.9105     0.2987      9.090      3.101 0.0000e+00
    754.709      18114    435.316 -114.65568   26.95929    432.000     7.2307     7.2313   3.513759   3.513766 6.7545e-02    12.3420     4.5706 5.0671e-02          0     4.5706     0.0225     0.5666     0.0000     4.6134     0.0000     0.0049     0.0000     0.5653    34.3927    34.3921    26.9141    26.9135     0.2947      8.970      3.059 0.0000e+00
    755.713      18138    436.325 -114.65568   26.95928    433.000     7.2393     7.2391   3.514844   3.514729 6.7762e-02    12.3421     4.5706 5.0718e-02          0     4.5706     0.0226     0.5657     0.0000     4.6201     0.0000     0.0053     0.0000     0.5644    34.3954    34.3944    26.9151    26.9143     0.2879      8.762      2.989 0.0000e+00
    756.699      18162    437.333 -114.65568   26.95928    434.000     7.2298     7.2293   3.513908   3.513764 6.7056e-02    12.3422     4.5705 5.0822e-02          0     4.5705     0.0224     0.5647     0.0000     4.6432     0.0000     0.0062     0.0000     0.5634    34.3942    34.3931    26.9154    26.9146     0.2865      8.718      2.973 0.0000e+00
    757.664      18185    438.342 -114.65568   26.95928    435.000     7.2276     7.2273   3.513781   3.513619 6.8002e-02    12.3420     4.5707 5.1012e-02          0     4.5707     0.0227     0.5643     0.0000     4.6441     0.0000     0.0078     0.0000     0.5630    34.3944    34.3930    26.9160    26.9148     0.2881      8.768      2.990 0.0000e+00
    758.647      18209    439.351 -114.65568   26.95929    436.000     7.2216     7.2207   3.513173   3.512987 6.8273e-02    12.3420     4.5707 5.2150e-02          0     4.5707     0.0228     0.5641     0.0000     4.6354     0.0000     0.0172     0.0000     0.5628    34.3933    34.3921    26.9159    26.9151     0.2913      8.864      3.022 0.0000e+00
    759.829      18237    440.360 -114.65568   26.95930    437.000     7.2151     7.2150   3.512627   3.512534 6.8405e-02    12.3420     4.5707 5.1767e-02          0     4.5707     0.0228     0.5640     0.0000     4.6366     0.0000     0.0139     0.0000     0.5627    34.3933    34.3924    26.9168    26.9161     0.2908      8.850      3.017 0.0000e+00
    761.449      18276    441.369 -114.65568   26.95930    438.000     7.2081     7.2078   3.512060   3.511953 6.7857e-02    12.3421     4.5706 5.2738e-02          0     4.5706     0.0226     0.5638     0.0000     4.6302     0.0000     0.0220     0.0000     0.5625    34.3936    34.3927    26.9180    26.9174     0.2853      8.681      2.959 0.0000e+00
    762.808      18308    442.377 -114.65568   26.95930    439.000     7.2047     7.2050   3.511908   3.511861 6.8755e-02    12.3420     4.5706 5.1057e-02          0     4.5706     0.0229     0.5630     0.0000     4.5831     0.0000     0.0081     0.0000     0.5617    34.3948    34.3940    26.9195    26.9188     0.2826      8.599      2.931 0.0000e+00
    763.700      18330    443.386 -114.65568   26.95930    440.000     7.2085     7.2093   3.512498   3.512513 6.6432e-02    12.3419     4.5708 5.0670e-02          0     4.5708     0.0222     0.5628     0.0000     4.5659     0.0000     0.0049     0.0000     0.5615    34.3970    34.3964    26.9207    26.9201     0.2786      8.479      2.890 0.0000e+00
    764.423      18347    444.394 -114.65568   26.95930    441.000     7.2087     7.2091   3.512760   3.512706 6.8102e-02    12.3422     4.5704 5.0671e-02          0     4.5704     0.0227     0.5619     0.0000     4.6030     0.0000     0.0049     0.0000     0.5605    34.3992    34.3982    26.9224    26.9216     0.2733      8.317      2.835 0.0000e+00
    765.089      18363    445.404 -114.65568   26.95930    442.000     7.2048     7.2047   3.512443   3.512337 6.9117e-02    12.3421     4.5705 5.1530e-02          0     4.5705     0.0230     0.5616     0.0000     4.6066     0.0000     0.0119     0.0000     0.5602    34.3991    34.3981    26.9229    26.9221     0.2779      8.456      2.882 0.0000e+00
    765.749      18379    446.412 -114.65568   26.95930    443.000     7.1709     7.1691   3.508866   3.508528 6.8305e-02    12.3422     4.5704 5.1101e-02          0     4.5704     0.0228     0.5617     0.0000     4.6235     0.0000     0.0085     0.0000     0.5603    34.3933    34.3914    26.9231    26.9218     0.2877      8.755      2.982 0.0000e+00
    766.475      18396    447.421 -114.65568   26.95930    444.000     7.1172     7.1164   3.503392   3.503191 6.8809e-02    12.3421     4.5705 5.0685e-02          0     4.5705     0.0229     0.5626     0.0000     4.6273     0.0000     0.0050     0.0000     0.5612    34.3863    34.3850    26.9250    26.9241     0.3004      9.142      3.109 0.0000e+00
    767.387      18418    448.430 -114.65568   26.95930    445.000     7.1052     7.1057   3.502229   3.502171 6.8580e-02    12.3417     4.5710 5.0671e-02          0     4.5710     0.0229     0.5638     0.0000     4.6271     0.0000     0.0049     0.0000     0.5625    34.3851    34.3839    26.9257    26.9247     0.3026      9.208      3.131 0.0000e+00
    768.658      18449    449.439 -114.65568   26.95930    446.000     7.1119     7.1116   3.503046   3.502928 6.7387e-02    12.3418     4.5709 5.0671e-02          0     4.5709     0.0225     0.5645     0.0000     4.6263     0.0000     0.0049     0.0000     0.5632    34.3869    34.3859    26.9262    26.9255     0.2938      8.941      3.041 0.0000e+00
    770.201      18486    450.447 -114.65568   26.95930    447.000     7.1571     7.1578   3.508209   3.508247 6.7769e-02    12.3420     4.5707 5.0671e-02          0     4.5707     0.0226     0.5630     0.0000     4.6253     0.0000     0.0049     0.0000     0.5617    34.3978    34.3976    26.9286    26.9283     0.2725      8.291      2.823 0.0000e+00
    771.600      18519    451.456 -114.65568   26.95930    448.000     7.1559     7.1556   3.508210   3.508075 6.8754e-02    12.3421     4.5705 5.0718e-02          0     4.5705     0.0229     0.5611     0.0000     4.6258     0.0000     0.0053     0.0000     0.5598    34.3985    34.3974    26.9293    26.9285     0.2668      8.119      2.764 0.0000e+00
    772.674      18545    452.465 -114.65568   26.95930    449.000     7.1410     7.1408   3.506726   3.506602 6.7741e-02    12.3422     4.5704 5.0670e-02          0     4.5704     0.0226     0.5604     0.0000     4.6157     0.0000     0.0049     0.0000     0.5591    34.3967    34.3956    26.9299    26.9291     0.2730      8.308      2.828 0.0000e+00
    773.551      18566    453.474 -114.65568   26.95930    450.000     7.1370     7.1369   3.506397   3.506301 6.6862e-02    12.3420     4.5707 5.0894e-02          0     4.5707     0.0223     0.5603     0.0000     4.6051     0.0000     0.0068     0.0000     0.5590    34.3966    34.3956    26.9305    26.9297     0.2710      8.246      2.807 0.0000e+00
    774.348      18585    454.483 -114.65568   26.95930    451.000     7.1294     7.1295   3.505740   3.505654 6.6547e-02    12.3418     4.5709 5.0720e-02          0     4.5709     0.0222     0.5598     0.0000     4.6092     0.0000     0.0053     0.0000     0.5585    34.3965    34.3954    26.9314    26.9306     0.2677      8.147      2.772 0.0000e+00
    775.161      18605    455.491 -114.65568   26.95930    452.000     7.1312     7.1315   3.506015   3.505959 6.6978e-02    12.3420     4.5707 5.1193e-02          0     4.5707     0.0223     0.5594     0.0000     4.6079     0.0000     0.0092     0.0000     0.5581    34.3973    34.3963    26.9318    26.9310     0.2663      8.103      2.757 0.0000e+00
    776.058      18626    456.500 -114.65568   26.95930    453.000     7.1411     7.1417   3.507377   3.507376 6.7264e-02    12.3420     4.5706 5.1267e-02          0     4.5706     0.0224     0.5589     0.0000     4.6147     0.0000     0.0098     0.0000     0.5576    34.4018    34.4011    26.9340    26.9334     0.2590      7.881      2.682 0.0000e+00
    777.088      18651    457.509 -114.65568   26.95930    454.000     7.1424     7.1426   3.507719   3.507636 6.7700e-02    12.3425     4.5702 5.1344e-02          0     4.5702     0.0226     0.5578     0.0000     4.6180     0.0000     0.0104     0.0000     0.5565    34.4037    34.4026    26.9354    26.9345     0.2532      7.705      2.623 0.0000e+00
    778.183      18677    458.518 -114.65568   26.95930    455.000     7.1363     7.1363   3.507327   3.507253 6.7963e-02    12.3422     4.5704 5.0951e-02          0     4.5704     0.0227     0.5566     0.0000     4.6128     0.0000     0.0072     0.0000     0.5553    34.4050    34.4042    26.9372    26.9366     0.2487      7.567      2.575 0.0000e+00
    779.265      18703    459.527 -114.65568   26.95930    456.000     7.1286     7.1284   3.506666   3.506566 6.8070e-02    12.3421     4.5705 5.0672e-02          0     4.5705     0.0227     0.5558     0.0000     4.6233     0.0000     0.0049     0.0000     0.5544    34.4050    34.4041    26.9383    26.9376     0.2477      7.538      2.565 0.0000e+00
    780.333      18729    460.536 -114.65568   26.95930    457.000     7.1214     7.1219   3.506042   3.505995 6.7185e-02    12.3422     4.5705 5.0711e-02          0     4.5705     0.0224     0.5551     0.0000     4.6251     0.0000     0.0052     0.0000     0.5538    34.4048    34.4038    26.9392    26.9383     0.2460      7.485      2.547 0.0000e+00
    781.413      18755    461.545 -114.65568   26.95928    458.000     7.1202     7.1195   3.505959   3.505808 6.7426e-02    12.3421     4.5706 5.0714e-02          0     4.5706     0.0225     0.5546     0.0000     4.6249     0.0000     0.0053     0.0000     0.5533    34.4047    34.4036    26.9392    26.9385     0.2460      7.486      2.547 0.0000e+00
    782.488      18781    462.553 -114.65568   26.95928    459.000     7.1144     7.1150   3.505422   3.505387 6.7399e-02    12.3423     4.5703 5.0734e-02          0     4.5703     0.0225     0.5544     0.0000     4.6087     0.0000     0.0054     0.0000     0.5531    34.4040    34.4030    26.9395    26.9387     0.2482      7.553      2.569 0.0000e+00
    783.521      18806    463.562 -114.65568   26.95928    460.000     7.1047     7.1047   3.504507   3.504403 6.8224e-02    12.3421     4.5706 5.0671e-02          0     4.5706     0.0228     0.5544     0.0000     4.6127     0.0000     0.0049     0.0000     0.5530    34.4032    34.4021    26.9402    26.9394     0.2516      7.657      2.604 0.0000e+00
    784.504      18829    464.571 -114.65568   26.95928    461.000     7.0851     7.0878   3.502596   3.502749 6.7843e-02    12.3421     4.5706 5.0992e-02          0     4.5706     0.0226     0.5548     0.0000     4.5907     0.0000     0.0076     0.0000     0.5534    34.4013    34.4002    26.9414    26.9403     0.2535      7.715      2.623 0.0000e+00
    785.464      18852    465.580 -114.65568   26.95928    462.000     7.0724     7.0728   3.501481   3.501417 6.8368e-02    12.3421     4.5706 5.0972e-02          0     4.5706     0.0228     0.5549     0.0000     4.5965     0.0000     0.0074     0.0000     0.5535    34.4012    34.4001    26.9432    26.9423     0.2515      7.653      2.601 0.0000e+00
